10000000
10000000
10000000
10000000
10000000
10000000
10000000
10000000
10000000
10000000
10000000
10000000
10000000
10000000
10000000
10000000
10000000
10000000
10000000
10000000
10000000
10000000
10000000
10000000
10000000
10000000
10000000
10000000
10000000
10000000
10000000
10000000
10000000
10000000
10000000
10000000
10000000
10000000
10000000
10000000
10000000
10000000
10000000
10000000
10000000
10000000
10000000
10000000
10000000
10000000
10000000
10000000
10000000
10000000
10000000
10000000
10000000
10000000
10000000
10000000
10000000
10000000
10000000
10000000
10000000
10000000
10000000
10000000
10000000
10000000
10000000
10000000
10000000
10000000
10000000
10000000
10000000
10000000
10000000
10000000
10000000
10000000
10000000
10000000
10000000
10000000
10000000
10000000
10000000
10000000
10000000
10000000
10000000
10000000
10000000
10000000
10000000
10000000
10000000
10000000
10000000
10000000
10000000
10000000
10000000
10000000
10000000
10000000
10000000
10000000
10000000
10000000
10000000
10000000
10000000
10000000
10000000
10000000
10000000
10000000
10000000
10000000
10000000
10000000
10000000
10000000
10000000
10000000
464
10000000
10000000
10000000
10000000
10000000
10000000
10000000
10000000
10000000
10000000
10000000
10000000
10000000
10000000
10000000
10000000
10000000
10000000
10000000
10000000
10000000
10000000
10000000
10000000
10000000
10000000
10000000
10000000
10000000
10000000
477
605
10000000
10000000
10000000
10000000
10000000
10000000
10000000
10000000
10000000
10000000
10000000
10000000
10000000
10000000
10000000
10000000
10000000
10000000
10000000
10000000
10000000
10000000
10000000
10000000
10000000
10000000
10000000
10000000
10000000
493
624
766
10000000
10000000
10000000
10000000
10000000
10000000
10000000
10000000
10000000
10000000
10000000
10000000
10000000
10000000
10000000
10000000
10000000
10000000
10000000
10000000
10000000
10000000
10000000
10000000
10000000
10000000
10000000
10000000
511
640
787
936
10000000
10000000
10000000
10000000
10000000
10000000
10000000
10000000
10000000
10000000
10000000
10000000
10000000
10000000
10000000
10000000
10000000
10000000
10000000
10000000
10000000
10000000
10000000
10000000
10000000
10000000
10000000
531
655
798
955
1128
10000000
10000000
10000000
10000000
10000000
10000000
10000000
10000000
10000000
10000000
10000000
10000000
10000000
10000000
10000000
10000000
10000000
10000000
10000000
10000000
10000000
10000000
10000000
10000000
10000000
10000000
550
680
820
979
1148
1335
10000000
10000000
10000000
10000000
10000000
10000000
10000000
10000000
10000000
10000000
10000000
10000000
10000000
10000000
10000000
10000000
10000000
10000000
10000000
10000000
10000000
10000000
10000000
10000000
10000000
569
696
840
996
1164
1350
1547
10000000
10000000
10000000
10000000
10000000
10000000
10000000
10000000
10000000
10000000
10000000
10000000
10000000
10000000
10000000
10000000
10000000
10000000
10000000
10000000
10000000
10000000
10000000
10000000
588
717
863
1029
1184
1373
1567
1779
10000000
10000000
10000000
10000000
10000000
10000000
10000000
10000000
10000000
10000000
10000000
10000000
10000000
10000000
10000000
10000000
10000000
10000000
10000000
10000000
10000000
10000000
10000000
615
747
888
1045
1214
1395
1597
1814
2020
10000000
10000000
10000000
10000000
10000000
10000000
10000000
10000000
10000000
10000000
10000000
10000000
10000000
10000000
10000000
10000000
10000000
10000000
10000000
10000000
10000000
10000000
636
764
909
1065
1236
1421
1617
1837
2041
2273
10000000
10000000
10000000
10000000
10000000
10000000
10000000
10000000
10000000
10000000
10000000
10000000
10000000
10000000
10000000
10000000
10000000
10000000
10000000
10000000
10000000
658
790
933
1090
1256
1448
1641
1847
2069
2306
2540
10000000
10000000
10000000
10000000
10000000
10000000
10000000
10000000
10000000
10000000
10000000
10000000
10000000
10000000
10000000
10000000
10000000
10000000
10000000
10000000
686
822
961
1144
1286
1468
1659
1875
2097
2322
2564
2822
10000000
10000000
10000000
10000000
10000000
10000000
10000000
10000000
10000000
10000000
10000000
10000000
10000000
10000000
10000000
10000000
10000000
10000000
10000000
701
835
977
1132
1306
1485
1684
1891
2111
2351
2596
2850
3111
10000000
10000000
10000000
10000000
10000000
10000000
10000000
10000000
10000000
10000000
10000000
10000000
10000000
10000000
10000000
10000000
10000000
10000000
728
865
1009
1159
1330
1516
1710
1920
2154
2376
2623
2884
3147
3419
10000000
10000000
10000000
10000000
10000000
10000000
10000000
10000000
10000000
10000000
10000000
10000000
10000000
10000000
10000000
10000000
10000000
753
883
1027
1182
1352
1541
1728
1946
2163
2397
2640
2897
3165
3450
3737
10000000
10000000
10000000
10000000
10000000
10000000
10000000
10000000
10000000
10000000
10000000
10000000
10000000
10000000
10000000
10000000
791
912
1059
1210
1379
1583
1760
1986
2202
2418
2665
2934
3192
3471
3770
4073
10000000
10000000
10000000
10000000
10000000
10000000
10000000
10000000
10000000
10000000
10000000
10000000
10000000
10000000
10000000
802
935
1072
1236
1401
1588
1787
1993
2221
2448
2680
2948
3217
3511
3796
4096
4418
10000000
10000000
10000000
10000000
10000000
10000000
10000000
10000000
10000000
10000000
10000000
10000000
10000000
10000000
829
960
1103
1257
1430
1613
1802
2014
2236
2471
2706
2981
3242
3521
3825
4142
4450
4801
10000000
10000000
10000000
10000000
10000000
10000000
10000000
10000000
10000000
10000000
10000000
10000000
10000000
859
997
1131
1292
1466
1641
1845
2057
2265
2497
2750
3004
3265
3551
3842
4161
4463
4808
5151
10000000
10000000
10000000
10000000
10000000
10000000
10000000
10000000
10000000
10000000
10000000
10000000
910
1028
1158
1316
1492
1673
1867
2083
2294
2538
2765
3037
3299
3574
3875
4192
4506
4849
5195
5561
10000000
10000000
10000000
10000000
10000000
10000000
10000000
10000000
10000000
10000000
10000000
916
1052
1192
1348
1517
1710
1898
2109
2328
2552
2811
3070
3336
3616
3907
4212
4530
4872
5217
5607
5938
10000000
10000000
10000000
10000000
10000000
10000000
10000000
10000000
10000000
10000000
956
1083
1223
1391
1553
1737
1934
2142
2358
2605
2831
3097
3366
3649
3940
4244
4561
4920
5251
5601
5979
6351
10000000
10000000
10000000
10000000
10000000
10000000
10000000
10000000
10000000
975
1102
1243
1406
1575
1803
1949
2159
2390
2616
2852
3124
3385
3685
3978
4276
4602
4938
5283
5633
6003
6380
6776
10000000
10000000
10000000
10000000
10000000
10000000
10000000
10000000
1020
1142
1305
1441
1624
1796
2001
2197
2423
2651
2887
3158
3416
3710
3998
4310
4623
4945
5299
5661
6056
6424
6799
7213
10000000
10000000
10000000
10000000
10000000
10000000
10000000
1042
1177
1317
1478
1643
1826
2023
2233
2445
2689
2922
3189
3460
3752
4050
4357
4660
4991
5331
5707
6065
6438
6844
7269
7707
10000000
10000000
10000000
10000000
10000000
10000000
1066
1201
1335
1508
1663
1848
2050
2260
2482
2706
2950
3208
3474
3760
4052
4368
4685
5045
5359
5705
6076
6465
6853
7272
7671
8100
10000000
10000000
10000000
10000000
10000000
1124
1242
1387
1546
1717
1896
2098
2304
2519
2763
2996
3266
3528
3805
4103
4415
4734
5064
5438
5786
6138
6529
6890
7317
7728
8152
8598
