10000000
10000000
10000000
10000000
10000000
10000000
10000000
10000000
10000000
10000000
10000000
10000000
10000000
10000000
10000000
10000000
10000000
10000000
10000000
10000000
10000000
10000000
10000000
10000000
10000000
10000000
10000000
10000000
10000000
10000000
10000000
10000000
10000000
10000000
10000000
10000000
10000000
10000000
10000000
10000000
10000000
10000000
10000000
10000000
10000000
10000000
10000000
10000000
10000000
10000000
10000000
10000000
10000000
10000000
10000000
10000000
10000000
10000000
10000000
10000000
10000000
10000000
10000000
10000000
10000000
10000000
10000000
10000000
10000000
10000000
10000000
10000000
10000000
10000000
10000000
10000000
10000000
10000000
10000000
10000000
10000000
10000000
10000000
10000000
10000000
10000000
10000000
10000000
10000000
10000000
10000000
10000000
10000000
10000000
10000000
10000000
10000000
10000000
10000000
10000000
10000000
10000000
10000000
10000000
10000000
10000000
10000000
10000000
10000000
10000000
10000000
10000000
10000000
10000000
10000000
10000000
10000000
10000000
10000000
10000000
10000000
10000000
10000000
10000000
10000000
10000000
10000000
10000000
521
10000000
10000000
10000000
10000000
10000000
10000000
10000000
10000000
10000000
10000000
10000000
10000000
10000000
10000000
10000000
10000000
10000000
10000000
10000000
10000000
10000000
10000000
10000000
10000000
10000000
10000000
10000000
10000000
10000000
10000000
510
648
10000000
10000000
10000000
10000000
10000000
10000000
10000000
10000000
10000000
10000000
10000000
10000000
10000000
10000000
10000000
10000000
10000000
10000000
10000000
10000000
10000000
10000000
10000000
10000000
10000000
10000000
10000000
10000000
10000000
526
681
825
10000000
10000000
10000000
10000000
10000000
10000000
10000000
10000000
10000000
10000000
10000000
10000000
10000000
10000000
10000000
10000000
10000000
10000000
10000000
10000000
10000000
10000000
10000000
10000000
10000000
10000000
10000000
10000000
548
689
860
1021
10000000
10000000
10000000
10000000
10000000
10000000
10000000
10000000
10000000
10000000
10000000
10000000
10000000
10000000
10000000
10000000
10000000
10000000
10000000
10000000
10000000
10000000
10000000
10000000
10000000
10000000
10000000
572
717
866
1043
1231
10000000
10000000
10000000
10000000
10000000
10000000
10000000
10000000
10000000
10000000
10000000
10000000
10000000
10000000
10000000
10000000
10000000
10000000
10000000
10000000
10000000
10000000
10000000
10000000
10000000
10000000
595
755
894
1068
1253
1462
10000000
10000000
10000000
10000000
10000000
10000000
10000000
10000000
10000000
10000000
10000000
10000000
10000000
10000000
10000000
10000000
10000000
10000000
10000000
10000000
10000000
10000000
10000000
10000000
10000000
625
761
924
1092
1282
1491
1711
10000000
10000000
10000000
10000000
10000000
10000000
10000000
10000000
10000000
10000000
10000000
10000000
10000000
10000000
10000000
10000000
10000000
10000000
10000000
10000000
10000000
10000000
10000000
10000000
647
787
946
1120
1310
1512
1731
1964
10000000
10000000
10000000
10000000
10000000
10000000
10000000
10000000
10000000
10000000
10000000
10000000
10000000
10000000
10000000
10000000
10000000
10000000
10000000
10000000
10000000
10000000
10000000
678
821
975
1153
1332
1537
1758
1985
2239
10000000
10000000
10000000
10000000
10000000
10000000
10000000
10000000
10000000
10000000
10000000
10000000
10000000
10000000
10000000
10000000
10000000
10000000
10000000
10000000
10000000
10000000
706
850
1025
1183
1369
1586
1786
2021
2266
2534
10000000
10000000
10000000
10000000
10000000
10000000
10000000
10000000
10000000
10000000
10000000
10000000
10000000
10000000
10000000
10000000
10000000
10000000
10000000
10000000
10000000
731
877
1029
1206
1387
1603
1811
2048
2294
2559
2823
10000000
10000000
10000000
10000000
10000000
10000000
10000000
10000000
10000000
10000000
10000000
10000000
10000000
10000000
10000000
10000000
10000000
10000000
10000000
10000000
766
900
1055
1230
1423
1627
1840
2090
2321
2594
2851
3138
10000000
10000000
10000000
10000000
10000000
10000000
10000000
10000000
10000000
10000000
10000000
10000000
10000000
10000000
10000000
10000000
10000000
10000000
10000000
795
931
1084
1273
1443
1655
1867
2106
2352
2614
2885
3178
3476
10000000
10000000
10000000
10000000
10000000
10000000
10000000
10000000
10000000
10000000
10000000
10000000
10000000
10000000
10000000
10000000
10000000
10000000
820
958
1127
1294
1476
1696
1901
2136
2386
2643
2915
3208
3497
3828
10000000
10000000
10000000
10000000
10000000
10000000
10000000
10000000
10000000
10000000
10000000
10000000
10000000
10000000
10000000
10000000
10000000
856
1016
1151
1330
1521
1721
1933
2168
2413
2690
2953
3242
3546
3862
4189
10000000
10000000
10000000
10000000
10000000
10000000
10000000
10000000
10000000
10000000
10000000
10000000
10000000
10000000
10000000
10000000
882
1033
1191
1356
1548
1749
1959
2193
2452
2705
3004
3280
3567
3884
4218
4573
10000000
10000000
10000000
10000000
10000000
10000000
10000000
10000000
10000000
10000000
10000000
10000000
10000000
10000000
10000000
916
1058
1212
1384
1581
1782
1999
2230
2474
2738
3016
3295
3595
3936
4275
4625
4977
10000000
10000000
10000000
10000000
10000000
10000000
10000000
10000000
10000000
10000000
10000000
10000000
10000000
10000000
961
1091
1254
1425
1618
1817
2035
2274
2508
2783
3052
3328
3636
3949
4287
4642
4998
5399
10000000
10000000
10000000
10000000
10000000
10000000
10000000
10000000
10000000
10000000
10000000
10000000
10000000
1002
1144
1288
1462
1650
1861
2080
2312
2554
2811
3087
3377
3674
4000
4336
4684
5041
5426
5811
10000000
10000000
10000000
10000000
10000000
10000000
10000000
10000000
10000000
10000000
10000000
10000000
1023
1163
1322
1488
1684
1896
2095
2326
2579
2847
3110
3406
3717
4023
4359
4697
5065
5471
5837
6248
10000000
10000000
10000000
10000000
10000000
10000000
10000000
10000000
10000000
10000000
10000000
1056
1200
1357
1537
1721
1926
2134
2368
2614
2871
3149
3436
3739
4056
4402
4771
5101
5487
5885
6290
6705
10000000
10000000
10000000
10000000
10000000
10000000
10000000
10000000
10000000
10000000
1087
1235
1391
1561
1748
1954
2170
2405
2646
2913
3198
3484
3784
4089
4428
4772
5139
5512
5911
6319
6722
7156
10000000
10000000
10000000
10000000
10000000
10000000
10000000
10000000
10000000
1131
1278
1425
1606
1799
2001
2207
2472
2690
2965
3222
3521
3827
4138
4472
4828
5189
5578
5976
6380
6777
7222
7672
10000000
10000000
10000000
10000000
10000000
10000000
10000000
10000000
1180
1317
1477
1636
1826
2046
2252
2497
2735
3020
3272
3556
3860
4171
4527
4861
5208
5597
5996
6389
6807
7251
7712
8141
10000000
10000000
10000000
10000000
10000000
10000000
10000000
1211
1356
1506
1695
1873
2087
2312
2527
2774
3045
3310
3599
3901
4237
4567
4915
5270
5648
6038
6445
6863
7292
7738
8224
8676
10000000
10000000
10000000
10000000
10000000
10000000
1276
1411
1567
1758
1938
2144
2368
2595
2840
3099
3370
3652
3953
4269
4623
4967
5315
5693
6083
6477
6902
7334
7777
8237
8742
9197
10000000
10000000
10000000
10000000
10000000
1310
1455
1609
1788
1969
2177
2400
2631
2893
3140
3406
3701
4001
4340
4673
4994
5368
5744
6123
6541
6967
7383
7835
8355
8757
9259
9765
