10000000
10000000
10000000
10000000
10000000
10000000
10000000
10000000
10000000
10000000
10000000
10000000
10000000
10000000
10000000
10000000
10000000
10000000
10000000
10000000
10000000
10000000
10000000
10000000
10000000
10000000
10000000
10000000
10000000
10000000
10000000
10000000
10000000
10000000
10000000
10000000
10000000
10000000
10000000
10000000
10000000
10000000
10000000
10000000
10000000
10000000
10000000
10000000
10000000
10000000
10000000
10000000
10000000
10000000
10000000
10000000
10000000
10000000
10000000
10000000
10000000
10000000
10000000
10000000
10000000
10000000
10000000
10000000
10000000
10000000
10000000
10000000
10000000
10000000
10000000
10000000
10000000
10000000
10000000
10000000
10000000
10000000
10000000
10000000
10000000
10000000
10000000
10000000
10000000
10000000
10000000
10000000
10000000
10000000
10000000
10000000
10000000
10000000
10000000
10000000
10000000
10000000
10000000
10000000
10000000
10000000
10000000
10000000
10000000
10000000
10000000
10000000
10000000
10000000
10000000
10000000
10000000
10000000
10000000
10000000
10000000
10000000
10000000
10000000
10000000
10000000
10000000
10000000
553
10000000
10000000
10000000
10000000
10000000
10000000
10000000
10000000
10000000
10000000
10000000
10000000
10000000
10000000
10000000
10000000
10000000
10000000
10000000
10000000
10000000
10000000
10000000
10000000
10000000
10000000
10000000
10000000
10000000
10000000
568
730
10000000
10000000
10000000
10000000
10000000
10000000
10000000
10000000
10000000
10000000
10000000
10000000
10000000
10000000
10000000
10000000
10000000
10000000
10000000
10000000
10000000
10000000
10000000
10000000
10000000
10000000
10000000
10000000
10000000
588
751
925
10000000
10000000
10000000
10000000
10000000
10000000
10000000
10000000
10000000
10000000
10000000
10000000
10000000
10000000
10000000
10000000
10000000
10000000
10000000
10000000
10000000
10000000
10000000
10000000
10000000
10000000
10000000
10000000
611
768
954
1142
10000000
10000000
10000000
10000000
10000000
10000000
10000000
10000000
10000000
10000000
10000000
10000000
10000000
10000000
10000000
10000000
10000000
10000000
10000000
10000000
10000000
10000000
10000000
10000000
10000000
10000000
10000000
630
792
970
1167
1385
10000000
10000000
10000000
10000000
10000000
10000000
10000000
10000000
10000000
10000000
10000000
10000000
10000000
10000000
10000000
10000000
10000000
10000000
10000000
10000000
10000000
10000000
10000000
10000000
10000000
10000000
655
819
998
1192
1407
1646
10000000
10000000
10000000
10000000
10000000
10000000
10000000
10000000
10000000
10000000
10000000
10000000
10000000
10000000
10000000
10000000
10000000
10000000
10000000
10000000
10000000
10000000
10000000
10000000
10000000
681
844
1022
1233
1437
1671
1921
10000000
10000000
10000000
10000000
10000000
10000000
10000000
10000000
10000000
10000000
10000000
10000000
10000000
10000000
10000000
10000000
10000000
10000000
10000000
10000000
10000000
10000000
10000000
10000000
706
873
1044
1249
1462
1695
1942
2206
10000000
10000000
10000000
10000000
10000000
10000000
10000000
10000000
10000000
10000000
10000000
10000000
10000000
10000000
10000000
10000000
10000000
10000000
10000000
10000000
10000000
10000000
10000000
740
903
1081
1274
1491
1731
1979
2247
2522
10000000
10000000
10000000
10000000
10000000
10000000
10000000
10000000
10000000
10000000
10000000
10000000
10000000
10000000
10000000
10000000
10000000
10000000
10000000
10000000
10000000
10000000
771
929
1105
1303
1523
1752
2006
2271
2548
2858
10000000
10000000
10000000
10000000
10000000
10000000
10000000
10000000
10000000
10000000
10000000
10000000
10000000
10000000
10000000
10000000
10000000
10000000
10000000
10000000
10000000
798
974
1137
1334
1563
1778
2036
2307
2570
2878
3184
10000000
10000000
10000000
10000000
10000000
10000000
10000000
10000000
10000000
10000000
10000000
10000000
10000000
10000000
10000000
10000000
10000000
10000000
10000000
10000000
824
986
1170
1358
1578
1814
2062
2325
2613
2908
3220
3552
10000000
10000000
10000000
10000000
10000000
10000000
10000000
10000000
10000000
10000000
10000000
10000000
10000000
10000000
10000000
10000000
10000000
10000000
10000000
852
1014
1194
1393
1607
1845
2089
2373
2634
2946
3247
3584
3928
10000000
10000000
10000000
10000000
10000000
10000000
10000000
10000000
10000000
10000000
10000000
10000000
10000000
10000000
10000000
10000000
10000000
10000000
892
1047
1233
1422
1641
1873
2119
2390
2670
2970
3277
3638
3965
4313
10000000
10000000
10000000
10000000
10000000
10000000
10000000
10000000
10000000
10000000
10000000
10000000
10000000
10000000
10000000
10000000
10000000
920
1081
1260
1462
1671
1920
2154
2413
2707
3001
3309
3655
3990
4350
4732
10000000
10000000
10000000
10000000
10000000
10000000
10000000
10000000
10000000
10000000
10000000
10000000
10000000
10000000
10000000
10000000
957
1113
1295
1493
1710
1939
2187
2450
2740
3040
3349
3684
4027
4388
4769
5167
10000000
10000000
10000000
10000000
10000000
10000000
10000000
10000000
10000000
10000000
10000000
10000000
10000000
10000000
10000000
988
1141
1322
1519
1728
1967
2227
2480
2769
3062
3374
3700
4051
4428
4812
5204
5603
10000000
10000000
10000000
10000000
10000000
10000000
10000000
10000000
10000000
10000000
10000000
10000000
10000000
10000000
1025
1181
1349
1548
1768
2000
2253
2513
2787
3098
3410
3745
4083
4444
4847
5254
5647
6092
10000000
10000000
10000000
10000000
10000000
10000000
10000000
10000000
10000000
10000000
10000000
10000000
10000000
1052
1215
1393
1602
1803
2031
2293
2546
2841
3138
3444
3774
4136
4496
4898
5277
5686
6117
6552
10000000
10000000
10000000
10000000
10000000
10000000
10000000
10000000
10000000
10000000
10000000
10000000
1090
1255
1434
1628
1842
2073
2318
2587
2864
3167
3474
3829
4175
4514
4897
5297
5711
6140
6577
7065
10000000
10000000
10000000
10000000
10000000
10000000
10000000
10000000
10000000
10000000
10000000
1132
1305
1471
1661
1877
2114
2389
2645
2909
3216
3526
3858
4199
4564
4955
5346
5752
6182
6626
7113
7588
10000000
10000000
10000000
10000000
10000000
10000000
10000000
10000000
10000000
10000000
1179
1340
1511
1712
1927
2158
2405
2670
2948
3267
3565
3894
4240
4595
4985
5401
5805
6227
6690
7145
7628
8095
10000000
10000000
10000000
10000000
10000000
10000000
10000000
10000000
10000000
1197
1375
1538
1740
1951
2208
2456
2712
2986
3288
3596
3928
4281
4636
5013
5423
5838
6269
6705
7194
7659
8144
8667
10000000
10000000
10000000
10000000
10000000
10000000
10000000
10000000
1261
1418
1587
1790
2006
2247
2488
2753
3032
3338
3649
3994
4321
4692
5075
5473
5873
6305
6753
7232
7719
8222
8690
9250
10000000
10000000
10000000
10000000
10000000
10000000
10000000
1297
1444
1626
1832
2042
2284
2525
2793
3079
3379
3683
4033
4372
4733
5105
5500
5915
6346
6798
7267
7738
8275
8749
9278
9838
10000000
10000000
10000000
10000000
10000000
10000000
1325
1484
1660
1858
2083
2316
2552
2838
3124
3431
3721
4055
4412
4761
5135
5554
5951
6394
6834
7300
7859
8277
8779
9329
9866
10429
10000000
10000000
10000000
10000000
10000000
1393
1551
1760
1943
2147
2389
2625
2892
3171
3478
3787
4117
4461
4829
5208
5618
6031
6490
6900
7384
7848
8395
8878
9403
9969
10542
11066
