10000000
10000000
10000000
10000000
10000000
10000000
10000000
10000000
10000000
10000000
10000000
10000000
10000000
10000000
10000000
10000000
10000000
10000000
10000000
10000000
10000000
10000000
10000000
10000000
10000000
10000000
10000000
10000000
10000000
10000000
10000000
10000000
10000000
10000000
10000000
10000000
10000000
10000000
10000000
10000000
10000000
10000000
10000000
10000000
10000000
10000000
10000000
10000000
10000000
10000000
10000000
10000000
10000000
10000000
10000000
10000000
10000000
10000000
10000000
10000000
10000000
10000000
10000000
10000000
10000000
10000000
10000000
10000000
10000000
10000000
10000000
10000000
10000000
10000000
10000000
10000000
10000000
10000000
10000000
10000000
10000000
10000000
10000000
10000000
10000000
10000000
10000000
10000000
10000000
10000000
10000000
10000000
10000000
10000000
10000000
10000000
10000000
10000000
10000000
10000000
10000000
10000000
10000000
10000000
10000000
10000000
10000000
10000000
10000000
10000000
10000000
10000000
10000000
10000000
10000000
10000000
10000000
10000000
10000000
10000000
10000000
10000000
10000000
10000000
10000000
10000000
10000000
10000000
10000000
10000000
10000000
10000000
10000000
10000000
10000000
10000000
10000000
10000000
10000000
10000000
10000000
10000000
10000000
10000000
10000000
10000000
10000000
10000000
10000000
10000000
10000000
10000000
10000000
10000000
10000000
10000000
10000000
10000000
10000000
10000000
716
10000000
10000000
10000000
10000000
10000000
10000000
10000000
10000000
10000000
10000000
10000000
10000000
10000000
10000000
10000000
10000000
10000000
10000000
10000000
10000000
10000000
10000000
10000000
10000000
10000000
10000000
10000000
10000000
10000000
10000000
734
917
10000000
10000000
10000000
10000000
10000000
10000000
10000000
10000000
10000000
10000000
10000000
10000000
10000000
10000000
10000000
10000000
10000000
10000000
10000000
10000000
10000000
10000000
10000000
10000000
10000000
10000000
10000000
10000000
10000000
757
940
1136
10000000
10000000
10000000
10000000
10000000
10000000
10000000
10000000
10000000
10000000
10000000
10000000
10000000
10000000
10000000
10000000
10000000
10000000
10000000
10000000
10000000
10000000
10000000
10000000
10000000
10000000
10000000
10000000
782
965
1162
1379
10000000
10000000
10000000
10000000
10000000
10000000
10000000
10000000
10000000
10000000
10000000
10000000
10000000
10000000
10000000
10000000
10000000
10000000
10000000
10000000
10000000
10000000
10000000
10000000
10000000
10000000
10000000
810
992
1188
1409
1646
10000000
10000000
10000000
10000000
10000000
10000000
10000000
10000000
10000000
10000000
10000000
10000000
10000000
10000000
10000000
10000000
10000000
10000000
10000000
10000000
10000000
10000000
10000000
10000000
10000000
10000000
838
1015
1213
1429
1671
1920
10000000
10000000
10000000
10000000
10000000
10000000
10000000
10000000
10000000
10000000
10000000
10000000
10000000
10000000
10000000
10000000
10000000
10000000
10000000
10000000
10000000
10000000
10000000
10000000
10000000
870
1049
1251
1472
1697
1961
2215
10000000
10000000
10000000
10000000
10000000
10000000
10000000
10000000
10000000
10000000
10000000
10000000
10000000
10000000
10000000
10000000
10000000
10000000
10000000
10000000
10000000
10000000
10000000
10000000
893
1074
1274
1487
1734
1976
2251
2528
10000000
10000000
10000000
10000000
10000000
10000000
10000000
10000000
10000000
10000000
10000000
10000000
10000000
10000000
10000000
10000000
10000000
10000000
10000000
10000000
10000000
10000000
10000000
922
1102
1299
1521
1764
2014
2282
2556
2862
10000000
10000000
10000000
10000000
10000000
10000000
10000000
10000000
10000000
10000000
10000000
10000000
10000000
10000000
10000000
10000000
10000000
10000000
10000000
10000000
10000000
10000000
953
1146
1329
1550
1791
2034
2312
2587
2890
3225
10000000
10000000
10000000
10000000
10000000
10000000
10000000
10000000
10000000
10000000
10000000
10000000
10000000
10000000
10000000
10000000
10000000
10000000
10000000
10000000
10000000
982
1160
1355
1580
1821
2071
2332
2623
2923
3241
3556
10000000
10000000
10000000
10000000
10000000
10000000
10000000
10000000
10000000
10000000
10000000
10000000
10000000
10000000
10000000
10000000
10000000
10000000
10000000
10000000
1014
1198
1390
1605
1859
2099
2365
2657
2953
3262
3597
3943
10000000
10000000
10000000
10000000
10000000
10000000
10000000
10000000
10000000
10000000
10000000
10000000
10000000
10000000
10000000
10000000
10000000
10000000
10000000
1051
1232
1435
1641
1878
2127
2406
2681
2994
3306
3622
3973
4344
10000000
10000000
10000000
10000000
10000000
10000000
10000000
10000000
10000000
10000000
10000000
10000000
10000000
10000000
10000000
10000000
10000000
10000000
1083
1266
1465
1679
1917
2171
2435
2722
3025
3342
3678
4032
4384
4763
10000000
10000000
10000000
10000000
10000000
10000000
10000000
10000000
10000000
10000000
10000000
10000000
10000000
10000000
10000000
10000000
10000000
1115
1304
1490
1710
1953
2196
2471
2756
3050
3363
3702
4050
4421
4799
5212
10000000
10000000
10000000
10000000
10000000
10000000
10000000
10000000
10000000
10000000
10000000
10000000
10000000
10000000
10000000
10000000
1150
1325
1534
1747
1989
2238
2512
2786
3085
3398
3736
4094
4443
4833
5223
5639
10000000
10000000
10000000
10000000
10000000
10000000
10000000
10000000
10000000
10000000
10000000
10000000
10000000
10000000
10000000
1198
1370
1590
1795
2040
2268
2552
2822
3141
3437
3772
4120
4481
4871
5261
5673
6106
10000000
10000000
10000000
10000000
10000000
10000000
10000000
10000000
10000000
10000000
10000000
10000000
10000000
10000000
1233
1448
1610
1825
2063
2313
2595
2871
3172
3490
3814
4153
4526
4918
5306
5727
6159
6633
10000000
10000000
10000000
10000000
10000000
10000000
10000000
10000000
10000000
10000000
10000000
10000000
10000000
1263
1449
1648
1856
2096
2341
2620
2898
3207
3517
3845
4196
4565
4965
5343
5778
6201
6650
7111
10000000
10000000
10000000
10000000
10000000
10000000
10000000
10000000
10000000
10000000
10000000
10000000
1303
1496
1674
1898
2142
2386
2661
2943
3241
3555
3893
4229
4603
5007
5384
5803
6244
6681
7145
7636
10000000
10000000
10000000
10000000
10000000
10000000
10000000
10000000
10000000
10000000
10000000
1339
1521
1716
1935
2192
2433
2696
2972
3282
3586
3926
4279
4648
5029
5421
5848
6273
6733
7216
7681
8160
10000000
10000000
10000000
10000000
10000000
10000000
10000000
10000000
10000000
10000000
1382
1564
1759
1967
2235
2468
2735
3023
3329
3629
3968
4317
4689
5065
5464
5877
6315
6767
7233
7720
8198
8743
10000000
10000000
10000000
10000000
10000000
10000000
10000000
10000000
10000000
1447
1611
1824
2025
2273
2512
2791
3068
3371
3682
4021
4353
4720
5118
5529
5944
6363
6811
7277
7764
8249
8752
9293
10000000
10000000
10000000
10000000
10000000
10000000
10000000
10000000
1474
1651
1858
2080
2311
2552
2831
3121
3425
3723
4068
4422
4770
5160
5559
6017
6422
6874
7329
7797
8309
8808
9336
9915
10000000
10000000
10000000
10000000
10000000
10000000
10000000
1540
1718
1915
2133
2385
2614
2889
3167
3465
3786
4114
4467
4829
5221
5617
6030
6469
6920
7364
7868
8350
8858
9424
9935
10480
10000000
10000000
10000000
10000000
10000000
10000000
1581
1757
1967
2187
2412
2673
2932
3210
3533
3867
4184
4517
4875
5263
5661
6084
6511
6954
7439
7914
8418
8914
9429
9988
11298
11499
