10000000
10000000
10000000
10000000
10000000
10000000
10000000
10000000
10000000
10000000
10000000
10000000
10000000
10000000
10000000
10000000
10000000
10000000
10000000
10000000
10000000
10000000
10000000
10000000
10000000
10000000
10000000
10000000
10000000
10000000
10000000
10000000
10000000
10000000
10000000
10000000
10000000
10000000
10000000
10000000
10000000
10000000
10000000
10000000
10000000
10000000
10000000
10000000
10000000
10000000
10000000
10000000
10000000
10000000
10000000
10000000
10000000
10000000
10000000
10000000
10000000
10000000
10000000
10000000
10000000
10000000
10000000
10000000
10000000
10000000
10000000
10000000
10000000
10000000
10000000
10000000
10000000
10000000
10000000
10000000
10000000
10000000
10000000
10000000
10000000
10000000
10000000
10000000
10000000
10000000
10000000
10000000
10000000
10000000
10000000
10000000
10000000
10000000
10000000
10000000
10000000
10000000
10000000
10000000
10000000
10000000
10000000
10000000
10000000
10000000
10000000
10000000
10000000
10000000
10000000
10000000
10000000
10000000
10000000
10000000
10000000
10000000
10000000
10000000
10000000
10000000
10000000
10000000
10000000
10000000
10000000
10000000
10000000
10000000
10000000
10000000
10000000
10000000
10000000
10000000
10000000
10000000
10000000
10000000
10000000
10000000
10000000
10000000
10000000
10000000
10000000
10000000
10000000
10000000
10000000
10000000
10000000
10000000
10000000
10000000
746
10000000
10000000
10000000
10000000
10000000
10000000
10000000
10000000
10000000
10000000
10000000
10000000
10000000
10000000
10000000
10000000
10000000
10000000
10000000
10000000
10000000
10000000
10000000
10000000
10000000
10000000
10000000
10000000
10000000
10000000
761
939
10000000
10000000
10000000
10000000
10000000
10000000
10000000
10000000
10000000
10000000
10000000
10000000
10000000
10000000
10000000
10000000
10000000
10000000
10000000
10000000
10000000
10000000
10000000
10000000
10000000
10000000
10000000
10000000
10000000
781
947
1190
10000000
10000000
10000000
10000000
10000000
10000000
10000000
10000000
10000000
10000000
10000000
10000000
10000000
10000000
10000000
10000000
10000000
10000000
10000000
10000000
10000000
10000000
10000000
10000000
10000000
10000000
10000000
10000000
803
985
1180
1402
10000000
10000000
10000000
10000000
10000000
10000000
10000000
10000000
10000000
10000000
10000000
10000000
10000000
10000000
10000000
10000000
10000000
10000000
10000000
10000000
10000000
10000000
10000000
10000000
10000000
10000000
10000000
833
1012
1215
1432
1680
10000000
10000000
10000000
10000000
10000000
10000000
10000000
10000000
10000000
10000000
10000000
10000000
10000000
10000000
10000000
10000000
10000000
10000000
10000000
10000000
10000000
10000000
10000000
10000000
10000000
10000000
853
1046
1253
1473
1682
1944
10000000
10000000
10000000
10000000
10000000
10000000
10000000
10000000
10000000
10000000
10000000
10000000
10000000
10000000
10000000
10000000
10000000
10000000
10000000
10000000
10000000
10000000
10000000
10000000
10000000
870
1062
1266
1484
1722
1951
2225
10000000
10000000
10000000
10000000
10000000
10000000
10000000
10000000
10000000
10000000
10000000
10000000
10000000
10000000
10000000
10000000
10000000
10000000
10000000
10000000
10000000
10000000
10000000
10000000
900
1083
1280
1505
1734
1995
2257
2546
10000000
10000000
10000000
10000000
10000000
10000000
10000000
10000000
10000000
10000000
10000000
10000000
10000000
10000000
10000000
10000000
10000000
10000000
10000000
10000000
10000000
10000000
10000000
940
1116
1326
1534
1771
2059
2286
2579
2879
10000000
10000000
10000000
10000000
10000000
10000000
10000000
10000000
10000000
10000000
10000000
10000000
10000000
10000000
10000000
10000000
10000000
10000000
10000000
10000000
10000000
10000000
956
1139
1338
1560
1797
2054
2319
2600
2919
3219
10000000
10000000
10000000
10000000
10000000
10000000
10000000
10000000
10000000
10000000
10000000
10000000
10000000
10000000
10000000
10000000
10000000
10000000
10000000
10000000
10000000
1020
1203
1376
1588
1827
2090
2345
2639
2954
3261
3768
10000000
10000000
10000000
10000000
10000000
10000000
10000000
10000000
10000000
10000000
10000000
10000000
10000000
10000000
10000000
10000000
10000000
10000000
10000000
10000000
1039
1234
1407
1633
1868
2110
2480
2671
2975
3325
3635
4189
10000000
10000000
10000000
10000000
10000000
10000000
10000000
10000000
10000000
10000000
10000000
10000000
10000000
10000000
10000000
10000000
10000000
10000000
10000000
1086
1274
1454
1677
1910
2176
2426
2699
3016
3310
3672
4048
4559
10000000
10000000
10000000
10000000
10000000
10000000
10000000
10000000
10000000
10000000
10000000
10000000
10000000
10000000
10000000
10000000
10000000
10000000
1164
1311
1481
1716
1925
2180
2464
2740
3047
3359
3706
4045
4438
5033
10000000
10000000
10000000
10000000
10000000
10000000
10000000
10000000
10000000
10000000
10000000
10000000
10000000
10000000
10000000
10000000
10000000
1162
1337
1532
1850
1986
2224
2488
2774
3124
3386
3747
4133
4461
4833
5489
10000000
10000000
10000000
10000000
10000000
10000000
10000000
10000000
10000000
10000000
10000000
10000000
10000000
10000000
10000000
10000000
1205
1383
1598
1800
2060
2290
2531
2843
3122
3425
3777
4136
4516
4878
5274
5948
10000000
10000000
10000000
10000000
10000000
10000000
10000000
10000000
10000000
10000000
10000000
10000000
10000000
10000000
10000000
1229
1417
1614
1819
2065
2320
2560
2848
3199
3477
3810
4162
4526
4940
5317
5732
6426
10000000
10000000
10000000
10000000
10000000
10000000
10000000
10000000
10000000
10000000
10000000
10000000
10000000
10000000
1332
1471
1659
1891
2105
2332
2615
2922
3219
3518
3892
4210
4573
5027
5365
5788
6218
6968
10000000
10000000
10000000
10000000
10000000
10000000
10000000
10000000
10000000
10000000
10000000
10000000
10000000
1315
1572
1669
1897
2136
2379
2658
2944
3249
3555
3888
4251
4628
5007
5406
5809
6255
6751
7455
10000000
10000000
10000000
10000000
10000000
10000000
10000000
10000000
10000000
10000000
10000000
10000000
1340
1564
1738
1935
2172
2432
2699
2981
3302
3593
3939
4294
4673
5086
5465
5861
6316
6746
7209
8027
10000000
10000000
10000000
10000000
10000000
10000000
10000000
10000000
10000000
10000000
10000000
1414
1608
1805
2001
2255
2478
2751
3031
3337
3639
3981
4337
4735
5074
5477
6000
6328
6785
7272
7728
8509
10000000
10000000
10000000
10000000
10000000
10000000
10000000
10000000
10000000
10000000
1440
1631
1832
2018
2294
2503
2818
3052
3371
3673
4015
4401
4735
5117
5513
5944
6375
6820
7282
7778
8270
9146
10000000
10000000
10000000
10000000
10000000
10000000
10000000
10000000
10000000
1471
1660
1891
2065
2310
2549
2830
3112
3410
3732
4076
4419
4792
5194
5581
5989
6412
6876
7332
7813
8335
8837
9844
10000000
10000000
10000000
10000000
10000000
10000000
10000000
10000000
1570
1717
1932
2152
2402
2601
2872
3159
3457
3772
4111
4462
4832
5250
5705
6028
6462
7039
7386
7868
8356
8915
9399
10456
10000000
10000000
10000000
10000000
10000000
10000000
10000000
1637
1783
2008
2204
2390
2649
2923
3194
3514
3852
4153
4508
4881
5259
5663
6078
6500
6961
7445
7918
8438
8914
9443
9995
11090
10000000
10000000
10000000
10000000
10000000
10000000
1730
1800
2015
2265
2485
2707
2965
3262
3556
3880
4207
4561
4937
5325
5711
6130
6603
7013
7494
7966
8458
8978
9503
10085
10620
11600
