10000000
10000000
10000000
10000000
10000000
10000000
10000000
10000000
10000000
10000000
10000000
10000000
10000000
10000000
10000000
10000000
10000000
10000000
10000000
10000000
10000000
10000000
10000000
10000000
10000000
10000000
10000000
10000000
10000000
10000000
10000000
10000000
10000000
10000000
10000000
10000000
10000000
10000000
10000000
10000000
10000000
10000000
10000000
10000000
10000000
10000000
10000000
10000000
10000000
10000000
10000000
10000000
10000000
10000000
10000000
10000000
10000000
10000000
10000000
10000000
10000000
10000000
10000000
10000000
10000000
10000000
10000000
10000000
10000000
10000000
10000000
10000000
10000000
10000000
10000000
10000000
10000000
10000000
10000000
10000000
10000000
10000000
10000000
10000000
10000000
10000000
10000000
10000000
10000000
10000000
10000000
10000000
10000000
10000000
10000000
10000000
10000000
10000000
10000000
10000000
10000000
10000000
10000000
10000000
10000000
10000000
10000000
10000000
10000000
10000000
10000000
10000000
10000000
10000000
10000000
10000000
10000000
10000000
10000000
10000000
10000000
10000000
10000000
10000000
10000000
10000000
10000000
10000000
10000000
10000000
10000000
10000000
10000000
10000000
10000000
10000000
10000000
10000000
10000000
10000000
10000000
10000000
10000000
10000000
10000000
10000000
10000000
10000000
10000000
10000000
10000000
10000000
10000000
10000000
10000000
10000000
10000000
10000000
10000000
10000000
789
10000000
10000000
10000000
10000000
10000000
10000000
10000000
10000000
10000000
10000000
10000000
10000000
10000000
10000000
10000000
10000000
10000000
10000000
10000000
10000000
10000000
10000000
10000000
10000000
10000000
10000000
10000000
10000000
10000000
10000000
810
1017
10000000
10000000
10000000
10000000
10000000
10000000
10000000
10000000
10000000
10000000
10000000
10000000
10000000
10000000
10000000
10000000
10000000
10000000
10000000
10000000
10000000
10000000
10000000
10000000
10000000
10000000
10000000
10000000
10000000
836
1043
1262
10000000
10000000
10000000
10000000
10000000
10000000
10000000
10000000
10000000
10000000
10000000
10000000
10000000
10000000
10000000
10000000
10000000
10000000
10000000
10000000
10000000
10000000
10000000
10000000
10000000
10000000
10000000
10000000
858
1066
1299
1529
10000000
10000000
10000000
10000000
10000000
10000000
10000000
10000000
10000000
10000000
10000000
10000000
10000000
10000000
10000000
10000000
10000000
10000000
10000000
10000000
10000000
10000000
10000000
10000000
10000000
10000000
10000000
893
1094
1319
1557
1837
10000000
10000000
10000000
10000000
10000000
10000000
10000000
10000000
10000000
10000000
10000000
10000000
10000000
10000000
10000000
10000000
10000000
10000000
10000000
10000000
10000000
10000000
10000000
10000000
10000000
10000000
918
1120
1342
1588
1859
2136
10000000
10000000
10000000
10000000
10000000
10000000
10000000
10000000
10000000
10000000
10000000
10000000
10000000
10000000
10000000
10000000
10000000
10000000
10000000
10000000
10000000
10000000
10000000
10000000
10000000
976
1146
1370
1625
1875
2166
2476
10000000
10000000
10000000
10000000
10000000
10000000
10000000
10000000
10000000
10000000
10000000
10000000
10000000
10000000
10000000
10000000
10000000
10000000
10000000
10000000
10000000
10000000
10000000
10000000
985
1185
1402
1649
1926
2202
2512
2822
10000000
10000000
10000000
10000000
10000000
10000000
10000000
10000000
10000000
10000000
10000000
10000000
10000000
10000000
10000000
10000000
10000000
10000000
10000000
10000000
10000000
10000000
10000000
1007
1214
1439
1687
1947
2239
2534
2853
3201
10000000
10000000
10000000
10000000
10000000
10000000
10000000
10000000
10000000
10000000
10000000
10000000
10000000
10000000
10000000
10000000
10000000
10000000
10000000
10000000
10000000
10000000
1039
1253
1466
1716
1982
2261
2601
2892
3229
3578
10000000
10000000
10000000
10000000
10000000
10000000
10000000
10000000
10000000
10000000
10000000
10000000
10000000
10000000
10000000
10000000
10000000
10000000
10000000
10000000
10000000
1074
1271
1497
1742
2016
2295
2600
2920
3271
3626
3991
10000000
10000000
10000000
10000000
10000000
10000000
10000000
10000000
10000000
10000000
10000000
10000000
10000000
10000000
10000000
10000000
10000000
10000000
10000000
10000000
1112
1317
1532
1781
2046
2326
2637
2960
3337
3650
4030
4424
10000000
10000000
10000000
10000000
10000000
10000000
10000000
10000000
10000000
10000000
10000000
10000000
10000000
10000000
10000000
10000000
10000000
10000000
10000000
1140
1345
1569
1805
2079
2364
2669
2987
3332
3681
4075
4457
4865
10000000
10000000
10000000
10000000
10000000
10000000
10000000
10000000
10000000
10000000
10000000
10000000
10000000
10000000
10000000
10000000
10000000
10000000
1187
1378
1645
1851
2114
2400
2700
3028
3367
3723
4111
4498
4902
5337
10000000
10000000
10000000
10000000
10000000
10000000
10000000
10000000
10000000
10000000
10000000
10000000
10000000
10000000
10000000
10000000
10000000
1207
1417
1641
1883
2162
2435
2745
3068
3447
3760
4145
4534
4944
5375
5837
10000000
10000000
10000000
10000000
10000000
10000000
10000000
10000000
10000000
10000000
10000000
10000000
10000000
10000000
10000000
10000000
1245
1456
1692
1923
2196
2489
2780
3097
3457
3790
4201
4567
4990
5417
5872
6334
10000000
10000000
10000000
10000000
10000000
10000000
10000000
10000000
10000000
10000000
10000000
10000000
10000000
10000000
10000000
1294
1488
1720
1960
2228
2521
2817
3140
3480
3837
4241
4603
5021
5459
5913
6374
6852
10000000
10000000
10000000
10000000
10000000
10000000
10000000
10000000
10000000
10000000
10000000
10000000
10000000
10000000
1337
1545
1767
2014
2286
2569
2880
3193
3573
3892
4274
4671
5097
5520
5972
6440
6928
7454
10000000
10000000
10000000
10000000
10000000
10000000
10000000
10000000
10000000
10000000
10000000
10000000
10000000
1376
1629
1799
2058
2317
2600
2912
3230
3576
3933
4325
4704
5117
5560
6003
6474
6992
7475
8004
10000000
10000000
10000000
10000000
10000000
10000000
10000000
10000000
10000000
10000000
10000000
10000000
1414
1623
1863
2089
2372
2653
2962
3279
3622
3975
4356
4751
5196
5611
6049
6516
7026
7543
8057
8614
10000000
10000000
10000000
10000000
10000000
10000000
10000000
10000000
10000000
10000000
10000000
1524
1661
1890
2144
2403
2703
2983
3310
3673
4020
4393
4783
5201
5636
6086
6562
7082
7559
8098
8632
9218
10000000
10000000
10000000
10000000
10000000
10000000
10000000
10000000
10000000
10000000
1528
1721
1938
2191
2456
2747
3070
3367
3712
4060
4444
4843
5249
5697
6134
6609
7100
7604
8173
8677
9238
9819
10000000
10000000
10000000
10000000
10000000
10000000
10000000
10000000
10000000
1565
1765
1995
2248
2500
2791
3100
3456
3766
4105
4490
4890
5294
5728
6198
6664
7147
7681
8212
8745
9295
9881
10468
10000000
10000000
10000000
10000000
10000000
10000000
10000000
10000000
1607
1819
2054
2287
2606
2835
3149
3464
3805
4153
4533
4941
5349
5787
6236
6704
7222
7853
8242
8788
9348
9914
10514
11176
10000000
10000000
10000000
10000000
10000000
10000000
10000000
1671
1871
2105
2337
2605
2898
3211
3540
3870
4213
4612
4994
5396
5891
6296
6757
7252
7772
8303
8837
9403
10009
10572
11176
11835
10000000
10000000
10000000
10000000
10000000
10000000
1735
1940
2161
2408
2680
3010
3279
3598
3940
4300
4662
5061
5468
5931
6376
6843
7332
7873
8378
8942
9471
10042
10641
11327
11915
12667
