10000000
10000000
10000000
10000000
10000000
10000000
10000000
10000000
10000000
10000000
10000000
10000000
10000000
10000000
10000000
10000000
10000000
10000000
10000000
10000000
10000000
10000000
10000000
10000000
10000000
10000000
10000000
10000000
10000000
10000000
10000000
10000000
10000000
10000000
10000000
10000000
10000000
10000000
10000000
10000000
10000000
10000000
10000000
10000000
10000000
10000000
10000000
10000000
10000000
10000000
10000000
10000000
10000000
10000000
10000000
10000000
10000000
10000000
10000000
10000000
10000000
10000000
10000000
10000000
10000000
10000000
10000000
10000000
10000000
10000000
10000000
10000000
10000000
10000000
10000000
10000000
10000000
10000000
10000000
10000000
10000000
10000000
10000000
10000000
10000000
10000000
10000000
10000000
10000000
10000000
10000000
10000000
10000000
10000000
10000000
10000000
10000000
10000000
10000000
10000000
10000000
10000000
10000000
10000000
10000000
10000000
10000000
10000000
10000000
10000000
10000000
10000000
10000000
10000000
10000000
10000000
10000000
10000000
10000000
10000000
10000000
10000000
10000000
10000000
10000000
10000000
10000000
10000000
10000000
10000000
10000000
10000000
10000000
10000000
10000000
10000000
10000000
10000000
10000000
10000000
10000000
10000000
10000000
10000000
10000000
10000000
10000000
10000000
10000000
10000000
10000000
10000000
10000000
10000000
10000000
10000000
10000000
10000000
10000000
10000000
781
10000000
10000000
10000000
10000000
10000000
10000000
10000000
10000000
10000000
10000000
10000000
10000000
10000000
10000000
10000000
10000000
10000000
10000000
10000000
10000000
10000000
10000000
10000000
10000000
10000000
10000000
10000000
10000000
10000000
10000000
802
1002
10000000
10000000
10000000
10000000
10000000
10000000
10000000
10000000
10000000
10000000
10000000
10000000
10000000
10000000
10000000
10000000
10000000
10000000
10000000
10000000
10000000
10000000
10000000
10000000
10000000
10000000
10000000
10000000
10000000
829
1034
1262
10000000
10000000
10000000
10000000
10000000
10000000
10000000
10000000
10000000
10000000
10000000
10000000
10000000
10000000
10000000
10000000
10000000
10000000
10000000
10000000
10000000
10000000
10000000
10000000
10000000
10000000
10000000
10000000
861
1071
1281
1515
10000000
10000000
10000000
10000000
10000000
10000000
10000000
10000000
10000000
10000000
10000000
10000000
10000000
10000000
10000000
10000000
10000000
10000000
10000000
10000000
10000000
10000000
10000000
10000000
10000000
10000000
10000000
897
1093
1314
1551
1815
10000000
10000000
10000000
10000000
10000000
10000000
10000000
10000000
10000000
10000000
10000000
10000000
10000000
10000000
10000000
10000000
10000000
10000000
10000000
10000000
10000000
10000000
10000000
10000000
10000000
10000000
928
1126
1340
1587
1842
2187
10000000
10000000
10000000
10000000
10000000
10000000
10000000
10000000
10000000
10000000
10000000
10000000
10000000
10000000
10000000
10000000
10000000
10000000
10000000
10000000
10000000
10000000
10000000
10000000
10000000
955
1158
1368
1613
1884
2171
2458
10000000
10000000
10000000
10000000
10000000
10000000
10000000
10000000
10000000
10000000
10000000
10000000
10000000
10000000
10000000
10000000
10000000
10000000
10000000
10000000
10000000
10000000
10000000
10000000
995
1204
1429
1653
1918
2195
2515
2825
10000000
10000000
10000000
10000000
10000000
10000000
10000000
10000000
10000000
10000000
10000000
10000000
10000000
10000000
10000000
10000000
10000000
10000000
10000000
10000000
10000000
10000000
10000000
1032
1231
1444
1702
1948
2240
2526
2868
3186
10000000
10000000
10000000
10000000
10000000
10000000
10000000
10000000
10000000
10000000
10000000
10000000
10000000
10000000
10000000
10000000
10000000
10000000
10000000
10000000
10000000
10000000
1063
1275
1481
1722
2018
2279
2568
2900
3216
3569
10000000
10000000
10000000
10000000
10000000
10000000
10000000
10000000
10000000
10000000
10000000
10000000
10000000
10000000
10000000
10000000
10000000
10000000
10000000
10000000
10000000
1106
1311
1527
1769
2017
2303
2622
2931
3277
3612
3991
10000000
10000000
10000000
10000000
10000000
10000000
10000000
10000000
10000000
10000000
10000000
10000000
10000000
10000000
10000000
10000000
10000000
10000000
10000000
10000000
1139
1342
1559
1798
2063
2341
2651
2984
3303
3652
4020
4411
10000000
10000000
10000000
10000000
10000000
10000000
10000000
10000000
10000000
10000000
10000000
10000000
10000000
10000000
10000000
10000000
10000000
10000000
10000000
1176
1379
1601
1829
2112
2378
2672
2990
3333
3680
4060
4445
4854
10000000
10000000
10000000
10000000
10000000
10000000
10000000
10000000
10000000
10000000
10000000
10000000
10000000
10000000
10000000
10000000
10000000
10000000
1222
1418
1648
1885
2142
2423
2721
3038
3381
3727
4096
4483
4901
5330
10000000
10000000
10000000
10000000
10000000
10000000
10000000
10000000
10000000
10000000
10000000
10000000
10000000
10000000
10000000
10000000
10000000
1268
1461
1690
1921
2184
2461
2800
3081
3437
3783
4157
4539
4944
5371
5813
10000000
10000000
10000000
10000000
10000000
10000000
10000000
10000000
10000000
10000000
10000000
10000000
10000000
10000000
10000000
10000000
1314
1509
1724
1961
2231
2502
2804
3125
3455
3841
4178
4569
4976
5410
5860
6318
10000000
10000000
10000000
10000000
10000000
10000000
10000000
10000000
10000000
10000000
10000000
10000000
10000000
10000000
10000000
1350
1556
1764
2009
2269
2547
2849
3164
3529
3871
4233
4617
5024
5454
5910
6364
6840
10000000
10000000
10000000
10000000
10000000
10000000
10000000
10000000
10000000
10000000
10000000
10000000
10000000
10000000
1444
1666
1902
2147
2351
2652
2933
3227
3553
3907
4275
4664
5073
5506
5953
6415
6893
7391
10000000
10000000
10000000
10000000
10000000
10000000
10000000
10000000
10000000
10000000
10000000
10000000
10000000
1452
1650
1863
2103
2360
2654
2948
3270
3598
3952
4321
4711
5127
5544
5997
6493
6960
7454
7976
10000000
10000000
10000000
10000000
10000000
10000000
10000000
10000000
10000000
10000000
10000000
10000000
1510
1707
1936
2174
2417
2708
2998
3319
3661
4013
4417
4779
5179
5616
6062
6525
7016
7502
8031
8577
10000000
10000000
10000000
10000000
10000000
10000000
10000000
10000000
10000000
10000000
10000000
1551
1751
1967
2227
2481
2757
3055
3370
3733
4066
4433
4834
5225
5659
6121
6601
7063
7570
8077
8613
9169
10000000
10000000
10000000
10000000
10000000
10000000
10000000
10000000
10000000
10000000
1601
1794
2014
2262
2561
2800
3101
3414
3751
4102
4470
4854
5282
5710
6153
6617
7095
7628
8129
8650
9221
9777
10000000
10000000
10000000
10000000
10000000
10000000
10000000
10000000
10000000
1688
1865
2081
2339
2585
2914
3172
3472
3834
4172
4548
4925
5337
5757
6214
6687
7161
7699
8183
8721
9281
9849
10456
10000000
10000000
10000000
10000000
10000000
10000000
10000000
10000000
1791
1929
2128
2375
2639
2916
3209
3533
3884
4236
4587
4993
5398
5827
6268
6775
7218
7717
8239
8772
9336
9915
10536
11103
10000000
10000000
10000000
10000000
10000000
10000000
10000000
1779
1975
2190
2445
2685
2971
3260
3586
3930
4288
4647
5110
5450
5866
6325
6786
7285
7788
8299
8838
9441
9956
10565
11159
11789
10000000
10000000
10000000
10000000
10000000
10000000
1832
2071
2250
2482
2755
3035
3319
3664
3995
4353
4719
5103
5520
5946
6383
6887
7347
7830
8356
8901
9448
10034
10657
11220
11855
12539
