10000000
10000000
10000000
10000000
10000000
10000000
10000000
10000000
10000000
10000000
10000000
10000000
10000000
10000000
10000000
10000000
10000000
10000000
10000000
10000000
10000000
10000000
10000000
10000000
10000000
10000000
10000000
10000000
10000000
10000000
10000000
10000000
10000000
10000000
10000000
10000000
10000000
10000000
10000000
10000000
10000000
10000000
10000000
10000000
10000000
10000000
10000000
10000000
10000000
10000000
10000000
10000000
10000000
10000000
10000000
10000000
10000000
10000000
10000000
10000000
10000000
10000000
10000000
10000000
10000000
10000000
10000000
10000000
10000000
10000000
10000000
10000000
10000000
10000000
10000000
10000000
10000000
10000000
10000000
10000000
10000000
10000000
10000000
10000000
10000000
10000000
10000000
10000000
10000000
10000000
10000000
10000000
10000000
10000000
10000000
10000000
10000000
10000000
10000000
10000000
10000000
10000000
10000000
10000000
10000000
10000000
10000000
10000000
10000000
10000000
10000000
10000000
10000000
10000000
10000000
10000000
10000000
10000000
10000000
10000000
10000000
10000000
10000000
10000000
10000000
10000000
10000000
10000000
10000000
10000000
10000000
10000000
10000000
10000000
10000000
10000000
10000000
10000000
10000000
10000000
10000000
10000000
10000000
10000000
10000000
10000000
10000000
10000000
10000000
10000000
10000000
10000000
10000000
10000000
10000000
10000000
10000000
10000000
10000000
10000000
836
10000000
10000000
10000000
10000000
10000000
10000000
10000000
10000000
10000000
10000000
10000000
10000000
10000000
10000000
10000000
10000000
10000000
10000000
10000000
10000000
10000000
10000000
10000000
10000000
10000000
10000000
10000000
10000000
10000000
10000000
868
1085
10000000
10000000
10000000
10000000
10000000
10000000
10000000
10000000
10000000
10000000
10000000
10000000
10000000
10000000
10000000
10000000
10000000
10000000
10000000
10000000
10000000
10000000
10000000
10000000
10000000
10000000
10000000
10000000
10000000
893
1115
1356
10000000
10000000
10000000
10000000
10000000
10000000
10000000
10000000
10000000
10000000
10000000
10000000
10000000
10000000
10000000
10000000
10000000
10000000
10000000
10000000
10000000
10000000
10000000
10000000
10000000
10000000
10000000
10000000
921
1140
1387
1646
10000000
10000000
10000000
10000000
10000000
10000000
10000000
10000000
10000000
10000000
10000000
10000000
10000000
10000000
10000000
10000000
10000000
10000000
10000000
10000000
10000000
10000000
10000000
10000000
10000000
10000000
10000000
959
1177
1447
1697
1979
10000000
10000000
10000000
10000000
10000000
10000000
10000000
10000000
10000000
10000000
10000000
10000000
10000000
10000000
10000000
10000000
10000000
10000000
10000000
10000000
10000000
10000000
10000000
10000000
10000000
10000000
994
1205
1454
1716
2004
2316
10000000
10000000
10000000
10000000
10000000
10000000
10000000
10000000
10000000
10000000
10000000
10000000
10000000
10000000
10000000
10000000
10000000
10000000
10000000
10000000
10000000
10000000
10000000
10000000
10000000
1020
1233
1490
1742
2031
2348
2671
10000000
10000000
10000000
10000000
10000000
10000000
10000000
10000000
10000000
10000000
10000000
10000000
10000000
10000000
10000000
10000000
10000000
10000000
10000000
10000000
10000000
10000000
10000000
10000000
1059
1278
1518
1796
2073
2385
2713
3075
10000000
10000000
10000000
10000000
10000000
10000000
10000000
10000000
10000000
10000000
10000000
10000000
10000000
10000000
10000000
10000000
10000000
10000000
10000000
10000000
10000000
10000000
10000000
1097
1322
1556
1827
2121
2419
2790
3109
3473
10000000
10000000
10000000
10000000
10000000
10000000
10000000
10000000
10000000
10000000
10000000
10000000
10000000
10000000
10000000
10000000
10000000
10000000
10000000
10000000
10000000
10000000
1134
1357
1594
1859
2153
2455
2786
3155
3512
3906
10000000
10000000
10000000
10000000
10000000
10000000
10000000
10000000
10000000
10000000
10000000
10000000
10000000
10000000
10000000
10000000
10000000
10000000
10000000
10000000
10000000
1163
1386
1624
1899
2183
2493
2826
3176
3556
3971
4345
10000000
10000000
10000000
10000000
10000000
10000000
10000000
10000000
10000000
10000000
10000000
10000000
10000000
10000000
10000000
10000000
10000000
10000000
10000000
10000000
1209
1428
1671
1932
2230
2542
2865
3221
3602
3991
4389
4828
10000000
10000000
10000000
10000000
10000000
10000000
10000000
10000000
10000000
10000000
10000000
10000000
10000000
10000000
10000000
10000000
10000000
10000000
10000000
1249
1465
1714
1970
2274
2577
2913
3288
3635
4030
4428
4885
5317
10000000
10000000
10000000
10000000
10000000
10000000
10000000
10000000
10000000
10000000
10000000
10000000
10000000
10000000
10000000
10000000
10000000
10000000
1300
1510
1760
2029
2311
2628
2951
3321
3682
4069
4482
4952
5365
5844
10000000
10000000
10000000
10000000
10000000
10000000
10000000
10000000
10000000
10000000
10000000
10000000
10000000
10000000
10000000
10000000
10000000
1342
1568
1804
2072
2360
2678
2994
3355
3720
4118
4527
4962
5419
5904
6378
10000000
10000000
10000000
10000000
10000000
10000000
10000000
10000000
10000000
10000000
10000000
10000000
10000000
10000000
10000000
10000000
1379
1597
1836
2105
2388
2707
3045
3395
3770
4159
4572
5000
5459
5964
6433
6930
10000000
10000000
10000000
10000000
10000000
10000000
10000000
10000000
10000000
10000000
10000000
10000000
10000000
10000000
10000000
1426
1643
1899
2157
2435
2756
3084
3439
3814
4189
4620
5051
5537
5978
6471
6987
7516
10000000
10000000
10000000
10000000
10000000
10000000
10000000
10000000
10000000
10000000
10000000
10000000
10000000
10000000
1484
1697
1956
2207
2507
2803
3151
3495
3864
4257
4708
5102
5548
6027
6529
7028
7572
8132
10000000
10000000
10000000
10000000
10000000
10000000
10000000
10000000
10000000
10000000
10000000
10000000
10000000
1526
1739
2008
2250
2537
2846
3175
3541
3913
4297
4707
5144
5594
6074
6585
7065
7652
8166
8764
10000000
10000000
10000000
10000000
10000000
10000000
10000000
10000000
10000000
10000000
10000000
10000000
1577
1795
2039
2305
2589
2926
3230
3588
3977
4356
4795
5187
5653
6118
6622
7137
7674
8242
8817
9433
10000000
10000000
10000000
10000000
10000000
10000000
10000000
10000000
10000000
10000000
10000000
1614
1847
2099
2346
2657
2950
3290
3636
4015
4384
4808
5235
5684
6207
6662
7202
7717
8272
8844
9452
10070
10000000
10000000
10000000
10000000
10000000
10000000
10000000
10000000
10000000
10000000
1686
1907
2133
2393
2694
3027
3324
3684
4069
4461
4866
5308
5740
6230
6753
7225
7779
8335
8920
9530
10136
10781
10000000
10000000
10000000
10000000
10000000
10000000
10000000
10000000
10000000
1752
1971
2196
2464
2758
3066
3414
3762
4114
4519
4920
5358
5820
6309
6798
7306
7845
8404
8965
9585
10219
10815
11485
10000000
10000000
10000000
10000000
10000000
10000000
10000000
10000000
1799
2026
2255
2532
2811
3119
3478
3805
4228
4575
4985
5407
5867
6339
6837
7346
7891
8445
9054
9618
10226
10863
11519
12221
10000000
10000000
10000000
10000000
10000000
10000000
10000000
1886
2098
2333
2582
2902
3190
3529
3897
4257
4634
5058
5481
5936
6437
6925
7417
7952
8508
9094
9689
10333
10926
11586
12393
12980
10000000
10000000
10000000
10000000
10000000
10000000
2010
2160
2385
2686
2947
3269
3602
3935
4314
4713
5123
5554
6006
6485
7007
7499
8032
8584
9162
9767
10376
11036
11661
12339
13076
13796
