10000000
10000000
10000000
10000000
10000000
10000000
10000000
10000000
10000000
10000000
10000000
10000000
10000000
10000000
10000000
10000000
10000000
10000000
10000000
10000000
10000000
10000000
10000000
10000000
10000000
10000000
10000000
10000000
10000000
10000000
10000000
10000000
10000000
10000000
10000000
10000000
10000000
10000000
10000000
10000000
10000000
10000000
10000000
10000000
10000000
10000000
10000000
10000000
10000000
10000000
10000000
10000000
10000000
10000000
10000000
10000000
10000000
10000000
10000000
10000000
10000000
10000000
10000000
10000000
10000000
10000000
10000000
10000000
10000000
10000000
10000000
10000000
10000000
10000000
10000000
10000000
10000000
10000000
10000000
10000000
10000000
10000000
10000000
10000000
10000000
10000000
10000000
10000000
10000000
10000000
10000000
10000000
10000000
10000000
10000000
10000000
10000000
10000000
10000000
10000000
10000000
10000000
10000000
10000000
10000000
10000000
10000000
10000000
10000000
10000000
10000000
10000000
10000000
10000000
10000000
10000000
10000000
10000000
10000000
10000000
10000000
10000000
10000000
10000000
10000000
10000000
10000000
10000000
10000000
10000000
10000000
10000000
10000000
10000000
10000000
10000000
10000000
10000000
10000000
10000000
10000000
10000000
10000000
10000000
10000000
10000000
10000000
10000000
10000000
10000000
10000000
10000000
10000000
10000000
10000000
10000000
10000000
10000000
10000000
10000000
839
10000000
10000000
10000000
10000000
10000000
10000000
10000000
10000000
10000000
10000000
10000000
10000000
10000000
10000000
10000000
10000000
10000000
10000000
10000000
10000000
10000000
10000000
10000000
10000000
10000000
10000000
10000000
10000000
10000000
10000000
883
1120
10000000
10000000
10000000
10000000
10000000
10000000
10000000
10000000
10000000
10000000
10000000
10000000
10000000
10000000
10000000
10000000
10000000
10000000
10000000
10000000
10000000
10000000
10000000
10000000
10000000
10000000
10000000
10000000
10000000
896
1117
1362
10000000
10000000
10000000
10000000
10000000
10000000
10000000
10000000
10000000
10000000
10000000
10000000
10000000
10000000
10000000
10000000
10000000
10000000
10000000
10000000
10000000
10000000
10000000
10000000
10000000
10000000
10000000
10000000
933
1152
1405
1648
10000000
10000000
10000000
10000000
10000000
10000000
10000000
10000000
10000000
10000000
10000000
10000000
10000000
10000000
10000000
10000000
10000000
10000000
10000000
10000000
10000000
10000000
10000000
10000000
10000000
10000000
10000000
956
1176
1421
1687
1984
10000000
10000000
10000000
10000000
10000000
10000000
10000000
10000000
10000000
10000000
10000000
10000000
10000000
10000000
10000000
10000000
10000000
10000000
10000000
10000000
10000000
10000000
10000000
10000000
10000000
10000000
989
1228
1451
1726
2012
2321
10000000
10000000
10000000
10000000
10000000
10000000
10000000
10000000
10000000
10000000
10000000
10000000
10000000
10000000
10000000
10000000
10000000
10000000
10000000
10000000
10000000
10000000
10000000
10000000
10000000
1029
1242
1486
1747
2067
2375
2712
10000000
10000000
10000000
10000000
10000000
10000000
10000000
10000000
10000000
10000000
10000000
10000000
10000000
10000000
10000000
10000000
10000000
10000000
10000000
10000000
10000000
10000000
10000000
10000000
1067
1281
1533
1802
2081
2408
2721
3115
10000000
10000000
10000000
10000000
10000000
10000000
10000000
10000000
10000000
10000000
10000000
10000000
10000000
10000000
10000000
10000000
10000000
10000000
10000000
10000000
10000000
10000000
10000000
1109
1324
1560
1837
2125
2440
2772
3124
3491
10000000
10000000
10000000
10000000
10000000
10000000
10000000
10000000
10000000
10000000
10000000
10000000
10000000
10000000
10000000
10000000
10000000
10000000
10000000
10000000
10000000
10000000
1134
1356
1605
1868
2153
2478
2809
3157
3537
3921
10000000
10000000
10000000
10000000
10000000
10000000
10000000
10000000
10000000
10000000
10000000
10000000
10000000
10000000
10000000
10000000
10000000
10000000
10000000
10000000
10000000
1175
1391
1638
1899
2239
2507
2834
3188
3562
3971
4370
10000000
10000000
10000000
10000000
10000000
10000000
10000000
10000000
10000000
10000000
10000000
10000000
10000000
10000000
10000000
10000000
10000000
10000000
10000000
10000000
1214
1431
1683
1941
2233
2568
2899
3223
3602
4006
4401
4866
10000000
10000000
10000000
10000000
10000000
10000000
10000000
10000000
10000000
10000000
10000000
10000000
10000000
10000000
10000000
10000000
10000000
10000000
10000000
1254
1481
1711
1979
2274
2580
2907
3277
3658
4045
4448
4888
5355
10000000
10000000
10000000
10000000
10000000
10000000
10000000
10000000
10000000
10000000
10000000
10000000
10000000
10000000
10000000
10000000
10000000
10000000
1299
1535
1768
2022
2316
2624
2988
3350
3695
4092
4496
4944
5403
5852
10000000
10000000
10000000
10000000
10000000
10000000
10000000
10000000
10000000
10000000
10000000
10000000
10000000
10000000
10000000
10000000
10000000
1344
1573
1809
2078
2367
2685
3002
3360
3734
4128
4548
4954
5413
5887
6383
10000000
10000000
10000000
10000000
10000000
10000000
10000000
10000000
10000000
10000000
10000000
10000000
10000000
10000000
10000000
10000000
1391
1614
1854
2118
2421
2712
3036
3389
3775
4162
4608
5003
5459
5929
6428
6953
10000000
10000000
10000000
10000000
10000000
10000000
10000000
10000000
10000000
10000000
10000000
10000000
10000000
10000000
10000000
1431
1649
1899
2162
2451
2764
3090
3438
3816
4243
4626
5055
5508
5977
6483
6993
7538
10000000
10000000
10000000
10000000
10000000
10000000
10000000
10000000
10000000
10000000
10000000
10000000
10000000
10000000
1482
1712
1946
2215
2507
2866
3147
3500
3877
4262
4670
5101
5562
6038
6525
7030
7588
8156
10000000
10000000
10000000
10000000
10000000
10000000
10000000
10000000
10000000
10000000
10000000
10000000
10000000
1544
1757
1997
2272
2550
2864
3200
3543
3939
4308
4728
5167
5606
6117
6574
7167
7640
8179
8770
10000000
10000000
10000000
10000000
10000000
10000000
10000000
10000000
10000000
10000000
10000000
10000000
1581
1801
2050
2322
2609
2916
3283
3603
3978
4356
4768
5211
5684
6147
6668
7160
7705
8285
8844
9444
10000000
10000000
10000000
10000000
10000000
10000000
10000000
10000000
10000000
10000000
10000000
1650
1859
2100
2382
2659
2970
3305
3658
4024
4418
4862
5271
5733
6197
6709
7218
7768
8320
8902
9536
10128
10000000
10000000
10000000
10000000
10000000
10000000
10000000
10000000
10000000
10000000
1698
1928
2161
2432
2719
3037
3386
3733
4110
4481
4931
5378
5797
6247
6770
7314
7825
8405
8988
9597
10216
10811
10000000
10000000
10000000
10000000
10000000
10000000
10000000
10000000
10000000
1777
2003
2229
2495
2794
3106
3425
3794
4149
4578
4984
5398
5881
6319
6833
7348
7891
8445
9057
9657
10263
10884
11590
10000000
10000000
10000000
10000000
10000000
10000000
10000000
10000000
1840
2051
2320
2563
2859
3157
3483
3850
4215
4641
5019
5446
5902
6380
6884
7426
7933
8496
9093
9661
10297
10926
11613
12277
10000000
10000000
10000000
10000000
10000000
10000000
10000000
1877
2119
2342
2611
2973
3272
3559
3883
4273
4692
5074
5514
5974
6458
6953
7439
8006
8564
9159
9715
10347
10957
11621
12298
12991
10000000
10000000
10000000
10000000
10000000
10000000
1937
2156
2419
2660
2958
3280
3602
3948
4329
4737
5133
5609
6036
6513
7010
7495
8049
8606
9223
9823
10437
11063
11735
12414
13142
13789
