10000000
10000000
10000000
10000000
10000000
10000000
10000000
10000000
10000000
10000000
10000000
10000000
10000000
10000000
10000000
10000000
10000000
10000000
10000000
10000000
10000000
10000000
10000000
10000000
10000000
10000000
10000000
10000000
10000000
10000000
10000000
10000000
10000000
10000000
10000000
10000000
10000000
10000000
10000000
10000000
10000000
10000000
10000000
10000000
10000000
10000000
10000000
10000000
10000000
10000000
10000000
10000000
10000000
10000000
10000000
10000000
10000000
10000000
10000000
10000000
10000000
10000000
10000000
10000000
10000000
10000000
10000000
10000000
10000000
10000000
10000000
10000000
10000000
10000000
10000000
10000000
10000000
10000000
10000000
10000000
10000000
10000000
10000000
10000000
10000000
10000000
10000000
10000000
10000000
10000000
10000000
10000000
10000000
10000000
10000000
10000000
10000000
10000000
10000000
10000000
10000000
10000000
10000000
10000000
10000000
10000000
10000000
10000000
10000000
10000000
10000000
10000000
10000000
10000000
10000000
10000000
10000000
10000000
10000000
10000000
10000000
10000000
10000000
10000000
10000000
10000000
10000000
10000000
10000000
10000000
10000000
10000000
10000000
10000000
10000000
10000000
10000000
10000000
10000000
10000000
10000000
10000000
10000000
10000000
10000000
10000000
10000000
10000000
10000000
10000000
10000000
10000000
10000000
10000000
10000000
10000000
10000000
10000000
10000000
10000000
918
10000000
10000000
10000000
10000000
10000000
10000000
10000000
10000000
10000000
10000000
10000000
10000000
10000000
10000000
10000000
10000000
10000000
10000000
10000000
10000000
10000000
10000000
10000000
10000000
10000000
10000000
10000000
10000000
10000000
10000000
941
1192
10000000
10000000
10000000
10000000
10000000
10000000
10000000
10000000
10000000
10000000
10000000
10000000
10000000
10000000
10000000
10000000
10000000
10000000
10000000
10000000
10000000
10000000
10000000
10000000
10000000
10000000
10000000
10000000
10000000
973
1213
1486
10000000
10000000
10000000
10000000
10000000
10000000
10000000
10000000
10000000
10000000
10000000
10000000
10000000
10000000
10000000
10000000
10000000
10000000
10000000
10000000
10000000
10000000
10000000
10000000
10000000
10000000
10000000
10000000
1000
1243
1511
1839
10000000
10000000
10000000
10000000
10000000
10000000
10000000
10000000
10000000
10000000
10000000
10000000
10000000
10000000
10000000
10000000
10000000
10000000
10000000
10000000
10000000
10000000
10000000
10000000
10000000
10000000
10000000
1037
1277
1551
1849
2170
10000000
10000000
10000000
10000000
10000000
10000000
10000000
10000000
10000000
10000000
10000000
10000000
10000000
10000000
10000000
10000000
10000000
10000000
10000000
10000000
10000000
10000000
10000000
10000000
10000000
10000000
1069
1310
1586
1870
2200
2546
10000000
10000000
10000000
10000000
10000000
10000000
10000000
10000000
10000000
10000000
10000000
10000000
10000000
10000000
10000000
10000000
10000000
10000000
10000000
10000000
10000000
10000000
10000000
10000000
10000000
1112
1374
1626
1912
2230
2576
2931
10000000
10000000
10000000
10000000
10000000
10000000
10000000
10000000
10000000
10000000
10000000
10000000
10000000
10000000
10000000
10000000
10000000
10000000
10000000
10000000
10000000
10000000
10000000
10000000
1146
1391
1655
1943
2268
2607
2983
3380
10000000
10000000
10000000
10000000
10000000
10000000
10000000
10000000
10000000
10000000
10000000
10000000
10000000
10000000
10000000
10000000
10000000
10000000
10000000
10000000
10000000
10000000
10000000
1180
1428
1694
1983
2319
2642
3018
3404
3819
10000000
10000000
10000000
10000000
10000000
10000000
10000000
10000000
10000000
10000000
10000000
10000000
10000000
10000000
10000000
10000000
10000000
10000000
10000000
10000000
10000000
10000000
1216
1468
1758
2034
2344
2680
3050
3443
3857
4337
10000000
10000000
10000000
10000000
10000000
10000000
10000000
10000000
10000000
10000000
10000000
10000000
10000000
10000000
10000000
10000000
10000000
10000000
10000000
10000000
10000000
1261
1497
1768
2067
2375
2717
3088
3480
3883
4348
4763
10000000
10000000
10000000
10000000
10000000
10000000
10000000
10000000
10000000
10000000
10000000
10000000
10000000
10000000
10000000
10000000
10000000
10000000
10000000
10000000
1320
1559
1808
2109
2423
2756
3131
3531
3936
4370
4828
5303
10000000
10000000
10000000
10000000
10000000
10000000
10000000
10000000
10000000
10000000
10000000
10000000
10000000
10000000
10000000
10000000
10000000
10000000
10000000
1338
1592
1863
2138
2464
2797
3191
3578
4030
4408
4851
5344
5849
10000000
10000000
10000000
10000000
10000000
10000000
10000000
10000000
10000000
10000000
10000000
10000000
10000000
10000000
10000000
10000000
10000000
10000000
1383
1642
1908
2198
2520
2851
3240
3612
4043
4465
4943
5432
5876
6488
10000000
10000000
10000000
10000000
10000000
10000000
10000000
10000000
10000000
10000000
10000000
10000000
10000000
10000000
10000000
10000000
10000000
1427
1673
1945
2245
2550
2899
3269
3666
4084
4500
4953
5440
5961
6487
7022
10000000
10000000
10000000
10000000
10000000
10000000
10000000
10000000
10000000
10000000
10000000
10000000
10000000
10000000
10000000
10000000
1485
1761
2056
2322
2644
2986
3402
3717
4112
4551
4999
5520
5990
6506
7033
7628
10000000
10000000
10000000
10000000
10000000
10000000
10000000
10000000
10000000
10000000
10000000
10000000
10000000
10000000
10000000
1535
1769
2043
2315
2660
2996
3363
3750
4157
4657
5039
5545
6027
6563
7100
7686
8246
10000000
10000000
10000000
10000000
10000000
10000000
10000000
10000000
10000000
10000000
10000000
10000000
10000000
10000000
1599
1842
2108
2437
2726
3057
3439
3806
4208
4654
5105
5580
6121
6602
7195
7734
8326
8929
10000000
10000000
10000000
10000000
10000000
10000000
10000000
10000000
10000000
10000000
10000000
10000000
10000000
1611
1859
2129
2442
2740
3119
3463
3845
4258
4711
5145
5652
6122
6648
7213
7762
8381
8977
9600
10000000
10000000
10000000
10000000
10000000
10000000
10000000
10000000
10000000
10000000
10000000
10000000
1686
1932
2194
2516
2812
3143
3579
3897
4319
4738
5194
5671
6177
6687
7271
7802
8410
9027
9667
10330
10000000
10000000
10000000
10000000
10000000
10000000
10000000
10000000
10000000
10000000
10000000
1722
1967
2286
2540
2840
3194
3560
3950
4355
4786
5245
5730
6212
6750
7298
7902
8454
9068
9702
10369
11054
10000000
10000000
10000000
10000000
10000000
10000000
10000000
10000000
10000000
10000000
1798
2037
2290
2575
2909
3253
3610
4008
4416
4835
5294
5784
6318
6809
7381
7906
8518
9140
9761
10429
11110
11830
10000000
10000000
10000000
10000000
10000000
10000000
10000000
10000000
10000000
1853
2102
2356
2649
2977
3322
3687
4077
4486
4905
5359
5909
6352
6862
7440
7985
8569
9204
9841
10537
11154
11866
12594
10000000
10000000
10000000
10000000
10000000
10000000
10000000
10000000
1917
2156
2419
2787
3042
3383
3748
4133
4551
4973
5431
5907
6397
6922
7486
8084
8634
9252
9893
10534
11226
12021
12660
13402
10000000
10000000
10000000
10000000
10000000
10000000
10000000
2005
2223
2515
2802
3120
3451
3848
4225
4637
5058
5494
5976
6486
6991
7541
8111
8735
9316
9952
10626
11296
11983
12743
13470
14235
10000000
10000000
10000000
10000000
10000000
10000000
2043
2291
2565
2852
3174
3582
3887
4268
4684
5111
5562
6046
6538
7066
7623
8194
8800
9397
10035
10690
11366
12099
12780
13532
14326
15113
