10000000
10000000
10000000
10000000
10000000
10000000
10000000
10000000
10000000
10000000
10000000
10000000
10000000
10000000
10000000
10000000
10000000
10000000
10000000
10000000
10000000
10000000
10000000
10000000
10000000
10000000
10000000
10000000
10000000
10000000
10000000
10000000
10000000
10000000
10000000
10000000
10000000
10000000
10000000
10000000
10000000
10000000
10000000
10000000
10000000
10000000
10000000
10000000
10000000
10000000
10000000
10000000
10000000
10000000
10000000
10000000
10000000
10000000
10000000
10000000
10000000
10000000
10000000
10000000
124
10000000
10000000
10000000
10000000
10000000
10000000
10000000
10000000
10000000
10000000
10000000
10000000
10000000
10000000
10000000
10000000
10000000
10000000
10000000
10000000
10000000
10000000
10000000
10000000
10000000
10000000
10000000
10000000
10000000
10000000
129
167
10000000
10000000
10000000
10000000
10000000
10000000
10000000
10000000
10000000
10000000
10000000
10000000
10000000
10000000
10000000
10000000
10000000
10000000
10000000
10000000
10000000
10000000
10000000
10000000
10000000
10000000
10000000
10000000
10000000
140
176
219
10000000
10000000
10000000
10000000
10000000
10000000
10000000
10000000
10000000
10000000
10000000
10000000
10000000
10000000
10000000
10000000
10000000
10000000
10000000
10000000
10000000
10000000
10000000
10000000
10000000
10000000
10000000
10000000
147
187
231
277
10000000
10000000
10000000
10000000
10000000
10000000
10000000
10000000
10000000
10000000
10000000
10000000
10000000
10000000
10000000
10000000
10000000
10000000
10000000
10000000
10000000
10000000
10000000
10000000
10000000
10000000
10000000
162
196
236
281
330
10000000
10000000
10000000
10000000
10000000
10000000
10000000
10000000
10000000
10000000
10000000
10000000
10000000
10000000
10000000
10000000
10000000
10000000
10000000
10000000
10000000
10000000
10000000
10000000
10000000
10000000
172
210
249
294
345
410
10000000
10000000
10000000
10000000
10000000
10000000
10000000
10000000
10000000
10000000
10000000
10000000
10000000
10000000
10000000
10000000
10000000
10000000
10000000
10000000
10000000
10000000
10000000
10000000
10000000
192
226
274
327
363
424
513
10000000
10000000
10000000
10000000
10000000
10000000
10000000
10000000
10000000
10000000
10000000
10000000
10000000
10000000
10000000
10000000
10000000
10000000
10000000
10000000
10000000
10000000
10000000
10000000
208
239
280
328
374
429
683
687
10000000
10000000
10000000
10000000
10000000
10000000
10000000
10000000
10000000
10000000
10000000
10000000
10000000
10000000
10000000
10000000
10000000
10000000
10000000
10000000
10000000
10000000
10000000
214
253
289
334
383
435
493
557
626
10000000
10000000
10000000
10000000
10000000
10000000
10000000
10000000
10000000
10000000
10000000
10000000
10000000
10000000
10000000
10000000
10000000
10000000
10000000
10000000
10000000
10000000
227
261
301
348
395
447
502
568
632
704
10000000
10000000
10000000
10000000
10000000
10000000
10000000
10000000
10000000
10000000
10000000
10000000
10000000
10000000
10000000
10000000
10000000
10000000
10000000
10000000
10000000
241
275
317
358
412
463
518
580
648
718
794
10000000
10000000
10000000
10000000
10000000
10000000
10000000
10000000
10000000
10000000
10000000
10000000
10000000
10000000
10000000
10000000
10000000
10000000
10000000
10000000
257
290
331
373
422
475
536
595
663
735
805
888
10000000
10000000
10000000
10000000
10000000
10000000
10000000
10000000
10000000
10000000
10000000
10000000
10000000
10000000
10000000
10000000
10000000
10000000
10000000
269
305
346
390
436
490
547
609
679
743
821
905
982
10000000
10000000
10000000
10000000
10000000
10000000
10000000
10000000
10000000
10000000
10000000
10000000
10000000
10000000
10000000
10000000
10000000
10000000
282
319
361
401
452
505
561
629
692
759
838
916
998
1086
10000000
10000000
10000000
10000000
10000000
10000000
10000000
10000000
10000000
10000000
10000000
10000000
10000000
10000000
10000000
10000000
10000000
298
334
369
412
480
518
579
636
706
786
848
928
1008
1101
1190
10000000
10000000
10000000
10000000
10000000
10000000
10000000
10000000
10000000
10000000
10000000
10000000
10000000
10000000
10000000
10000000
340
383
388
427
498
537
585
650
718
786
862
941
1022
1113
1208
1396
10000000
10000000
10000000
10000000
10000000
10000000
10000000
10000000
10000000
10000000
10000000
10000000
10000000
10000000
10000000
344
388
431
476
527
545
603
671
731
807
878
959
1040
1130
1217
1315
1520
10000000
10000000
10000000
10000000
10000000
10000000
10000000
10000000
10000000
10000000
10000000
10000000
10000000
10000000
387
408
447
492
505
588
622
680
752
818
893
987
1054
1142
1239
1343
1430
1682
10000000
10000000
10000000
10000000
10000000
10000000
10000000
10000000
10000000
10000000
10000000
10000000
10000000
361
386
431
491
610
575
632
698
761
829
904
987
1071
1153
1252
1341
1446
1544
1793
10000000
10000000
10000000
10000000
10000000
10000000
10000000
10000000
10000000
10000000
10000000
10000000
380
403
452
488
536
590
648
708
774
850
919
1003
1083
1169
1262
1354
1459
1562
1667
1929
10000000
10000000
10000000
10000000
10000000
10000000
10000000
10000000
10000000
10000000
10000000
464
461
465
506
550
608
680
731
793
864
936
1017
1101
1203
1280
1370
1474
1577
1683
1792
2085
10000000
10000000
10000000
10000000
10000000
10000000
10000000
10000000
10000000
10000000
422
437
508
563
617
627
679
744
815
883
953
1037
1116
1205
1299
1385
1487
1594
1699
1805
1927
2227
10000000
10000000
10000000
10000000
10000000
10000000
10000000
10000000
10000000
464
455
488
550
586
638
693
757
822
894
968
1056
1129
1289
1678
1525
1529
1666
1798
1880
2006
2099
2416
10000000
10000000
10000000
10000000
10000000
10000000
10000000
10000000
448
475
515
564
609
671
728
967
1045
925
995
1067
1151
1244
1326
1455
1526
1626
1730
1845
1971
2090
2222
2576
10000000
10000000
10000000
10000000
10000000
10000000
10000000
458
477
563
565
641
669
726
788
854
926
999
1078
1162
1253
1342
1436
1537
1644
1746
1853
1978
2096
2224
2351
2708
10000000
10000000
10000000
10000000
10000000
10000000
478
547
540
583
661
749
753
807
880
949
1020
1099
1183
1272
1356
1454
1559
1659
1763
1872
1988
2115
2234
2363
2494
2862
10000000
10000000
10000000
10000000
10000000
480
513
555
600
652
706
764
821
901
963
1038
1116
1199
1286
1378
1482
1571
1730
1784
1891
2019
2130
2251
2389
2513
2665
3020
10000000
10000000
10000000
10000000
504
562
625
613
667
741
772
840
908
975
1056
1129
1209
1300
1390
1478
1582
1687
1794
1902
2041
2154
2276
2396
2526
2657
2799
3194
10000000
10000000
10000000
627
554
640
636
681
735
795
866
922
991
1070
1153
1237
1317
1412
1509
1602
1706
1821
1924
2047
2168
2299
2421
2569
2684
2825
2971
3354
