10000000
10000000
10000000
10000000
10000000
10000000
10000000
10000000
10000000
10000000
10000000
10000000
10000000
10000000
10000000
10000000
10000000
10000000
10000000
10000000
10000000
10000000
10000000
10000000
10000000
10000000
10000000
10000000
10000000
10000000
10000000
10000000
10000000
10000000
10000000
10000000
10000000
10000000
10000000
10000000
10000000
10000000
10000000
10000000
10000000
10000000
10000000
10000000
10000000
10000000
10000000
10000000
10000000
10000000
10000000
10000000
10000000
10000000
10000000
10000000
10000000
10000000
10000000
10000000
10000000
10000000
10000000
10000000
10000000
10000000
10000000
10000000
10000000
10000000
10000000
10000000
10000000
10000000
10000000
10000000
10000000
10000000
10000000
10000000
10000000
10000000
10000000
10000000
10000000
10000000
10000000
10000000
10000000
10000000
10000000
10000000
10000000
10000000
10000000
10000000
10000000
10000000
10000000
10000000
10000000
10000000
10000000
10000000
10000000
10000000
10000000
10000000
10000000
10000000
10000000
10000000
10000000
10000000
10000000
10000000
10000000
10000000
10000000
10000000
10000000
10000000
10000000
10000000
10000000
10000000
10000000
10000000
10000000
10000000
10000000
10000000
10000000
10000000
10000000
10000000
10000000
10000000
10000000
10000000
10000000
10000000
10000000
10000000
10000000
10000000
10000000
10000000
10000000
10000000
10000000
10000000
10000000
10000000
10000000
10000000
1024
10000000
10000000
10000000
10000000
10000000
10000000
10000000
10000000
10000000
10000000
10000000
10000000
10000000
10000000
10000000
10000000
10000000
10000000
10000000
10000000
10000000
10000000
10000000
10000000
10000000
10000000
10000000
10000000
10000000
10000000
1025
1307
10000000
10000000
10000000
10000000
10000000
10000000
10000000
10000000
10000000
10000000
10000000
10000000
10000000
10000000
10000000
10000000
10000000
10000000
10000000
10000000
10000000
10000000
10000000
10000000
10000000
10000000
10000000
10000000
10000000
1054
1317
1628
10000000
10000000
10000000
10000000
10000000
10000000
10000000
10000000
10000000
10000000
10000000
10000000
10000000
10000000
10000000
10000000
10000000
10000000
10000000
10000000
10000000
10000000
10000000
10000000
10000000
10000000
10000000
10000000
1082
1346
1641
1978
10000000
10000000
10000000
10000000
10000000
10000000
10000000
10000000
10000000
10000000
10000000
10000000
10000000
10000000
10000000
10000000
10000000
10000000
10000000
10000000
10000000
10000000
10000000
10000000
10000000
10000000
10000000
1119
1382
1671
1999
2346
10000000
10000000
10000000
10000000
10000000
10000000
10000000
10000000
10000000
10000000
10000000
10000000
10000000
10000000
10000000
10000000
10000000
10000000
10000000
10000000
10000000
10000000
10000000
10000000
10000000
10000000
1151
1421
1712
2026
2382
2748
10000000
10000000
10000000
10000000
10000000
10000000
10000000
10000000
10000000
10000000
10000000
10000000
10000000
10000000
10000000
10000000
10000000
10000000
10000000
10000000
10000000
10000000
10000000
10000000
10000000
1187
1453
1741
2057
2406
2782
3177
10000000
10000000
10000000
10000000
10000000
10000000
10000000
10000000
10000000
10000000
10000000
10000000
10000000
10000000
10000000
10000000
10000000
10000000
10000000
10000000
10000000
10000000
10000000
10000000
1226
1492
1799
2126
2451
2821
3225
3657
10000000
10000000
10000000
10000000
10000000
10000000
10000000
10000000
10000000
10000000
10000000
10000000
10000000
10000000
10000000
10000000
10000000
10000000
10000000
10000000
10000000
10000000
10000000
1264
1534
1819
2136
2489
2859
3250
3679
4127
10000000
10000000
10000000
10000000
10000000
10000000
10000000
10000000
10000000
10000000
10000000
10000000
10000000
10000000
10000000
10000000
10000000
10000000
10000000
10000000
10000000
10000000
1299
1566
1857
2176
2531
2899
3296
3735
4187
4646
10000000
10000000
10000000
10000000
10000000
10000000
10000000
10000000
10000000
10000000
10000000
10000000
10000000
10000000
10000000
10000000
10000000
10000000
10000000
10000000
10000000
1336
1608
1897
2208
2572
2942
3333
3756
4223
4688
5174
10000000
10000000
10000000
10000000
10000000
10000000
10000000
10000000
10000000
10000000
10000000
10000000
10000000
10000000
10000000
10000000
10000000
10000000
10000000
10000000
1380
1651
1935
2260
2616
3017
3388
3802
4265
4730
5220
5741
10000000
10000000
10000000
10000000
10000000
10000000
10000000
10000000
10000000
10000000
10000000
10000000
10000000
10000000
10000000
10000000
10000000
10000000
10000000
1425
1691
1981
2299
2659
3015
3421
3853
4297
4778
5278
5792
6325
10000000
10000000
10000000
10000000
10000000
10000000
10000000
10000000
10000000
10000000
10000000
10000000
10000000
10000000
10000000
10000000
10000000
10000000
1480
1729
2026
2364
2699
3069
3476
3895
4346
4818
5308
5872
6382
6954
10000000
10000000
10000000
10000000
10000000
10000000
10000000
10000000
10000000
10000000
10000000
10000000
10000000
10000000
10000000
10000000
10000000
1517
1775
2074
2389
2743
3104
3516
3948
4388
4862
5350
5890
6442
6992
7592
10000000
10000000
10000000
10000000
10000000
10000000
10000000
10000000
10000000
10000000
10000000
10000000
10000000
10000000
10000000
10000000
1565
1827
2114
2436
2795
3178
3549
3980
4431
4902
5433
5926
6477
7040
7650
8260
10000000
10000000
10000000
10000000
10000000
10000000
10000000
10000000
10000000
10000000
10000000
10000000
10000000
10000000
10000000
1602
1871
2174
2480
2843
3202
3594
4059
4487
4948
5440
5962
6508
7077
7690
8303
8973
10000000
10000000
10000000
10000000
10000000
10000000
10000000
10000000
10000000
10000000
10000000
10000000
10000000
10000000
1658
1921
2217
2538
2890
3252
3663
4079
4534
5000
5500
6015
6567
7169
7732
8354
8991
9680
10000000
10000000
10000000
10000000
10000000
10000000
10000000
10000000
10000000
10000000
10000000
10000000
10000000
1705
1974
2273
2581
2940
3303
3753
4129
4586
5043
5544
6075
6628
7191
7788
8404
9087
9722
10425
10000000
10000000
10000000
10000000
10000000
10000000
10000000
10000000
10000000
10000000
10000000
10000000
1768
2057
2335
2660
3010
3369
3763
4187
4657
5160
5621
6146
6691
7246
7867
8472
9116
9812
10488
11207
10000000
10000000
10000000
10000000
10000000
10000000
10000000
10000000
10000000
10000000
10000000
1831
2112
2383
2701
3056
3430
3832
4248
4733
5187
5674
6194
6740
7303
7917
8515
9159
9851
10524
11342
12050
10000000
10000000
10000000
10000000
10000000
10000000
10000000
10000000
10000000
10000000
1959
2182
2485
2807
3195
3567
3869
4304
4757
5219
5736
6253
6796
7362
7982
8628
9221
9898
10602
11318
12074
12860
10000000
10000000
10000000
10000000
10000000
10000000
10000000
10000000
10000000
1942
2213
2506
2824
3179
3553
3944
4388
4818
5285
5872
6534
6933
7419
8025
8644
9285
9951
10690
11394
12114
12893
13680
10000000
10000000
10000000
10000000
10000000
10000000
10000000
10000000
2020
2274
2560
2878
3228
3610
3994
4440
4879
5342
5850
6359
6917
7497
8104
8705
9349
10031
10738
11463
12191
12961
13755
14548
10000000
10000000
10000000
10000000
10000000
10000000
10000000
2070
2348
2629
2963
3310
3674
4065
4492
4937
5417
5905
6413
6967
7578
8146
8762
9401
10066
10772
11536
12245
13017
13804
14612
15471
10000000
10000000
10000000
10000000
10000000
10000000
2142
2405
2679
3027
3351
3741
4126
4555
5002
5494
6008
6511
7043
7604
8223
8831
9475
10171
10869
11579
12326
13088
13938
14713
15547
16535
