10000000
10000000
10000000
10000000
10000000
10000000
10000000
10000000
10000000
10000000
10000000
10000000
10000000
10000000
10000000
10000000
10000000
10000000
10000000
10000000
10000000
10000000
10000000
10000000
10000000
10000000
10000000
10000000
10000000
10000000
10000000
10000000
10000000
10000000
10000000
10000000
10000000
10000000
10000000
10000000
10000000
10000000
10000000
10000000
10000000
10000000
10000000
10000000
10000000
10000000
10000000
10000000
10000000
10000000
10000000
10000000
10000000
10000000
10000000
10000000
10000000
10000000
10000000
10000000
10000000
10000000
10000000
10000000
10000000
10000000
10000000
10000000
10000000
10000000
10000000
10000000
10000000
10000000
10000000
10000000
10000000
10000000
10000000
10000000
10000000
10000000
10000000
10000000
10000000
10000000
10000000
10000000
10000000
10000000
10000000
10000000
10000000
10000000
10000000
10000000
10000000
10000000
10000000
10000000
10000000
10000000
10000000
10000000
10000000
10000000
10000000
10000000
10000000
10000000
10000000
10000000
10000000
10000000
10000000
10000000
10000000
10000000
10000000
10000000
10000000
10000000
10000000
10000000
10000000
10000000
10000000
10000000
10000000
10000000
10000000
10000000
10000000
10000000
10000000
10000000
10000000
10000000
10000000
10000000
10000000
10000000
10000000
10000000
10000000
10000000
10000000
10000000
10000000
10000000
10000000
10000000
10000000
10000000
10000000
10000000
10000000
10000000
10000000
10000000
10000000
10000000
10000000
10000000
10000000
10000000
10000000
10000000
10000000
10000000
10000000
10000000
10000000
10000000
10000000
10000000
10000000
10000000
10000000
10000000
10000000
10000000
10000000
10000000
10000000
10000000
10000000
10000000
1219
10000000
10000000
10000000
10000000
10000000
10000000
10000000
10000000
10000000
10000000
10000000
10000000
10000000
10000000
10000000
10000000
10000000
10000000
10000000
10000000
10000000
10000000
10000000
10000000
10000000
10000000
10000000
10000000
10000000
10000000
1245
1552
10000000
10000000
10000000
10000000
10000000
10000000
10000000
10000000
10000000
10000000
10000000
10000000
10000000
10000000
10000000
10000000
10000000
10000000
10000000
10000000
10000000
10000000
10000000
10000000
10000000
10000000
10000000
10000000
10000000
1247
1517
1819
10000000
10000000
10000000
10000000
10000000
10000000
10000000
10000000
10000000
10000000
10000000
10000000
10000000
10000000
10000000
10000000
10000000
10000000
10000000
10000000
10000000
10000000
10000000
10000000
10000000
10000000
10000000
10000000
1267
1541
1830
2146
10000000
10000000
10000000
10000000
10000000
10000000
10000000
10000000
10000000
10000000
10000000
10000000
10000000
10000000
10000000
10000000
10000000
10000000
10000000
10000000
10000000
10000000
10000000
10000000
10000000
10000000
10000000
1300
1572
1893
2197
2527
10000000
10000000
10000000
10000000
10000000
10000000
10000000
10000000
10000000
10000000
10000000
10000000
10000000
10000000
10000000
10000000
10000000
10000000
10000000
10000000
10000000
10000000
10000000
10000000
10000000
10000000
1342
1609
1909
2219
2569
2935
10000000
10000000
10000000
10000000
10000000
10000000
10000000
10000000
10000000
10000000
10000000
10000000
10000000
10000000
10000000
10000000
10000000
10000000
10000000
10000000
10000000
10000000
10000000
10000000
10000000
1386
1648
1951
2266
2605
2972
3368
10000000
10000000
10000000
10000000
10000000
10000000
10000000
10000000
10000000
10000000
10000000
10000000
10000000
10000000
10000000
10000000
10000000
10000000
10000000
10000000
10000000
10000000
10000000
10000000
1420
1690
1983
2310
2643
3012
3399
3841
10000000
10000000
10000000
10000000
10000000
10000000
10000000
10000000
10000000
10000000
10000000
10000000
10000000
10000000
10000000
10000000
10000000
10000000
10000000
10000000
10000000
10000000
10000000
1463
1737
2045
2345
2699
3060
3442
3863
4296
10000000
10000000
10000000
10000000
10000000
10000000
10000000
10000000
10000000
10000000
10000000
10000000
10000000
10000000
10000000
10000000
10000000
10000000
10000000
10000000
10000000
10000000
1498
1770
2068
2382
2727
3094
3502
3920
4331
4794
10000000
10000000
10000000
10000000
10000000
10000000
10000000
10000000
10000000
10000000
10000000
10000000
10000000
10000000
10000000
10000000
10000000
10000000
10000000
10000000
10000000
1544
1816
2122
2440
2772
3144
3527
3941
4386
4820
5325
10000000
10000000
10000000
10000000
10000000
10000000
10000000
10000000
10000000
10000000
10000000
10000000
10000000
10000000
10000000
10000000
10000000
10000000
10000000
10000000
1591
1870
2158
2479
2820
3190
3566
4046
4429
4868
5351
5874
10000000
10000000
10000000
10000000
10000000
10000000
10000000
10000000
10000000
10000000
10000000
10000000
10000000
10000000
10000000
10000000
10000000
10000000
10000000
1636
1913
2207
2526
2864
3243
3635
4038
4504
4950
5439
5933
6438
10000000
10000000
10000000
10000000
10000000
10000000
10000000
10000000
10000000
10000000
10000000
10000000
10000000
10000000
10000000
10000000
10000000
10000000
1732
1957
2251
2558
2926
3278
3665
4077
4510
4959
5452
5974
6481
7147
10000000
10000000
10000000
10000000
10000000
10000000
10000000
10000000
10000000
10000000
10000000
10000000
10000000
10000000
10000000
10000000
10000000
1731
2012
2308
2619
2961
3355
3731
4151
4573
5027
5498
6053
6540
7100
7787
10000000
10000000
10000000
10000000
10000000
10000000
10000000
10000000
10000000
10000000
10000000
10000000
10000000
10000000
10000000
10000000
1838
2063
2357
2670
3012
3381
3766
4173
4643
5078
5544
6038
6569
7108
7681
8402
10000000
10000000
10000000
10000000
10000000
10000000
10000000
10000000
10000000
10000000
10000000
10000000
10000000
10000000
10000000
1843
2125
2413
2744
3078
3427
3817
4232
4669
5124
5586
6092
6631
7168
7762
8345
9088
10000000
10000000
10000000
10000000
10000000
10000000
10000000
10000000
10000000
10000000
10000000
10000000
10000000
10000000
1938
2157
2470
2771
3129
3485
3874
4292
4721
5170
5688
6148
6672
7219
7786
8372
8988
9794
10000000
10000000
10000000
10000000
10000000
10000000
10000000
10000000
10000000
10000000
10000000
10000000
10000000
2027
2221
2519
2821
3182
3554
3938
4337
4784
5225
5720
6201
6737
7323
7859
8444
9051
9689
10534
10000000
10000000
10000000
10000000
10000000
10000000
10000000
10000000
10000000
10000000
10000000
10000000
2065
2272
2572
2889
3232
3579
3988
4394
4840
5291
5768
6281
6785
7365
7935
8495
9115
9733
10388
11302
10000000
10000000
10000000
10000000
10000000
10000000
10000000
10000000
10000000
10000000
10000000
2111
2346
2643
2981
3325
3668
4058
4474
4902
5346
5826
6344
6892
7407
7966
8572
9181
9818
10480
11184
12055
10000000
10000000
10000000
10000000
10000000
10000000
10000000
10000000
10000000
10000000
2173
2411
2693
3010
3361
3733
4115
4537
4964
5462
5893
6396
6916
7461
8037
8619
9243
9905
10518
11203
11919
12849
10000000
10000000
10000000
10000000
10000000
10000000
10000000
10000000
10000000
2312
2484
2817
3075
3426
3806
4193
4616
5033
5491
5975
6463
6999
7593
8122
8710
9345
9979
10608
11318
12005
12705
13713
10000000
10000000
10000000
10000000
10000000
10000000
10000000
10000000
2274
2549
2897
3149
3504
3868
4242
4664
5103
5544
6034
6531
7054
7599
8182
8759
9381
10002
10669
11346
12072
12745
13506
14541
10000000
10000000
10000000
10000000
10000000
10000000
10000000
2464
2611
2901
3227
3564
3934
4320
4739
5180
5634
6107
6600
7156
7678
8252
8845
9454
10085
10743
11464
12110
12837
13587
14359
15466
