10000000
10000000
10000000
10000000
10000000
10000000
10000000
10000000
10000000
10000000
10000000
10000000
10000000
10000000
10000000
10000000
10000000
10000000
10000000
10000000
10000000
10000000
10000000
10000000
10000000
10000000
10000000
10000000
10000000
10000000
10000000
10000000
10000000
10000000
10000000
10000000
10000000
10000000
10000000
10000000
10000000
10000000
10000000
10000000
10000000
10000000
10000000
10000000
10000000
10000000
10000000
10000000
10000000
10000000
10000000
10000000
10000000
10000000
10000000
10000000
10000000
10000000
10000000
10000000
10000000
10000000
10000000
10000000
10000000
10000000
10000000
10000000
10000000
10000000
10000000
10000000
10000000
10000000
10000000
10000000
10000000
10000000
10000000
10000000
10000000
10000000
10000000
10000000
10000000
10000000
10000000
10000000
10000000
10000000
10000000
10000000
10000000
10000000
10000000
10000000
10000000
10000000
10000000
10000000
10000000
10000000
10000000
10000000
10000000
10000000
10000000
10000000
10000000
10000000
10000000
10000000
10000000
10000000
10000000
10000000
10000000
10000000
10000000
10000000
10000000
10000000
10000000
10000000
10000000
10000000
10000000
10000000
10000000
10000000
10000000
10000000
10000000
10000000
10000000
10000000
10000000
10000000
10000000
10000000
10000000
10000000
10000000
10000000
10000000
10000000
10000000
10000000
10000000
10000000
10000000
10000000
10000000
10000000
10000000
10000000
10000000
10000000
10000000
10000000
10000000
10000000
10000000
10000000
10000000
10000000
10000000
10000000
10000000
10000000
10000000
10000000
10000000
10000000
10000000
10000000
10000000
10000000
10000000
10000000
10000000
10000000
10000000
10000000
10000000
10000000
10000000
10000000
1174
10000000
10000000
10000000
10000000
10000000
10000000
10000000
10000000
10000000
10000000
10000000
10000000
10000000
10000000
10000000
10000000
10000000
10000000
10000000
10000000
10000000
10000000
10000000
10000000
10000000
10000000
10000000
10000000
10000000
10000000
1199
1474
10000000
10000000
10000000
10000000
10000000
10000000
10000000
10000000
10000000
10000000
10000000
10000000
10000000
10000000
10000000
10000000
10000000
10000000
10000000
10000000
10000000
10000000
10000000
10000000
10000000
10000000
10000000
10000000
10000000
1238
1505
1805
10000000
10000000
10000000
10000000
10000000
10000000
10000000
10000000
10000000
10000000
10000000
10000000
10000000
10000000
10000000
10000000
10000000
10000000
10000000
10000000
10000000
10000000
10000000
10000000
10000000
10000000
10000000
10000000
1268
1532
1836
2149
10000000
10000000
10000000
10000000
10000000
10000000
10000000
10000000
10000000
10000000
10000000
10000000
10000000
10000000
10000000
10000000
10000000
10000000
10000000
10000000
10000000
10000000
10000000
10000000
10000000
10000000
10000000
1305
1577
1868
2194
2535
10000000
10000000
10000000
10000000
10000000
10000000
10000000
10000000
10000000
10000000
10000000
10000000
10000000
10000000
10000000
10000000
10000000
10000000
10000000
10000000
10000000
10000000
10000000
10000000
10000000
10000000
1342
1607
1909
2234
2573
2951
10000000
10000000
10000000
10000000
10000000
10000000
10000000
10000000
10000000
10000000
10000000
10000000
10000000
10000000
10000000
10000000
10000000
10000000
10000000
10000000
10000000
10000000
10000000
10000000
10000000
1394
1649
1948
2268
2611
2982
3363
10000000
10000000
10000000
10000000
10000000
10000000
10000000
10000000
10000000
10000000
10000000
10000000
10000000
10000000
10000000
10000000
10000000
10000000
10000000
10000000
10000000
10000000
10000000
10000000
1421
1684
1988
2308
2648
3012
3412
3819
10000000
10000000
10000000
10000000
10000000
10000000
10000000
10000000
10000000
10000000
10000000
10000000
10000000
10000000
10000000
10000000
10000000
10000000
10000000
10000000
10000000
10000000
10000000
1463
1736
2038
2349
2691
3061
3455
3889
4292
10000000
10000000
10000000
10000000
10000000
10000000
10000000
10000000
10000000
10000000
10000000
10000000
10000000
10000000
10000000
10000000
10000000
10000000
10000000
10000000
10000000
10000000
1500
1771
2077
2384
2742
3104
3498
3902
4334
4793
10000000
10000000
10000000
10000000
10000000
10000000
10000000
10000000
10000000
10000000
10000000
10000000
10000000
10000000
10000000
10000000
10000000
10000000
10000000
10000000
10000000
1544
1818
2120
2430
2779
3151
3529
3978
4380
4828
5302
10000000
10000000
10000000
10000000
10000000
10000000
10000000
10000000
10000000
10000000
10000000
10000000
10000000
10000000
10000000
10000000
10000000
10000000
10000000
10000000
1594
1860
2165
2475
2824
3190
3587
3994
4428
4867
5360
5895
10000000
10000000
10000000
10000000
10000000
10000000
10000000
10000000
10000000
10000000
10000000
10000000
10000000
10000000
10000000
10000000
10000000
10000000
10000000
1632
1898
2210
2514
2865
3236
3619
4030
4478
4919
5394
5898
6421
10000000
10000000
10000000
10000000
10000000
10000000
10000000
10000000
10000000
10000000
10000000
10000000
10000000
10000000
10000000
10000000
10000000
10000000
1708
1987
2247
2567
2911
3281
3663
4089
4518
4986
5439
5945
6472
7007
10000000
10000000
10000000
10000000
10000000
10000000
10000000
10000000
10000000
10000000
10000000
10000000
10000000
10000000
10000000
10000000
10000000
1750
2024
2303
2622
2974
3331
3726
4137
4564
5026
5503
6016
6529
7079
7672
10000000
10000000
10000000
10000000
10000000
10000000
10000000
10000000
10000000
10000000
10000000
10000000
10000000
10000000
10000000
10000000
1781
2044
2353
2669
3021
3397
3773
4191
4624
5089
5551
6052
6567
7161
7699
8290
10000000
10000000
10000000
10000000
10000000
10000000
10000000
10000000
10000000
10000000
10000000
10000000
10000000
10000000
10000000
1841
2118
2407
2734
3070
3439
3834
4238
4670
5147
5620
6113
6619
7173
7754
8349
8940
10000000
10000000
10000000
10000000
10000000
10000000
10000000
10000000
10000000
10000000
10000000
10000000
10000000
10000000
1904
2204
2508
2780
3139
3506
3884
4313
4734
5192
5664
6171
6692
7227
7841
8388
9006
9649
10000000
10000000
10000000
10000000
10000000
10000000
10000000
10000000
10000000
10000000
10000000
10000000
10000000
1952
2233
2534
2847
3208
3563
3951
4407
4808
5254
5727
6227
6751
7323
7870
8449
9089
9732
10375
10000000
10000000
10000000
10000000
10000000
10000000
10000000
10000000
10000000
10000000
10000000
10000000
2010
2281
2574
2899
3244
3605
3996
4412
4855
5332
5827
6292
6893
7348
7919
8495
9180
9857
10441
11111
10000000
10000000
10000000
10000000
10000000
10000000
10000000
10000000
10000000
10000000
10000000
2060
2345
2657
2969
3322
3680
4094
4508
4961
5391
5847
6371
6894
7426
8005
8597
9221
9857
10514
11180
11904
10000000
10000000
10000000
10000000
10000000
10000000
10000000
10000000
10000000
10000000
2152
2435
2713
3054
3401
3737
4138
4562
4990
5451
5906
6426
6936
7482
8098
8667
9275
9907
10550
11240
11984
12679
10000000
10000000
10000000
10000000
10000000
10000000
10000000
10000000
10000000
2221
2502
2789
3129
3472
3834
4223
4645
5077
5566
6008
6503
7041
7584
8155
8752
9350
10023
10653
11327
12050
12741
13527
10000000
10000000
10000000
10000000
10000000
10000000
10000000
10000000
2286
2558
2865
3177
3533
3898
4282
4687
5136
5584
6052
6588
7266
8060
8194
8800
9370
10017
10719
11353
12059
12753
13510
14293
10000000
10000000
10000000
10000000
10000000
10000000
10000000
2340
2607
2902
3242
3577
3946
4323
4763
5184
5619
6114
6627
7124
7690
8239
8831
9485
10085
10783
11401
12097
12808
13569
14373
15136
