10000000
10000000
10000000
10000000
10000000
10000000
10000000
10000000
10000000
10000000
10000000
10000000
10000000
10000000
10000000
10000000
10000000
10000000
10000000
10000000
10000000
10000000
10000000
10000000
10000000
10000000
10000000
10000000
10000000
10000000
10000000
10000000
10000000
10000000
10000000
10000000
10000000
10000000
10000000
10000000
10000000
10000000
10000000
10000000
10000000
10000000
10000000
10000000
10000000
10000000
10000000
10000000
10000000
10000000
10000000
10000000
10000000
10000000
10000000
10000000
10000000
10000000
10000000
10000000
10000000
10000000
10000000
10000000
10000000
10000000
10000000
10000000
10000000
10000000
10000000
10000000
10000000
10000000
10000000
10000000
10000000
10000000
10000000
10000000
10000000
10000000
10000000
10000000
10000000
10000000
10000000
10000000
10000000
10000000
10000000
10000000
10000000
10000000
10000000
10000000
10000000
10000000
10000000
10000000
10000000
10000000
10000000
10000000
10000000
10000000
10000000
10000000
10000000
10000000
10000000
10000000
10000000
10000000
10000000
10000000
10000000
10000000
10000000
10000000
10000000
10000000
10000000
10000000
10000000
10000000
10000000
10000000
10000000
10000000
10000000
10000000
10000000
10000000
10000000
10000000
10000000
10000000
10000000
10000000
10000000
10000000
10000000
10000000
10000000
10000000
10000000
10000000
10000000
10000000
10000000
10000000
10000000
10000000
10000000
10000000
10000000
10000000
10000000
10000000
10000000
10000000
10000000
10000000
10000000
10000000
10000000
10000000
10000000
10000000
10000000
10000000
10000000
10000000
10000000
10000000
10000000
10000000
10000000
10000000
10000000
10000000
10000000
10000000
10000000
10000000
10000000
10000000
1176
10000000
10000000
10000000
10000000
10000000
10000000
10000000
10000000
10000000
10000000
10000000
10000000
10000000
10000000
10000000
10000000
10000000
10000000
10000000
10000000
10000000
10000000
10000000
10000000
10000000
10000000
10000000
10000000
10000000
10000000
1204
1485
10000000
10000000
10000000
10000000
10000000
10000000
10000000
10000000
10000000
10000000
10000000
10000000
10000000
10000000
10000000
10000000
10000000
10000000
10000000
10000000
10000000
10000000
10000000
10000000
10000000
10000000
10000000
10000000
10000000
1242
1516
1824
10000000
10000000
10000000
10000000
10000000
10000000
10000000
10000000
10000000
10000000
10000000
10000000
10000000
10000000
10000000
10000000
10000000
10000000
10000000
10000000
10000000
10000000
10000000
10000000
10000000
10000000
10000000
10000000
1274
1554
1848
2187
10000000
10000000
10000000
10000000
10000000
10000000
10000000
10000000
10000000
10000000
10000000
10000000
10000000
10000000
10000000
10000000
10000000
10000000
10000000
10000000
10000000
10000000
10000000
10000000
10000000
10000000
10000000
1305
1583
1888
2201
2554
10000000
10000000
10000000
10000000
10000000
10000000
10000000
10000000
10000000
10000000
10000000
10000000
10000000
10000000
10000000
10000000
10000000
10000000
10000000
10000000
10000000
10000000
10000000
10000000
10000000
10000000
1377
1619
1925
2236
2600
2963
10000000
10000000
10000000
10000000
10000000
10000000
10000000
10000000
10000000
10000000
10000000
10000000
10000000
10000000
10000000
10000000
10000000
10000000
10000000
10000000
10000000
10000000
10000000
10000000
10000000
1391
1660
1968
2290
2632
3003
3408
10000000
10000000
10000000
10000000
10000000
10000000
10000000
10000000
10000000
10000000
10000000
10000000
10000000
10000000
10000000
10000000
10000000
10000000
10000000
10000000
10000000
10000000
10000000
10000000
1434
1706
2007
2331
2677
3054
3443
3860
10000000
10000000
10000000
10000000
10000000
10000000
10000000
10000000
10000000
10000000
10000000
10000000
10000000
10000000
10000000
10000000
10000000
10000000
10000000
10000000
10000000
10000000
10000000
1475
1749
2074
2379
2727
3085
3495
3902
4339
10000000
10000000
10000000
10000000
10000000
10000000
10000000
10000000
10000000
10000000
10000000
10000000
10000000
10000000
10000000
10000000
10000000
10000000
10000000
10000000
10000000
10000000
1508
1791
2097
2411
2751
3136
3515
3942
4387
4832
10000000
10000000
10000000
10000000
10000000
10000000
10000000
10000000
10000000
10000000
10000000
10000000
10000000
10000000
10000000
10000000
10000000
10000000
10000000
10000000
10000000
1567
1860
2174
2453
2807
3185
3578
3989
4422
4868
5356
10000000
10000000
10000000
10000000
10000000
10000000
10000000
10000000
10000000
10000000
10000000
10000000
10000000
10000000
10000000
10000000
10000000
10000000
10000000
10000000
1608
1875
2183
2505
2855
3216
3621
4024
4499
4913
5397
5905
10000000
10000000
10000000
10000000
10000000
10000000
10000000
10000000
10000000
10000000
10000000
10000000
10000000
10000000
10000000
10000000
10000000
10000000
10000000
1662
1927
2228
2560
2898
3272
3667
4087
4520
4959
5460
5976
6473
10000000
10000000
10000000
10000000
10000000
10000000
10000000
10000000
10000000
10000000
10000000
10000000
10000000
10000000
10000000
10000000
10000000
10000000
1697
1971
2291
2591
2951
3309
3701
4127
4553
5003
5493
5997
6593
7074
10000000
10000000
10000000
10000000
10000000
10000000
10000000
10000000
10000000
10000000
10000000
10000000
10000000
10000000
10000000
10000000
10000000
1755
2034
2334
2649
2997
3381
3761
4177
4617
5069
5560
6070
6602
7129
7710
10000000
10000000
10000000
10000000
10000000
10000000
10000000
10000000
10000000
10000000
10000000
10000000
10000000
10000000
10000000
10000000
1807
2081
2380
2697
3053
3432
3807
4228
4673
5120
5623
6097
6633
7170
7774
8343
10000000
10000000
10000000
10000000
10000000
10000000
10000000
10000000
10000000
10000000
10000000
10000000
10000000
10000000
10000000
1872
2145
2439
2764
3122
3501
3909
4287
4727
5171
5664
6166
6691
7238
7819
8418
9036
10000000
10000000
10000000
10000000
10000000
10000000
10000000
10000000
10000000
10000000
10000000
10000000
10000000
10000000
1917
2212
2496
2824
3165
3540
3942
4350
4794
5235
5708
6243
6761
7318
7875
8470
9065
9712
10000000
10000000
10000000
10000000
10000000
10000000
10000000
10000000
10000000
10000000
10000000
10000000
10000000
1979
2296
2589
2884
3238
3597
3991
4413
4844
5293
5781
6301
6814
7375
7961
8530
9143
9778
10453
10000000
10000000
10000000
10000000
10000000
10000000
10000000
10000000
10000000
10000000
10000000
10000000
2031
2312
2604
2942
3301
3669
4042
4454
4904
5337
5829
6325
6868
7406
7979
8602
9191
9828
10500
11154
10000000
10000000
10000000
10000000
10000000
10000000
10000000
10000000
10000000
10000000
10000000
2105
2380
2714
3045
3365
3711
4122
4540
4967
5413
5893
6399
6941
7465
8090
8634
9262
9901
10568
11229
11958
10000000
10000000
10000000
10000000
10000000
10000000
10000000
10000000
10000000
10000000
2177
2464
2747
3066
3431
3785
4181
4592
5044
5484
5964
6492
7003
7553
8127
8693
9316
9951
10648
11293
11978
12701
10000000
10000000
10000000
10000000
10000000
10000000
10000000
10000000
10000000
2272
2512
2853
3137
3530
3895
4258
4691
5124
5575
6046
6562
7100
7626
8215
8841
9423
10031
10712
11372
12093
12807
13545
10000000
10000000
10000000
10000000
10000000
10000000
10000000
10000000
2310
2593
2902
3210
3581
3933
4322
4791
5187
5626
6124
6619
7147
7674
8250
8852
9486
10100
10766
11434
12150
12931
13604
14339
10000000
10000000
10000000
10000000
10000000
10000000
10000000
2410
2657
2988
3276
3640
4043
4430
4843
5258
5719
6187
6690
7231
7765
8332
8964
9546
10181
10845
11513
12230
12959
13688
14441
15239
