10000000
10000000
10000000
10000000
10000000
10000000
10000000
10000000
10000000
10000000
10000000
10000000
10000000
10000000
10000000
10000000
10000000
10000000
10000000
10000000
10000000
10000000
10000000
10000000
10000000
10000000
10000000
10000000
10000000
10000000
10000000
10000000
10000000
10000000
10000000
10000000
10000000
10000000
10000000
10000000
10000000
10000000
10000000
10000000
10000000
10000000
10000000
10000000
10000000
10000000
10000000
10000000
10000000
10000000
10000000
10000000
10000000
10000000
10000000
10000000
10000000
10000000
10000000
10000000
10000000
10000000
10000000
10000000
10000000
10000000
10000000
10000000
10000000
10000000
10000000
10000000
10000000
10000000
10000000
10000000
10000000
10000000
10000000
10000000
10000000
10000000
10000000
10000000
10000000
10000000
10000000
10000000
10000000
10000000
10000000
10000000
10000000
10000000
10000000
10000000
10000000
10000000
10000000
10000000
10000000
10000000
10000000
10000000
10000000
10000000
10000000
10000000
10000000
10000000
10000000
10000000
10000000
10000000
10000000
10000000
10000000
10000000
10000000
10000000
10000000
10000000
10000000
10000000
10000000
10000000
10000000
10000000
10000000
10000000
10000000
10000000
10000000
10000000
10000000
10000000
10000000
10000000
10000000
10000000
10000000
10000000
10000000
10000000
10000000
10000000
10000000
10000000
10000000
10000000
10000000
10000000
10000000
10000000
10000000
10000000
10000000
10000000
10000000
10000000
10000000
10000000
10000000
10000000
10000000
10000000
10000000
10000000
10000000
10000000
10000000
10000000
10000000
10000000
10000000
10000000
10000000
10000000
10000000
10000000
10000000
10000000
10000000
10000000
10000000
10000000
10000000
10000000
1181
10000000
10000000
10000000
10000000
10000000
10000000
10000000
10000000
10000000
10000000
10000000
10000000
10000000
10000000
10000000
10000000
10000000
10000000
10000000
10000000
10000000
10000000
10000000
10000000
10000000
10000000
10000000
10000000
10000000
10000000
1212
1503
10000000
10000000
10000000
10000000
10000000
10000000
10000000
10000000
10000000
10000000
10000000
10000000
10000000
10000000
10000000
10000000
10000000
10000000
10000000
10000000
10000000
10000000
10000000
10000000
10000000
10000000
10000000
10000000
10000000
1245
1524
1826
10000000
10000000
10000000
10000000
10000000
10000000
10000000
10000000
10000000
10000000
10000000
10000000
10000000
10000000
10000000
10000000
10000000
10000000
10000000
10000000
10000000
10000000
10000000
10000000
10000000
10000000
10000000
10000000
1277
1554
1854
2182
10000000
10000000
10000000
10000000
10000000
10000000
10000000
10000000
10000000
10000000
10000000
10000000
10000000
10000000
10000000
10000000
10000000
10000000
10000000
10000000
10000000
10000000
10000000
10000000
10000000
10000000
10000000
1316
1584
1888
2206
2560
10000000
10000000
10000000
10000000
10000000
10000000
10000000
10000000
10000000
10000000
10000000
10000000
10000000
10000000
10000000
10000000
10000000
10000000
10000000
10000000
10000000
10000000
10000000
10000000
10000000
10000000
1345
1625
1925
2243
2603
2964
10000000
10000000
10000000
10000000
10000000
10000000
10000000
10000000
10000000
10000000
10000000
10000000
10000000
10000000
10000000
10000000
10000000
10000000
10000000
10000000
10000000
10000000
10000000
10000000
10000000
1394
1663
1971
2291
2641
3002
3404
10000000
10000000
10000000
10000000
10000000
10000000
10000000
10000000
10000000
10000000
10000000
10000000
10000000
10000000
10000000
10000000
10000000
10000000
10000000
10000000
10000000
10000000
10000000
10000000
1461
1704
2008
2334
2676
3050
3441
3859
10000000
10000000
10000000
10000000
10000000
10000000
10000000
10000000
10000000
10000000
10000000
10000000
10000000
10000000
10000000
10000000
10000000
10000000
10000000
10000000
10000000
10000000
10000000
1473
1753
2053
2369
2726
3096
3483
3910
4343
10000000
10000000
10000000
10000000
10000000
10000000
10000000
10000000
10000000
10000000
10000000
10000000
10000000
10000000
10000000
10000000
10000000
10000000
10000000
10000000
10000000
10000000
1522
1796
2102
2415
2780
3159
3525
3948
4391
4838
10000000
10000000
10000000
10000000
10000000
10000000
10000000
10000000
10000000
10000000
10000000
10000000
10000000
10000000
10000000
10000000
10000000
10000000
10000000
10000000
10000000
1560
1834
2138
2460
2820
3187
3573
3990
4430
4867
5371
10000000
10000000
10000000
10000000
10000000
10000000
10000000
10000000
10000000
10000000
10000000
10000000
10000000
10000000
10000000
10000000
10000000
10000000
10000000
10000000
1605
1877
2196
2501
2855
3222
3627
4044
4483
4924
5407
5921
10000000
10000000
10000000
10000000
10000000
10000000
10000000
10000000
10000000
10000000
10000000
10000000
10000000
10000000
10000000
10000000
10000000
10000000
10000000
1659
1923
2240
2551
2927
3286
3670
4088
4521
4978
5454
5947
6471
10000000
10000000
10000000
10000000
10000000
10000000
10000000
10000000
10000000
10000000
10000000
10000000
10000000
10000000
10000000
10000000
10000000
10000000
1708
1988
2285
2604
2953
3327
3737
4147
4575
5031
5499
6002
6531
7078
10000000
10000000
10000000
10000000
10000000
10000000
10000000
10000000
10000000
10000000
10000000
10000000
10000000
10000000
10000000
10000000
10000000
1764
2046
2334
2664
3008
3392
3812
4195
4633
5075
5555
6065
6597
7147
7753
10000000
10000000
10000000
10000000
10000000
10000000
10000000
10000000
10000000
10000000
10000000
10000000
10000000
10000000
10000000
10000000
1820
2095
2409
2739
3055
3431
3836
4249
4684
5138
5623
6130
6646
7201
7794
8369
10000000
10000000
10000000
10000000
10000000
10000000
10000000
10000000
10000000
10000000
10000000
10000000
10000000
10000000
10000000
1866
2148
2457
2775
3121
3493
3873
4309
4758
5188
5675
6186
6734
7236
7819
8411
9018
10000000
10000000
10000000
10000000
10000000
10000000
10000000
10000000
10000000
10000000
10000000
10000000
10000000
10000000
1931
2209
2514
2826
3179
3539
4005
4366
4793
5237
5729
6232
6776
7301
7874
8475
9107
9719
10000000
10000000
10000000
10000000
10000000
10000000
10000000
10000000
10000000
10000000
10000000
10000000
10000000
1997
2262
2568
2884
3262
3607
4003
4424
4859
5316
5828
6294
6824
7380
7948
8543
9147
9811
10448
10000000
10000000
10000000
10000000
10000000
10000000
10000000
10000000
10000000
10000000
10000000
10000000
2052
2318
2630
2955
3311
3679
4080
4484
4920
5369
5860
6421
6862
7424
7996
8595
9200
9839
10519
11194
10000000
10000000
10000000
10000000
10000000
10000000
10000000
10000000
10000000
10000000
10000000
2127
2381
2705
3014
3358
3736
4125
4561
4993
5426
5977
6410
6952
7481
8078
8658
9264
9922
10585
11245
11951
10000000
10000000
10000000
10000000
10000000
10000000
10000000
10000000
10000000
10000000
2197
2456
2765
3085
3430
3816
4225
4611
5068
5508
5990
6487
7000
7565
8133
8752
9336
9978
10645
11308
12002
12780
10000000
10000000
10000000
10000000
10000000
10000000
10000000
10000000
10000000
2261
2551
2846
3166
3527
3884
4284
4693
5159
5605
6094
6600
7105
7650
8212
8819
9438
10082
10778
11411
12126
12823
13550
10000000
10000000
10000000
10000000
10000000
10000000
10000000
10000000
2334
2606
2932
3251
3567
3940
4340
4760
5211
5647
6113
6627
7194
7715
8281
8880
9503
10138
10815
11480
12162
12871
13616
14406
10000000
10000000
10000000
10000000
10000000
10000000
10000000
2407
2689
2986
3316
3658
4043
4428
4849
5274
5741
6225
6754
7241
7790
8365
8955
9573
10206
10908
11551
12253
12964
13698
14498
15251
