10000000
10000000
10000000
10000000
10000000
10000000
10000000
10000000
10000000
10000000
10000000
10000000
10000000
10000000
10000000
10000000
10000000
10000000
10000000
10000000
10000000
10000000
10000000
10000000
10000000
10000000
10000000
10000000
10000000
10000000
10000000
10000000
10000000
10000000
10000000
10000000
10000000
10000000
10000000
10000000
10000000
10000000
10000000
10000000
10000000
10000000
10000000
10000000
10000000
10000000
10000000
10000000
10000000
10000000
10000000
10000000
10000000
10000000
10000000
10000000
10000000
10000000
10000000
10000000
10000000
10000000
10000000
10000000
10000000
10000000
10000000
10000000
10000000
10000000
10000000
10000000
10000000
10000000
10000000
10000000
10000000
10000000
10000000
10000000
10000000
10000000
10000000
10000000
10000000
10000000
10000000
10000000
10000000
10000000
10000000
10000000
10000000
10000000
10000000
10000000
10000000
10000000
10000000
10000000
10000000
10000000
10000000
10000000
10000000
10000000
10000000
10000000
10000000
10000000
10000000
10000000
10000000
10000000
10000000
10000000
10000000
10000000
10000000
10000000
10000000
10000000
10000000
10000000
10000000
10000000
10000000
10000000
10000000
10000000
10000000
10000000
10000000
10000000
10000000
10000000
10000000
10000000
10000000
10000000
10000000
10000000
10000000
10000000
10000000
10000000
10000000
10000000
10000000
10000000
10000000
10000000
10000000
10000000
10000000
10000000
10000000
10000000
10000000
10000000
10000000
10000000
10000000
10000000
10000000
10000000
10000000
10000000
10000000
10000000
10000000
10000000
10000000
10000000
10000000
10000000
10000000
10000000
10000000
10000000
10000000
10000000
10000000
10000000
10000000
10000000
10000000
10000000
1269
10000000
10000000
10000000
10000000
10000000
10000000
10000000
10000000
10000000
10000000
10000000
10000000
10000000
10000000
10000000
10000000
10000000
10000000
10000000
10000000
10000000
10000000
10000000
10000000
10000000
10000000
10000000
10000000
10000000
10000000
1295
1588
10000000
10000000
10000000
10000000
10000000
10000000
10000000
10000000
10000000
10000000
10000000
10000000
10000000
10000000
10000000
10000000
10000000
10000000
10000000
10000000
10000000
10000000
10000000
10000000
10000000
10000000
10000000
10000000
10000000
1332
1625
1954
10000000
10000000
10000000
10000000
10000000
10000000
10000000
10000000
10000000
10000000
10000000
10000000
10000000
10000000
10000000
10000000
10000000
10000000
10000000
10000000
10000000
10000000
10000000
10000000
10000000
10000000
10000000
10000000
1368
1654
1989
2342
10000000
10000000
10000000
10000000
10000000
10000000
10000000
10000000
10000000
10000000
10000000
10000000
10000000
10000000
10000000
10000000
10000000
10000000
10000000
10000000
10000000
10000000
10000000
10000000
10000000
10000000
10000000
1396
1697
2024
2365
2766
10000000
10000000
10000000
10000000
10000000
10000000
10000000
10000000
10000000
10000000
10000000
10000000
10000000
10000000
10000000
10000000
10000000
10000000
10000000
10000000
10000000
10000000
10000000
10000000
10000000
10000000
1463
1731
2061
2417
2792
3196
10000000
10000000
10000000
10000000
10000000
10000000
10000000
10000000
10000000
10000000
10000000
10000000
10000000
10000000
10000000
10000000
10000000
10000000
10000000
10000000
10000000
10000000
10000000
10000000
10000000
1484
1770
2104
2452
2833
3226
3664
10000000
10000000
10000000
10000000
10000000
10000000
10000000
10000000
10000000
10000000
10000000
10000000
10000000
10000000
10000000
10000000
10000000
10000000
10000000
10000000
10000000
10000000
10000000
10000000
1519
1822
2146
2499
2869
3270
3700
4155
10000000
10000000
10000000
10000000
10000000
10000000
10000000
10000000
10000000
10000000
10000000
10000000
10000000
10000000
10000000
10000000
10000000
10000000
10000000
10000000
10000000
10000000
10000000
1562
1881
2190
2538
2925
3324
3753
4196
4664
10000000
10000000
10000000
10000000
10000000
10000000
10000000
10000000
10000000
10000000
10000000
10000000
10000000
10000000
10000000
10000000
10000000
10000000
10000000
10000000
10000000
10000000
1607
1898
2239
2581
2964
3360
3789
4243
4709
5219
10000000
10000000
10000000
10000000
10000000
10000000
10000000
10000000
10000000
10000000
10000000
10000000
10000000
10000000
10000000
10000000
10000000
10000000
10000000
10000000
10000000
1654
1948
2284
2629
3004
3407
3830
4290
4761
5263
5758
10000000
10000000
10000000
10000000
10000000
10000000
10000000
10000000
10000000
10000000
10000000
10000000
10000000
10000000
10000000
10000000
10000000
10000000
10000000
10000000
1704
1999
2322
2674
3053
3468
3895
4338
4812
5293
5810
6371
10000000
10000000
10000000
10000000
10000000
10000000
10000000
10000000
10000000
10000000
10000000
10000000
10000000
10000000
10000000
10000000
10000000
10000000
10000000
1754
2048
2392
2718
3113
3507
3917
4377
4889
5356
5880
6422
6982
10000000
10000000
10000000
10000000
10000000
10000000
10000000
10000000
10000000
10000000
10000000
10000000
10000000
10000000
10000000
10000000
10000000
10000000
1795
2090
2428
2763
3166
3556
3969
4439
4935
5422
5932
6466
7054
7639
10000000
10000000
10000000
10000000
10000000
10000000
10000000
10000000
10000000
10000000
10000000
10000000
10000000
10000000
10000000
10000000
10000000
1861
2149
2490
2826
3208
3615
4055
4557
4984
5473
5986
6535
7112
7702
8331
10000000
10000000
10000000
10000000
10000000
10000000
10000000
10000000
10000000
10000000
10000000
10000000
10000000
10000000
10000000
10000000
1915
2211
2534
2910
3272
3660
4095
4537
5011
5503
6016
6580
7142
7740
8399
9013
10000000
10000000
10000000
10000000
10000000
10000000
10000000
10000000
10000000
10000000
10000000
10000000
10000000
10000000
10000000
1966
2282
2591
2950
3318
3731
4158
4608
5087
5565
6097
6674
7208
7820
8430
9093
9734
10000000
10000000
10000000
10000000
10000000
10000000
10000000
10000000
10000000
10000000
10000000
10000000
10000000
10000000
2032
2336
2690
3042
3383
3779
4207
4659
5135
5623
6142
6714
7278
7873
8528
9143
9820
10502
10000000
10000000
10000000
10000000
10000000
10000000
10000000
10000000
10000000
10000000
10000000
10000000
10000000
2096
2390
2718
3060
3454
3842
4299
4722
5207
5693
6226
6773
7348
7943
8573
9241
9885
10561
11282
10000000
10000000
10000000
10000000
10000000
10000000
10000000
10000000
10000000
10000000
10000000
10000000
2144
2444
2775
3128
3511
3909
4348
4789
5257
5761
6281
6827
7401
8008
8624
9283
9927
10634
11355
12083
10000000
10000000
10000000
10000000
10000000
10000000
10000000
10000000
10000000
10000000
10000000
2213
2561
2872
3196
3570
3971
4409
4855
5335
5823
6349
6898
7479
8093
8692
9345
10038
10697
11426
12179
12930
10000000
10000000
10000000
10000000
10000000
10000000
10000000
10000000
10000000
10000000
2284
2607
2926
3270
3660
4040
4467
4921
5399
5918
6397
6958
7534
8116
8745
9397
10077
10753
11470
12197
12956
13785
10000000
10000000
10000000
10000000
10000000
10000000
10000000
10000000
10000000
2377
2668
3013
3342
3734
4131
4566
5010
5492
5966
6500
7067
7605
8251
8842
9493
10182
10867
11595
12312
13070
13839
14681
10000000
10000000
10000000
10000000
10000000
10000000
10000000
10000000
2444
2738
3101
3415
3797
4207
4627
5073
5559
6042
6570
7143
7678
8296
8921
9561
10227
10968
11639
12368
13134
13908
14738
15537
10000000
10000000
10000000
10000000
10000000
10000000
10000000
2541
2812
3146
3488
3869
4267
4695
5196
5644
6114
6645
7194
7767
8358
8998
9669
10321
10991
11719
12422
13220
14007
14806
15623
16512
