10000000
10000000
10000000
10000000
10000000
10000000
10000000
10000000
10000000
10000000
10000000
10000000
10000000
10000000
10000000
10000000
10000000
10000000
10000000
10000000
10000000
10000000
10000000
10000000
10000000
10000000
10000000
10000000
10000000
10000000
10000000
10000000
10000000
10000000
10000000
10000000
10000000
10000000
10000000
10000000
10000000
10000000
10000000
10000000
10000000
10000000
10000000
10000000
10000000
10000000
10000000
10000000
10000000
10000000
10000000
10000000
10000000
10000000
10000000
10000000
10000000
10000000
10000000
10000000
10000000
10000000
10000000
10000000
10000000
10000000
10000000
10000000
10000000
10000000
10000000
10000000
10000000
10000000
10000000
10000000
10000000
10000000
10000000
10000000
10000000
10000000
10000000
10000000
10000000
10000000
10000000
10000000
10000000
10000000
10000000
10000000
10000000
10000000
10000000
10000000
10000000
10000000
10000000
10000000
10000000
10000000
10000000
10000000
10000000
10000000
10000000
10000000
10000000
10000000
10000000
10000000
10000000
10000000
10000000
10000000
10000000
10000000
10000000
10000000
10000000
10000000
10000000
10000000
10000000
10000000
10000000
10000000
10000000
10000000
10000000
10000000
10000000
10000000
10000000
10000000
10000000
10000000
10000000
10000000
10000000
10000000
10000000
10000000
10000000
10000000
10000000
10000000
10000000
10000000
10000000
10000000
10000000
10000000
10000000
10000000
10000000
10000000
10000000
10000000
10000000
10000000
10000000
10000000
10000000
10000000
10000000
10000000
10000000
10000000
10000000
10000000
10000000
10000000
10000000
10000000
10000000
10000000
10000000
10000000
10000000
10000000
10000000
10000000
10000000
10000000
10000000
10000000
1274
10000000
10000000
10000000
10000000
10000000
10000000
10000000
10000000
10000000
10000000
10000000
10000000
10000000
10000000
10000000
10000000
10000000
10000000
10000000
10000000
10000000
10000000
10000000
10000000
10000000
10000000
10000000
10000000
10000000
10000000
1295
1585
10000000
10000000
10000000
10000000
10000000
10000000
10000000
10000000
10000000
10000000
10000000
10000000
10000000
10000000
10000000
10000000
10000000
10000000
10000000
10000000
10000000
10000000
10000000
10000000
10000000
10000000
10000000
10000000
10000000
1331
1622
1953
10000000
10000000
10000000
10000000
10000000
10000000
10000000
10000000
10000000
10000000
10000000
10000000
10000000
10000000
10000000
10000000
10000000
10000000
10000000
10000000
10000000
10000000
10000000
10000000
10000000
10000000
10000000
10000000
1367
1652
1988
2337
10000000
10000000
10000000
10000000
10000000
10000000
10000000
10000000
10000000
10000000
10000000
10000000
10000000
10000000
10000000
10000000
10000000
10000000
10000000
10000000
10000000
10000000
10000000
10000000
10000000
10000000
10000000
1401
1701
2029
2374
2755
10000000
10000000
10000000
10000000
10000000
10000000
10000000
10000000
10000000
10000000
10000000
10000000
10000000
10000000
10000000
10000000
10000000
10000000
10000000
10000000
10000000
10000000
10000000
10000000
10000000
10000000
1442
1734
2062
2413
2789
3202
10000000
10000000
10000000
10000000
10000000
10000000
10000000
10000000
10000000
10000000
10000000
10000000
10000000
10000000
10000000
10000000
10000000
10000000
10000000
10000000
10000000
10000000
10000000
10000000
10000000
1480
1773
2101
2457
2856
3253
3660
10000000
10000000
10000000
10000000
10000000
10000000
10000000
10000000
10000000
10000000
10000000
10000000
10000000
10000000
10000000
10000000
10000000
10000000
10000000
10000000
10000000
10000000
10000000
10000000
1522
1823
2147
2491
2878
3282
3712
4162
10000000
10000000
10000000
10000000
10000000
10000000
10000000
10000000
10000000
10000000
10000000
10000000
10000000
10000000
10000000
10000000
10000000
10000000
10000000
10000000
10000000
10000000
10000000
1569
1871
2200
2538
2928
3326
3756
4204
4705
10000000
10000000
10000000
10000000
10000000
10000000
10000000
10000000
10000000
10000000
10000000
10000000
10000000
10000000
10000000
10000000
10000000
10000000
10000000
10000000
10000000
10000000
1611
1904
2242
2585
2959
3373
3783
4252
4718
5209
10000000
10000000
10000000
10000000
10000000
10000000
10000000
10000000
10000000
10000000
10000000
10000000
10000000
10000000
10000000
10000000
10000000
10000000
10000000
10000000
10000000
1651
1954
2286
2631
3017
3416
3839
4316
4775
5255
5779
10000000
10000000
10000000
10000000
10000000
10000000
10000000
10000000
10000000
10000000
10000000
10000000
10000000
10000000
10000000
10000000
10000000
10000000
10000000
10000000
1709
2008
2330
2680
3061
3471
3894
4348
4824
5310
5827
6415
10000000
10000000
10000000
10000000
10000000
10000000
10000000
10000000
10000000
10000000
10000000
10000000
10000000
10000000
10000000
10000000
10000000
10000000
10000000
1754
2043
2376
2718
3110
3518
3930
4383
4861
5358
5878
6428
7008
10000000
10000000
10000000
10000000
10000000
10000000
10000000
10000000
10000000
10000000
10000000
10000000
10000000
10000000
10000000
10000000
10000000
10000000
1805
2097
2432
2770
3158
3568
3987
4442
4917
5413
5938
6476
7059
7661
10000000
10000000
10000000
10000000
10000000
10000000
10000000
10000000
10000000
10000000
10000000
10000000
10000000
10000000
10000000
10000000
10000000
1854
2152
2494
2833
3209
3618
4066
4509
4983
5472
5991
6553
7144
7704
8326
10000000
10000000
10000000
10000000
10000000
10000000
10000000
10000000
10000000
10000000
10000000
10000000
10000000
10000000
10000000
10000000
1928
2218
2546
2880
3269
3678
4108
4556
5026
5530
6067
6592
7175
7758
8400
9026
10000000
10000000
10000000
10000000
10000000
10000000
10000000
10000000
10000000
10000000
10000000
10000000
10000000
10000000
10000000
1978
2265
2599
2967
3340
3722
4152
4612
5086
5575
6084
6659
7220
7825
8468
9079
9751
10000000
10000000
10000000
10000000
10000000
10000000
10000000
10000000
10000000
10000000
10000000
10000000
10000000
10000000
2039
2340
2672
3012
3392
3793
4211
4662
5135
5681
6178
6708
7278
7898
8501
9131
9805
10533
10000000
10000000
10000000
10000000
10000000
10000000
10000000
10000000
10000000
10000000
10000000
10000000
10000000
2097
2387
2737
3067
3473
3868
4293
4739
5232
5716
6228
6806
7357
7958
8578
9219
9882
10577
11331
10000000
10000000
10000000
10000000
10000000
10000000
10000000
10000000
10000000
10000000
10000000
10000000
2171
2457
2788
3135
3512
3918
4355
4797
5275
5759
6360
6854
7430
8000
8635
9265
9928
10662
11389
12099
10000000
10000000
10000000
10000000
10000000
10000000
10000000
10000000
10000000
10000000
10000000
2225
2526
2852
3210
3595
3991
4420
4861
5410
5842
6374
6920
7479
8063
8704
9344
10030
10708
11437
12163
12931
10000000
10000000
10000000
10000000
10000000
10000000
10000000
10000000
10000000
10000000
2311
2614
2920
3274
3654
4059
4508
4941
5430
5893
6426
6995
7569
8161
8761
9410
10071
10786
11492
12260
13006
13793
10000000
10000000
10000000
10000000
10000000
10000000
10000000
10000000
10000000
2372
2698
3009
3347
3787
4172
4569
5017
5501
6011
6528
7063
7654
8223
8883
9546
10210
10849
11581
12327
13132
13898
14676
10000000
10000000
10000000
10000000
10000000
10000000
10000000
10000000
2449
2764
3079
3436
3850
4205
4626
5085
5572
6055
6580
7137
7697
8298
8963
9548
10227
10921
11655
12389
13163
13914
14720
15566
10000000
10000000
10000000
10000000
10000000
10000000
10000000
2520
2821
3163
3502
3883
4282
4730
5171
5635
6132
6671
7247
7784
8380
9006
9654
10328
11023
11757
12468
13232
14015
14866
15652
16515
