10000000
10000000
10000000
10000000
10000000
10000000
10000000
10000000
10000000
10000000
10000000
10000000
10000000
10000000
10000000
10000000
10000000
10000000
10000000
10000000
10000000
10000000
10000000
10000000
10000000
10000000
10000000
10000000
10000000
10000000
10000000
10000000
10000000
10000000
10000000
10000000
10000000
10000000
10000000
10000000
10000000
10000000
10000000
10000000
10000000
10000000
10000000
10000000
10000000
10000000
10000000
10000000
10000000
10000000
10000000
10000000
10000000
10000000
10000000
10000000
10000000
10000000
10000000
10000000
10000000
10000000
10000000
10000000
10000000
10000000
10000000
10000000
10000000
10000000
10000000
10000000
10000000
10000000
10000000
10000000
10000000
10000000
10000000
10000000
10000000
10000000
10000000
10000000
10000000
10000000
10000000
10000000
10000000
10000000
10000000
10000000
10000000
10000000
10000000
10000000
10000000
10000000
10000000
10000000
10000000
10000000
10000000
10000000
10000000
10000000
10000000
10000000
10000000
10000000
10000000
10000000
10000000
10000000
10000000
10000000
10000000
10000000
10000000
10000000
10000000
10000000
10000000
10000000
10000000
10000000
10000000
10000000
10000000
10000000
10000000
10000000
10000000
10000000
10000000
10000000
10000000
10000000
10000000
10000000
10000000
10000000
10000000
10000000
10000000
10000000
10000000
10000000
10000000
10000000
10000000
10000000
10000000
10000000
10000000
10000000
10000000
10000000
10000000
10000000
10000000
10000000
10000000
10000000
10000000
10000000
10000000
10000000
10000000
10000000
10000000
10000000
10000000
10000000
10000000
10000000
10000000
10000000
10000000
10000000
10000000
10000000
10000000
10000000
10000000
10000000
10000000
10000000
1363
10000000
10000000
10000000
10000000
10000000
10000000
10000000
10000000
10000000
10000000
10000000
10000000
10000000
10000000
10000000
10000000
10000000
10000000
10000000
10000000
10000000
10000000
10000000
10000000
10000000
10000000
10000000
10000000
10000000
10000000
1391
1720
10000000
10000000
10000000
10000000
10000000
10000000
10000000
10000000
10000000
10000000
10000000
10000000
10000000
10000000
10000000
10000000
10000000
10000000
10000000
10000000
10000000
10000000
10000000
10000000
10000000
10000000
10000000
10000000
10000000
1427
1751
2113
10000000
10000000
10000000
10000000
10000000
10000000
10000000
10000000
10000000
10000000
10000000
10000000
10000000
10000000
10000000
10000000
10000000
10000000
10000000
10000000
10000000
10000000
10000000
10000000
10000000
10000000
10000000
10000000
1461
1786
2148
2528
10000000
10000000
10000000
10000000
10000000
10000000
10000000
10000000
10000000
10000000
10000000
10000000
10000000
10000000
10000000
10000000
10000000
10000000
10000000
10000000
10000000
10000000
10000000
10000000
10000000
10000000
10000000
1498
1842
2177
2556
2970
10000000
10000000
10000000
10000000
10000000
10000000
10000000
10000000
10000000
10000000
10000000
10000000
10000000
10000000
10000000
10000000
10000000
10000000
10000000
10000000
10000000
10000000
10000000
10000000
10000000
10000000
1546
1859
2217
2599
3008
3444
10000000
10000000
10000000
10000000
10000000
10000000
10000000
10000000
10000000
10000000
10000000
10000000
10000000
10000000
10000000
10000000
10000000
10000000
10000000
10000000
10000000
10000000
10000000
10000000
10000000
1582
1900
2267
2634
3047
3484
3946
10000000
10000000
10000000
10000000
10000000
10000000
10000000
10000000
10000000
10000000
10000000
10000000
10000000
10000000
10000000
10000000
10000000
10000000
10000000
10000000
10000000
10000000
10000000
10000000
1629
1948
2312
2674
3106
3545
3993
4478
10000000
10000000
10000000
10000000
10000000
10000000
10000000
10000000
10000000
10000000
10000000
10000000
10000000
10000000
10000000
10000000
10000000
10000000
10000000
10000000
10000000
10000000
10000000
1680
1996
2354
2727
3145
3583
4047
4529
5048
10000000
10000000
10000000
10000000
10000000
10000000
10000000
10000000
10000000
10000000
10000000
10000000
10000000
10000000
10000000
10000000
10000000
10000000
10000000
10000000
10000000
10000000
1711
2039
2392
2772
3192
3644
4090
4591
5090
5621
10000000
10000000
10000000
10000000
10000000
10000000
10000000
10000000
10000000
10000000
10000000
10000000
10000000
10000000
10000000
10000000
10000000
10000000
10000000
10000000
10000000
1763
2075
2445
2818
3226
3661
4120
4613
5138
5690
6261
10000000
10000000
10000000
10000000
10000000
10000000
10000000
10000000
10000000
10000000
10000000
10000000
10000000
10000000
10000000
10000000
10000000
10000000
10000000
10000000
1815
2137
2502
2879
3281
3701
4179
4681
5184
5720
6281
6879
10000000
10000000
10000000
10000000
10000000
10000000
10000000
10000000
10000000
10000000
10000000
10000000
10000000
10000000
10000000
10000000
10000000
10000000
10000000
1898
2179
2551
2915
3335
3772
4230
4727
5256
5766
6346
6926
7562
10000000
10000000
10000000
10000000
10000000
10000000
10000000
10000000
10000000
10000000
10000000
10000000
10000000
10000000
10000000
10000000
10000000
10000000
1918
2234
2597
2957
3376
3812
4275
4775
5286
5816
6390
6973
7608
8265
10000000
10000000
10000000
10000000
10000000
10000000
10000000
10000000
10000000
10000000
10000000
10000000
10000000
10000000
10000000
10000000
10000000
1977
2306
2661
3029
3442
3871
4345
4830
5352
5870
6438
7075
7671
8311
8982
10000000
10000000
10000000
10000000
10000000
10000000
10000000
10000000
10000000
10000000
10000000
10000000
10000000
10000000
10000000
10000000
2025
2350
2714
3087
3502
3920
4393
4906
5408
5933
6512
7121
7738
8369
9045
9751
10000000
10000000
10000000
10000000
10000000
10000000
10000000
10000000
10000000
10000000
10000000
10000000
10000000
10000000
10000000
2110
2413
2764
3148
3549
3989
4441
4944
5454
5990
6569
7137
7814
8420
9101
9798
10522
10000000
10000000
10000000
10000000
10000000
10000000
10000000
10000000
10000000
10000000
10000000
10000000
10000000
10000000
2160
2475
2835
3205
3641
4090
4522
5023
5534
6063
6640
7233
7863
8490
9205
9870
10589
11329
10000000
10000000
10000000
10000000
10000000
10000000
10000000
10000000
10000000
10000000
10000000
10000000
10000000
2205
2524
2896
3268
3673
4140
4616
5081
5585
6112
6690
7291
7910
8557
9243
9955
10680
11430
12218
10000000
10000000
10000000
10000000
10000000
10000000
10000000
10000000
10000000
10000000
10000000
10000000
2279
2589
2972
3357
3745
4181
4647
5136
5656
6191
6754
7335
7981
8663
9286
9982
10720
11468
12254
13087
10000000
10000000
10000000
10000000
10000000
10000000
10000000
10000000
10000000
10000000
10000000
2344
2675
3037
3400
3826
4242
4717
5197
5727
6262
6866
7432
8052
8687
9381
10060
10796
11556
12331
13108
13956
10000000
10000000
10000000
10000000
10000000
10000000
10000000
10000000
10000000
10000000
2414
2760
3116
3478
3888
4318
4788
5277
5785
6325
6893
7495
8119
8763
9427
10141
10874
11602
12423
13203
14027
14877
10000000
10000000
10000000
10000000
10000000
10000000
10000000
10000000
10000000
2501
2813
3301
3570
3958
4411
4872
5367
5875
6422
6988
7566
8198
8875
9523
10222
10954
11703
12506
13298
14100
14956
15854
10000000
10000000
10000000
10000000
10000000
10000000
10000000
10000000
2565
2905
3253
3631
4038
4467
4935
5436
5937
6463
7048
7676
8266
8894
9575
10284
11003
11810
12563
13362
14185
15050
15917
16810
10000000
10000000
10000000
10000000
10000000
10000000
10000000
2663
2990
3338
3737
4133
4582
5030
5514
6027
6567
7147
7726
8349
9009
9716
10386
11085
11872
12645
13476
14264
15079
15987
16966
17869
