10000000
10000000
10000000
10000000
10000000
10000000
10000000
10000000
10000000
10000000
10000000
10000000
10000000
10000000
10000000
10000000
10000000
10000000
10000000
10000000
10000000
10000000
10000000
10000000
10000000
10000000
10000000
10000000
10000000
10000000
10000000
10000000
10000000
10000000
10000000
10000000
10000000
10000000
10000000
10000000
10000000
10000000
10000000
10000000
10000000
10000000
10000000
10000000
10000000
10000000
10000000
10000000
10000000
10000000
10000000
10000000
10000000
10000000
10000000
10000000
10000000
10000000
10000000
10000000
10000000
10000000
10000000
10000000
10000000
10000000
10000000
10000000
10000000
10000000
10000000
10000000
10000000
10000000
10000000
10000000
10000000
10000000
10000000
10000000
10000000
10000000
10000000
10000000
10000000
10000000
10000000
10000000
10000000
10000000
10000000
10000000
10000000
10000000
10000000
10000000
10000000
10000000
10000000
10000000
10000000
10000000
10000000
10000000
10000000
10000000
10000000
10000000
10000000
10000000
10000000
10000000
10000000
10000000
10000000
10000000
10000000
10000000
10000000
10000000
10000000
10000000
10000000
10000000
10000000
10000000
10000000
10000000
10000000
10000000
10000000
10000000
10000000
10000000
10000000
10000000
10000000
10000000
10000000
10000000
10000000
10000000
10000000
10000000
10000000
10000000
10000000
10000000
10000000
10000000
10000000
10000000
10000000
10000000
10000000
10000000
10000000
10000000
10000000
10000000
10000000
10000000
10000000
10000000
10000000
10000000
10000000
10000000
10000000
10000000
10000000
10000000
10000000
10000000
10000000
10000000
10000000
10000000
10000000
10000000
10000000
10000000
10000000
10000000
10000000
10000000
10000000
10000000
1318
10000000
10000000
10000000
10000000
10000000
10000000
10000000
10000000
10000000
10000000
10000000
10000000
10000000
10000000
10000000
10000000
10000000
10000000
10000000
10000000
10000000
10000000
10000000
10000000
10000000
10000000
10000000
10000000
10000000
10000000
1354
1669
10000000
10000000
10000000
10000000
10000000
10000000
10000000
10000000
10000000
10000000
10000000
10000000
10000000
10000000
10000000
10000000
10000000
10000000
10000000
10000000
10000000
10000000
10000000
10000000
10000000
10000000
10000000
10000000
10000000
1402
1709
2062
10000000
10000000
10000000
10000000
10000000
10000000
10000000
10000000
10000000
10000000
10000000
10000000
10000000
10000000
10000000
10000000
10000000
10000000
10000000
10000000
10000000
10000000
10000000
10000000
10000000
10000000
10000000
10000000
1433
1747
2092
2452
10000000
10000000
10000000
10000000
10000000
10000000
10000000
10000000
10000000
10000000
10000000
10000000
10000000
10000000
10000000
10000000
10000000
10000000
10000000
10000000
10000000
10000000
10000000
10000000
10000000
10000000
10000000
1466
1790
2134
2493
2919
10000000
10000000
10000000
10000000
10000000
10000000
10000000
10000000
10000000
10000000
10000000
10000000
10000000
10000000
10000000
10000000
10000000
10000000
10000000
10000000
10000000
10000000
10000000
10000000
10000000
10000000
1541
1855
2186
2548
2956
3391
10000000
10000000
10000000
10000000
10000000
10000000
10000000
10000000
10000000
10000000
10000000
10000000
10000000
10000000
10000000
10000000
10000000
10000000
10000000
10000000
10000000
10000000
10000000
10000000
10000000
1572
1887
2242
2604
2997
3420
3872
10000000
10000000
10000000
10000000
10000000
10000000
10000000
10000000
10000000
10000000
10000000
10000000
10000000
10000000
10000000
10000000
10000000
10000000
10000000
10000000
10000000
10000000
10000000
10000000
1619
1915
2276
2635
3042
3460
3905
4428
10000000
10000000
10000000
10000000
10000000
10000000
10000000
10000000
10000000
10000000
10000000
10000000
10000000
10000000
10000000
10000000
10000000
10000000
10000000
10000000
10000000
10000000
10000000
1668
1977
2319
2690
3088
3514
3966
4456
4963
10000000
10000000
10000000
10000000
10000000
10000000
10000000
10000000
10000000
10000000
10000000
10000000
10000000
10000000
10000000
10000000
10000000
10000000
10000000
10000000
10000000
10000000
1724
2023
2380
2742
3159
3594
4054
4541
5080
5574
10000000
10000000
10000000
10000000
10000000
10000000
10000000
10000000
10000000
10000000
10000000
10000000
10000000
10000000
10000000
10000000
10000000
10000000
10000000
10000000
10000000
1790
2103
2451
2831
3223
3655
4112
4591
5111
5657
6228
10000000
10000000
10000000
10000000
10000000
10000000
10000000
10000000
10000000
10000000
10000000
10000000
10000000
10000000
10000000
10000000
10000000
10000000
10000000
10000000
1851
2200
2554
2885
3300
3723
4197
4665
5169
5702
6251
6841
10000000
10000000
10000000
10000000
10000000
10000000
10000000
10000000
10000000
10000000
10000000
10000000
10000000
10000000
10000000
10000000
10000000
10000000
10000000
1907
2228
2576
2950
3373
3788
4229
4716
5202
5713
6258
6852
8241
10000000
10000000
10000000
10000000
10000000
10000000
10000000
10000000
10000000
10000000
10000000
10000000
10000000
10000000
10000000
10000000
10000000
10000000
1960
2265
2628
3026
3431
3798
4254
4742
5238
5774
6317
7005
7512
8161
10000000
10000000
10000000
10000000
10000000
10000000
10000000
10000000
10000000
10000000
10000000
10000000
10000000
10000000
10000000
10000000
10000000
2049
2349
2695
3079
3465
3904
4344
4798
5288
5818
6392
7015
7570
8224
8966
10000000
10000000
10000000
10000000
10000000
10000000
10000000
10000000
10000000
10000000
10000000
10000000
10000000
10000000
10000000
10000000
2059
2357
2719
3083
3486
3915
4364
4848
5361
5892
6533
7162
7633
8261
8922
9634
10000000
10000000
10000000
10000000
10000000
10000000
10000000
10000000
10000000
10000000
10000000
10000000
10000000
10000000
10000000
2261
2526
2905
3261
3634
3979
4434
4926
5426
5938
6500
7078
7658
8424
8988
9656
10512
10000000
10000000
10000000
10000000
10000000
10000000
10000000
10000000
10000000
10000000
10000000
10000000
10000000
10000000
2189
2497
2856
3210
3606
4045
4491
5008
5491
5994
6559
7146
7764
8374
9046
9738
10460
11200
10000000
10000000
10000000
10000000
10000000
10000000
10000000
10000000
10000000
10000000
10000000
10000000
10000000
2274
2578
2933
3286
3688
4116
4564
5053
5581
6094
6631
7222
7824
8471
9145
9825
10571
11279
12180
10000000
10000000
10000000
10000000
10000000
10000000
10000000
10000000
10000000
10000000
10000000
10000000
2326
2634
2985
3360
3745
4174
4654
5123
5619
6143
6685
7269
7890
8527
9184
10019
10596
11337
12072
13129
10000000
10000000
10000000
10000000
10000000
10000000
10000000
10000000
10000000
10000000
10000000
2403
2751
3058
3425
3843
4255
4710
5190
5705
6225
6776
7355
7983
8610
9258
9960
10648
11390
12195
12965
13948
10000000
10000000
10000000
10000000
10000000
10000000
10000000
10000000
10000000
10000000
2477
2792
3153
3502
3907
4361
4813
5265
5769
6284
6843
7442
8027
8663
9348
10054
10730
11503
12233
13027
13883
14946
10000000
10000000
10000000
10000000
10000000
10000000
10000000
10000000
10000000
2585
2902
3241
3616
4023
4436
4923
5399
5867
6384
6951
7544
8141
8787
9477
10150
10834
11595
12360
13140
13989
14783
15661
10000000
10000000
10000000
10000000
10000000
10000000
10000000
10000000
2714
2972
3328
3696
4127
4511
4955
5441
5956
6467
7039
7626
8228
8888
9518
10198
10908
11663
12446
13221
14037
14884
15737
16845
10000000
10000000
10000000
10000000
10000000
10000000
10000000
2770
3070
3416
3773
4172
4608
5052
5547
6046
6602
7120
7709
8324
8944
9619
10291
11032
11764
12523
13315
14148
14989
15794
16696
17887
