10000000
10000000
10000000
10000000
10000000
10000000
10000000
10000000
10000000
10000000
10000000
10000000
10000000
10000000
10000000
10000000
10000000
10000000
10000000
10000000
10000000
10000000
10000000
10000000
10000000
10000000
10000000
10000000
10000000
10000000
10000000
10000000
10000000
10000000
10000000
10000000
10000000
10000000
10000000
10000000
10000000
10000000
10000000
10000000
10000000
10000000
10000000
10000000
10000000
10000000
10000000
10000000
10000000
10000000
10000000
10000000
10000000
10000000
10000000
10000000
10000000
10000000
10000000
10000000
10000000
10000000
10000000
10000000
10000000
10000000
10000000
10000000
10000000
10000000
10000000
10000000
10000000
10000000
10000000
10000000
10000000
10000000
10000000
10000000
10000000
10000000
10000000
10000000
10000000
10000000
10000000
10000000
10000000
10000000
10000000
10000000
10000000
10000000
10000000
10000000
10000000
10000000
10000000
10000000
10000000
10000000
10000000
10000000
10000000
10000000
10000000
10000000
10000000
10000000
10000000
10000000
10000000
10000000
10000000
10000000
10000000
10000000
10000000
10000000
10000000
10000000
10000000
10000000
10000000
10000000
10000000
10000000
10000000
10000000
10000000
10000000
10000000
10000000
10000000
10000000
10000000
10000000
10000000
10000000
10000000
10000000
10000000
10000000
10000000
10000000
10000000
10000000
10000000
10000000
10000000
10000000
10000000
10000000
10000000
10000000
10000000
10000000
10000000
10000000
10000000
10000000
10000000
10000000
10000000
10000000
10000000
10000000
10000000
10000000
10000000
10000000
10000000
10000000
10000000
10000000
10000000
10000000
10000000
10000000
10000000
10000000
10000000
10000000
10000000
10000000
10000000
10000000
1394
10000000
10000000
10000000
10000000
10000000
10000000
10000000
10000000
10000000
10000000
10000000
10000000
10000000
10000000
10000000
10000000
10000000
10000000
10000000
10000000
10000000
10000000
10000000
10000000
10000000
10000000
10000000
10000000
10000000
10000000
1424
1764
10000000
10000000
10000000
10000000
10000000
10000000
10000000
10000000
10000000
10000000
10000000
10000000
10000000
10000000
10000000
10000000
10000000
10000000
10000000
10000000
10000000
10000000
10000000
10000000
10000000
10000000
10000000
10000000
10000000
1470
1802
2174
10000000
10000000
10000000
10000000
10000000
10000000
10000000
10000000
10000000
10000000
10000000
10000000
10000000
10000000
10000000
10000000
10000000
10000000
10000000
10000000
10000000
10000000
10000000
10000000
10000000
10000000
10000000
10000000
1506
1839
2209
2605
10000000
10000000
10000000
10000000
10000000
10000000
10000000
10000000
10000000
10000000
10000000
10000000
10000000
10000000
10000000
10000000
10000000
10000000
10000000
10000000
10000000
10000000
10000000
10000000
10000000
10000000
10000000
1548
1887
2249
2649
3079
10000000
10000000
10000000
10000000
10000000
10000000
10000000
10000000
10000000
10000000
10000000
10000000
10000000
10000000
10000000
10000000
10000000
10000000
10000000
10000000
10000000
10000000
10000000
10000000
10000000
10000000
1598
1928
2304
2693
3118
3573
10000000
10000000
10000000
10000000
10000000
10000000
10000000
10000000
10000000
10000000
10000000
10000000
10000000
10000000
10000000
10000000
10000000
10000000
10000000
10000000
10000000
10000000
10000000
10000000
10000000
1647
2005
2347
2733
3174
3628
4106
10000000
10000000
10000000
10000000
10000000
10000000
10000000
10000000
10000000
10000000
10000000
10000000
10000000
10000000
10000000
10000000
10000000
10000000
10000000
10000000
10000000
10000000
10000000
10000000
1695
2027
2403
2796
3224
3691
4158
4673
10000000
10000000
10000000
10000000
10000000
10000000
10000000
10000000
10000000
10000000
10000000
10000000
10000000
10000000
10000000
10000000
10000000
10000000
10000000
10000000
10000000
10000000
10000000
1746
2078
2451
2842
3291
3747
4218
4728
5270
10000000
10000000
10000000
10000000
10000000
10000000
10000000
10000000
10000000
10000000
10000000
10000000
10000000
10000000
10000000
10000000
10000000
10000000
10000000
10000000
10000000
10000000
1793
2127
2493
2896
3313
3776
4260
4772
5313
5877
10000000
10000000
10000000
10000000
10000000
10000000
10000000
10000000
10000000
10000000
10000000
10000000
10000000
10000000
10000000
10000000
10000000
10000000
10000000
10000000
10000000
1850
2207
2558
2938
3377
3835
4325
4838
5387
5939
6517
10000000
10000000
10000000
10000000
10000000
10000000
10000000
10000000
10000000
10000000
10000000
10000000
10000000
10000000
10000000
10000000
10000000
10000000
10000000
10000000
1903
2231
2610
3007
3455
3911
4378
4900
5442
5998
6617
7219
10000000
10000000
10000000
10000000
10000000
10000000
10000000
10000000
10000000
10000000
10000000
10000000
10000000
10000000
10000000
10000000
10000000
10000000
10000000
1975
2300
2684
3056
3492
3957
4460
4968
5501
6061
6654
7284
7920
10000000
10000000
10000000
10000000
10000000
10000000
10000000
10000000
10000000
10000000
10000000
10000000
10000000
10000000
10000000
10000000
10000000
10000000
2012
2362
2712
3114
3547
3998
4505
5003
5557
6117
6713
7337
7999
8674
10000000
10000000
10000000
10000000
10000000
10000000
10000000
10000000
10000000
10000000
10000000
10000000
10000000
10000000
10000000
10000000
10000000
2117
2421
2803
3179
3623
4066
4559
5081
5625
6177
6783
7402
8084
8761
9464
10000000
10000000
10000000
10000000
10000000
10000000
10000000
10000000
10000000
10000000
10000000
10000000
10000000
10000000
10000000
10000000
2142
2474
2840
3235
3674
4128
4611
5128
5676
6246
6856
7473
8117
8800
9524
10272
10000000
10000000
10000000
10000000
10000000
10000000
10000000
10000000
10000000
10000000
10000000
10000000
10000000
10000000
10000000
2243
2554
2934
3314
3752
4195
4697
5217
5753
6319
6916
7542
8213
8883
9602
10326
11089
10000000
10000000
10000000
10000000
10000000
10000000
10000000
10000000
10000000
10000000
10000000
10000000
10000000
10000000
2288
2625
2991
3381
3834
4302
4755
5282
5825
6382
6992
7619
8275
8963
9668
10405
11181
11970
10000000
10000000
10000000
10000000
10000000
10000000
10000000
10000000
10000000
10000000
10000000
10000000
10000000
2355
2684
3078
3473
3903
4354
4836
5348
5896
6454
7052
7700
8344
9048
9773
10494
11269
12049
12875
10000000
10000000
10000000
10000000
10000000
10000000
10000000
10000000
10000000
10000000
10000000
10000000
2435
2763
3140
3514
3955
4422
4900
5420
5960
6521
7118
7755
8420
9082
9795
10552
11327
12135
12947
13777
10000000
10000000
10000000
10000000
10000000
10000000
10000000
10000000
10000000
10000000
10000000
2524
2857
3207
3600
4041
4505
5006
5513
6042
6601
7203
7838
8501
9188
9909
10646
11408
12213
13017
13875
14733
10000000
10000000
10000000
10000000
10000000
10000000
10000000
10000000
10000000
10000000
2589
2927
3296
3684
4112
4567
5055
5592
6143
6701
7290
7905
8574
9256
9967
10743
11506
12291
13125
13930
14855
15737
10000000
10000000
10000000
10000000
10000000
10000000
10000000
10000000
10000000
2681
3021
3415
3803
4226
4676
5169
5709
6230
6808
7394
8019
8682
9353
10103
10834
11618
12410
13223
14081
14968
15868
16806
10000000
10000000
10000000
10000000
10000000
10000000
10000000
10000000
2808
3096
3485
3853
4279
4763
5226
5741
6309
6888
7463
8093
8774
9422
10129
10881
11646
12488
13261
14115
14984
15899
16846
17785
10000000
10000000
10000000
10000000
10000000
10000000
10000000
2864
3180
3580
3940
4413
4865
5343
5850
6397
6962
7573
8189
8829
9562
10229
10985
11754
12561
13391
14224
15091
16012
16956
17913
18891
