10000000
10000000
10000000
10000000
10000000
10000000
10000000
10000000
10000000
10000000
10000000
10000000
10000000
10000000
10000000
10000000
10000000
10000000
10000000
10000000
10000000
10000000
10000000
10000000
10000000
10000000
10000000
10000000
10000000
10000000
10000000
10000000
10000000
10000000
10000000
10000000
10000000
10000000
10000000
10000000
10000000
10000000
10000000
10000000
10000000
10000000
10000000
10000000
10000000
10000000
10000000
10000000
10000000
10000000
10000000
10000000
10000000
10000000
10000000
10000000
10000000
10000000
10000000
10000000
10000000
10000000
10000000
10000000
10000000
10000000
10000000
10000000
10000000
10000000
10000000
10000000
10000000
10000000
10000000
10000000
10000000
10000000
10000000
10000000
10000000
10000000
10000000
10000000
10000000
10000000
10000000
10000000
10000000
10000000
10000000
10000000
206
10000000
10000000
10000000
10000000
10000000
10000000
10000000
10000000
10000000
10000000
10000000
10000000
10000000
10000000
10000000
10000000
10000000
10000000
10000000
10000000
10000000
10000000
10000000
10000000
10000000
10000000
10000000
10000000
10000000
10000000
218
278
10000000
10000000
10000000
10000000
10000000
10000000
10000000
10000000
10000000
10000000
10000000
10000000
10000000
10000000
10000000
10000000
10000000
10000000
10000000
10000000
10000000
10000000
10000000
10000000
10000000
10000000
10000000
10000000
10000000
228
290
359
10000000
10000000
10000000
10000000
10000000
10000000
10000000
10000000
10000000
10000000
10000000
10000000
10000000
10000000
10000000
10000000
10000000
10000000
10000000
10000000
10000000
10000000
10000000
10000000
10000000
10000000
10000000
10000000
242
302
369
443
10000000
10000000
10000000
10000000
10000000
10000000
10000000
10000000
10000000
10000000
10000000
10000000
10000000
10000000
10000000
10000000
10000000
10000000
10000000
10000000
10000000
10000000
10000000
10000000
10000000
10000000
10000000
254
314
381
457
535
10000000
10000000
10000000
10000000
10000000
10000000
10000000
10000000
10000000
10000000
10000000
10000000
10000000
10000000
10000000
10000000
10000000
10000000
10000000
10000000
10000000
10000000
10000000
10000000
10000000
10000000
274
328
394
469
550
639
10000000
10000000
10000000
10000000
10000000
10000000
10000000
10000000
10000000
10000000
10000000
10000000
10000000
10000000
10000000
10000000
10000000
10000000
10000000
10000000
10000000
10000000
10000000
10000000
10000000
280
343
409
488
564
651
747
10000000
10000000
10000000
10000000
10000000
10000000
10000000
10000000
10000000
10000000
10000000
10000000
10000000
10000000
10000000
10000000
10000000
10000000
10000000
10000000
10000000
10000000
10000000
10000000
295
357
424
498
581
666
760
862
10000000
10000000
10000000
10000000
10000000
10000000
10000000
10000000
10000000
10000000
10000000
10000000
10000000
10000000
10000000
10000000
10000000
10000000
10000000
10000000
10000000
10000000
10000000
308
369
438
510
592
676
774
875
978
10000000
10000000
10000000
10000000
10000000
10000000
10000000
10000000
10000000
10000000
10000000
10000000
10000000
10000000
10000000
10000000
10000000
10000000
10000000
10000000
10000000
10000000
325
387
452
526
606
693
791
890
996
1108
10000000
10000000
10000000
10000000
10000000
10000000
10000000
10000000
10000000
10000000
10000000
10000000
10000000
10000000
10000000
10000000
10000000
10000000
10000000
10000000
10000000
338
400
467
544
628
710
824
904
1015
1135
1246
10000000
10000000
10000000
10000000
10000000
10000000
10000000
10000000
10000000
10000000
10000000
10000000
10000000
10000000
10000000
10000000
10000000
10000000
10000000
10000000
355
415
481
557
637
726
821
922
1028
1139
1261
1389
10000000
10000000
10000000
10000000
10000000
10000000
10000000
10000000
10000000
10000000
10000000
10000000
10000000
10000000
10000000
10000000
10000000
10000000
10000000
367
429
496
570
655
738
834
935
1042
1156
1281
1396
1525
10000000
10000000
10000000
10000000
10000000
10000000
10000000
10000000
10000000
10000000
10000000
10000000
10000000
10000000
10000000
10000000
10000000
10000000
384
445
511
583
668
761
852
956
1056
1168
1292
1413
1547
1685
10000000
10000000
10000000
10000000
10000000
10000000
10000000
10000000
10000000
10000000
10000000
10000000
10000000
10000000
10000000
10000000
10000000
398
462
526
598
684
770
863
973
1068
1185
1302
1453
1561
1711
1841
10000000
10000000
10000000
10000000
10000000
10000000
10000000
10000000
10000000
10000000
10000000
10000000
10000000
10000000
10000000
10000000
415
474
542
621
698
788
880
980
1085
1202
1330
1449
1576
1720
1855
2009
10000000
10000000
10000000
10000000
10000000
10000000
10000000
10000000
10000000
10000000
10000000
10000000
10000000
10000000
10000000
433
497
559
632
716
802
901
998
1110
1218
1335
1464
1590
1734
1873
2022
2178
10000000
10000000
10000000
10000000
10000000
10000000
10000000
10000000
10000000
10000000
10000000
10000000
10000000
10000000
455
512
583
679
736
834
916
1024
1126
1232
1371
1478
1607
1746
1887
2040
2202
2361
10000000
10000000
10000000
10000000
10000000
10000000
10000000
10000000
10000000
10000000
10000000
10000000
10000000
467
528
596
667
748
842
931
1032
1137
1254
1372
1494
1627
1763
1908
2060
2218
2379
2549
10000000
10000000
10000000
10000000
10000000
10000000
10000000
10000000
10000000
10000000
10000000
10000000
484
544
625
686
777
855
949
1048
1161
1281
1390
1527
1647
1778
1926
2084
2235
2395
2560
2752
10000000
10000000
10000000
10000000
10000000
10000000
10000000
10000000
10000000
10000000
10000000
502
560
631
701
783
872
962
1068
1177
1292
1406
1532
1664
1798
1941
2097
2248
2413
2575
2762
2945
10000000
10000000
10000000
10000000
10000000
10000000
10000000
10000000
10000000
10000000
516
580
643
718
798
893
982
1095
1185
1303
1424
1549
1675
1815
1964
2119
2273
2437
2595
2775
2958
3137
10000000
10000000
10000000
10000000
10000000
10000000
10000000
10000000
10000000
537
597
662
737
818
906
1004
1100
1208
1320
1443
1566
1695
1852
1987
2133
2283
2445
2621
2799
2974
3159
3356
10000000
10000000
10000000
10000000
10000000
10000000
10000000
10000000
552
619
678
752
836
924
1020
1117
1231
1349
1458
1578
1717
1853
1992
2150
2303
2468
2634
2824
3005
3177
3373
3572
10000000
10000000
10000000
10000000
10000000
10000000
10000000
574
633
703
776
856
953
1035
1141
1242
1364
1473
1599
1735
1869
2017
2167
2320
2488
2650
2839
3010
3197
3398
3596
3795
10000000
10000000
10000000
10000000
10000000
10000000
593
654
722
795
876
964
1057
1155
1267
1391
1501
1627
1760
1894
2035
2187
2346
2510
2674
2854
3041
3223
3419
3619
3839
4034
10000000
10000000
10000000
10000000
10000000
622
674
748
817
899
984
1083
1179
1281
1398
1519
1640
1774
1911
2055
2208
2363
2534
2690
2876
3056
3241
3431
3638
3848
4054
4269
10000000
10000000
10000000
10000000
635
692
760
834
920
1011
1099
1201
1314
1426
1539
1664
1800
1930
2075
2232
2387
2550
2708
2889
3075
3267
3466
3647
3846
4086
4288
4509
