10000000
10000000
10000000
10000000
10000000
10000000
10000000
10000000
10000000
10000000
10000000
10000000
10000000
10000000
10000000
10000000
10000000
10000000
10000000
10000000
10000000
10000000
10000000
10000000
10000000
10000000
10000000
10000000
10000000
10000000
10000000
10000000
10000000
10000000
10000000
10000000
10000000
10000000
10000000
10000000
10000000
10000000
10000000
10000000
10000000
10000000
10000000
10000000
10000000
10000000
10000000
10000000
10000000
10000000
10000000
10000000
10000000
10000000
10000000
10000000
10000000
10000000
10000000
10000000
10000000
10000000
10000000
10000000
10000000
10000000
10000000
10000000
10000000
10000000
10000000
10000000
10000000
10000000
10000000
10000000
10000000
10000000
10000000
10000000
10000000
10000000
10000000
10000000
10000000
10000000
10000000
10000000
10000000
10000000
10000000
10000000
10000000
10000000
10000000
10000000
10000000
10000000
10000000
10000000
10000000
10000000
10000000
10000000
10000000
10000000
10000000
10000000
10000000
10000000
10000000
10000000
10000000
10000000
10000000
10000000
10000000
10000000
10000000
10000000
10000000
10000000
10000000
10000000
10000000
10000000
10000000
10000000
10000000
10000000
10000000
10000000
10000000
10000000
10000000
10000000
10000000
10000000
10000000
10000000
10000000
10000000
10000000
10000000
10000000
10000000
10000000
10000000
10000000
10000000
10000000
10000000
10000000
10000000
10000000
10000000
10000000
10000000
10000000
10000000
10000000
10000000
10000000
10000000
10000000
10000000
10000000
10000000
10000000
10000000
10000000
10000000
10000000
10000000
10000000
10000000
10000000
10000000
10000000
10000000
10000000
10000000
10000000
10000000
10000000
10000000
10000000
10000000
1402
10000000
10000000
10000000
10000000
10000000
10000000
10000000
10000000
10000000
10000000
10000000
10000000
10000000
10000000
10000000
10000000
10000000
10000000
10000000
10000000
10000000
10000000
10000000
10000000
10000000
10000000
10000000
10000000
10000000
10000000
1430
1769
10000000
10000000
10000000
10000000
10000000
10000000
10000000
10000000
10000000
10000000
10000000
10000000
10000000
10000000
10000000
10000000
10000000
10000000
10000000
10000000
10000000
10000000
10000000
10000000
10000000
10000000
10000000
10000000
10000000
1471
1804
2183
10000000
10000000
10000000
10000000
10000000
10000000
10000000
10000000
10000000
10000000
10000000
10000000
10000000
10000000
10000000
10000000
10000000
10000000
10000000
10000000
10000000
10000000
10000000
10000000
10000000
10000000
10000000
10000000
1510
1903
2212
2627
10000000
10000000
10000000
10000000
10000000
10000000
10000000
10000000
10000000
10000000
10000000
10000000
10000000
10000000
10000000
10000000
10000000
10000000
10000000
10000000
10000000
10000000
10000000
10000000
10000000
10000000
10000000
1548
1883
2261
2650
3088
10000000
10000000
10000000
10000000
10000000
10000000
10000000
10000000
10000000
10000000
10000000
10000000
10000000
10000000
10000000
10000000
10000000
10000000
10000000
10000000
10000000
10000000
10000000
10000000
10000000
10000000
1595
1929
2296
2691
3129
3583
10000000
10000000
10000000
10000000
10000000
10000000
10000000
10000000
10000000
10000000
10000000
10000000
10000000
10000000
10000000
10000000
10000000
10000000
10000000
10000000
10000000
10000000
10000000
10000000
10000000
1646
1978
2358
2752
3183
3632
4123
10000000
10000000
10000000
10000000
10000000
10000000
10000000
10000000
10000000
10000000
10000000
10000000
10000000
10000000
10000000
10000000
10000000
10000000
10000000
10000000
10000000
10000000
10000000
10000000
1703
2038
2402
2806
3217
3691
4170
4695
10000000
10000000
10000000
10000000
10000000
10000000
10000000
10000000
10000000
10000000
10000000
10000000
10000000
10000000
10000000
10000000
10000000
10000000
10000000
10000000
10000000
10000000
10000000
1740
2089
2452
2846
3286
3737
4216
4730
5286
10000000
10000000
10000000
10000000
10000000
10000000
10000000
10000000
10000000
10000000
10000000
10000000
10000000
10000000
10000000
10000000
10000000
10000000
10000000
10000000
10000000
10000000
1799
2150
2512
2913
3331
3788
4276
4793
5335
5893
10000000
10000000
10000000
10000000
10000000
10000000
10000000
10000000
10000000
10000000
10000000
10000000
10000000
10000000
10000000
10000000
10000000
10000000
10000000
10000000
10000000
1853
2176
2557
2936
3375
3838
4323
4857
5398
5940
6543
10000000
10000000
10000000
10000000
10000000
10000000
10000000
10000000
10000000
10000000
10000000
10000000
10000000
10000000
10000000
10000000
10000000
10000000
10000000
10000000
1897
2240
2622
3001
3441
3896
4385
4901
5456
6030
6620
7220
10000000
10000000
10000000
10000000
10000000
10000000
10000000
10000000
10000000
10000000
10000000
10000000
10000000
10000000
10000000
10000000
10000000
10000000
10000000
1973
2293
2681
3057
3498
3956
4447
4960
5512
6058
6675
7311
7938
10000000
10000000
10000000
10000000
10000000
10000000
10000000
10000000
10000000
10000000
10000000
10000000
10000000
10000000
10000000
10000000
10000000
10000000
2016
2364
2726
3120
3556
4007
4488
5006
5554
6131
6724
7331
7980
8671
10000000
10000000
10000000
10000000
10000000
10000000
10000000
10000000
10000000
10000000
10000000
10000000
10000000
10000000
10000000
10000000
10000000
2108
2423
2807
3193
3632
4089
4574
5116
5652
6200
6837
7437
8062
8754
9467
10000000
10000000
10000000
10000000
10000000
10000000
10000000
10000000
10000000
10000000
10000000
10000000
10000000
10000000
10000000
10000000
2173
2486
2861
3254
3696
4144
4637
5147
5697
6254
6850
7472
8152
8842
9543
10286
10000000
10000000
10000000
10000000
10000000
10000000
10000000
10000000
10000000
10000000
10000000
10000000
10000000
10000000
10000000
2215
2550
2923
3328
3751
4197
4690
5230
5780
6315
6926
7560
8200
8883
9595
10366
11100
10000000
10000000
10000000
10000000
10000000
10000000
10000000
10000000
10000000
10000000
10000000
10000000
10000000
10000000
2292
2618
2994
3385
3825
4293
4778
5287
5850
6415
6994
7620
8274
8947
9685
10417
11217
11978
10000000
10000000
10000000
10000000
10000000
10000000
10000000
10000000
10000000
10000000
10000000
10000000
10000000
2377
2696
3084
3474
3905
4364
4851
5378
5937
6499
7083
7715
8361
9043
9765
10506
11269
12051
12886
10000000
10000000
10000000
10000000
10000000
10000000
10000000
10000000
10000000
10000000
10000000
10000000
2438
2773
3149
3525
3968
4447
4937
5436
5952
6531
7128
7772
8421
9097
9843
10556
11334
12137
12974
13853
10000000
10000000
10000000
10000000
10000000
10000000
10000000
10000000
10000000
10000000
10000000
2517
2846
3218
3607
4043
4492
4990
5496
6113
6610
7235
7838
8482
9181
9900
10627
11425
12216
13024
13870
14756
10000000
10000000
10000000
10000000
10000000
10000000
10000000
10000000
10000000
10000000
2641
2929
3300
3696
4114
4594
5069
5594
6146
6683
7296
7957
8599
9268
10001
10733
11491
12302
13118
13958
14841
15778
10000000
10000000
10000000
10000000
10000000
10000000
10000000
10000000
10000000
2696
3030
3415
3787
4226
4686
5180
5705
6249
6821
7431
8057
8687
9374
10093
10834
11603
12422
13227
14072
14931
15887
16781
10000000
10000000
10000000
10000000
10000000
10000000
10000000
10000000
2776
3107
3488
3886
4305
4773
5266
5798
6347
6866
7460
8105
8762
9437
10184
10899
11663
12455
13278
14130
15006
15894
16835
17815
10000000
10000000
10000000
10000000
10000000
10000000
10000000
2865
3193
3577
3954
4394
4845
5339
5861
6442
6971
7562
8215
8853
9544
10243
11007
11751
12557
13367
14239
15132
16021
16944
17929
18900
