10000000
10000000
10000000
10000000
10000000
10000000
10000000
10000000
10000000
10000000
10000000
10000000
10000000
10000000
10000000
10000000
10000000
10000000
10000000
10000000
10000000
10000000
10000000
10000000
10000000
10000000
10000000
10000000
10000000
10000000
10000000
10000000
10000000
10000000
10000000
10000000
10000000
10000000
10000000
10000000
10000000
10000000
10000000
10000000
10000000
10000000
10000000
10000000
10000000
10000000
10000000
10000000
10000000
10000000
10000000
10000000
10000000
10000000
10000000
10000000
10000000
10000000
10000000
10000000
10000000
10000000
10000000
10000000
10000000
10000000
10000000
10000000
10000000
10000000
10000000
10000000
10000000
10000000
10000000
10000000
10000000
10000000
10000000
10000000
10000000
10000000
10000000
10000000
10000000
10000000
10000000
10000000
10000000
10000000
10000000
10000000
10000000
10000000
10000000
10000000
10000000
10000000
10000000
10000000
10000000
10000000
10000000
10000000
10000000
10000000
10000000
10000000
10000000
10000000
10000000
10000000
10000000
10000000
10000000
10000000
10000000
10000000
10000000
10000000
10000000
10000000
10000000
10000000
10000000
10000000
10000000
10000000
10000000
10000000
10000000
10000000
10000000
10000000
10000000
10000000
10000000
10000000
10000000
10000000
10000000
10000000
10000000
10000000
10000000
10000000
10000000
10000000
10000000
10000000
10000000
10000000
10000000
10000000
10000000
10000000
10000000
10000000
10000000
10000000
10000000
10000000
10000000
10000000
10000000
10000000
10000000
10000000
10000000
10000000
10000000
10000000
10000000
10000000
10000000
10000000
10000000
10000000
10000000
10000000
10000000
10000000
10000000
10000000
10000000
10000000
10000000
10000000
1390
10000000
10000000
10000000
10000000
10000000
10000000
10000000
10000000
10000000
10000000
10000000
10000000
10000000
10000000
10000000
10000000
10000000
10000000
10000000
10000000
10000000
10000000
10000000
10000000
10000000
10000000
10000000
10000000
10000000
10000000
1422
1758
10000000
10000000
10000000
10000000
10000000
10000000
10000000
10000000
10000000
10000000
10000000
10000000
10000000
10000000
10000000
10000000
10000000
10000000
10000000
10000000
10000000
10000000
10000000
10000000
10000000
10000000
10000000
10000000
10000000
1462
1796
2164
10000000
10000000
10000000
10000000
10000000
10000000
10000000
10000000
10000000
10000000
10000000
10000000
10000000
10000000
10000000
10000000
10000000
10000000
10000000
10000000
10000000
10000000
10000000
10000000
10000000
10000000
10000000
10000000
1505
1836
2201
2594
10000000
10000000
10000000
10000000
10000000
10000000
10000000
10000000
10000000
10000000
10000000
10000000
10000000
10000000
10000000
10000000
10000000
10000000
10000000
10000000
10000000
10000000
10000000
10000000
10000000
10000000
10000000
1544
1882
2245
2640
3068
10000000
10000000
10000000
10000000
10000000
10000000
10000000
10000000
10000000
10000000
10000000
10000000
10000000
10000000
10000000
10000000
10000000
10000000
10000000
10000000
10000000
10000000
10000000
10000000
10000000
10000000
1597
1947
2292
2702
3121
3580
10000000
10000000
10000000
10000000
10000000
10000000
10000000
10000000
10000000
10000000
10000000
10000000
10000000
10000000
10000000
10000000
10000000
10000000
10000000
10000000
10000000
10000000
10000000
10000000
10000000
1640
1981
2344
2736
3157
3620
4106
10000000
10000000
10000000
10000000
10000000
10000000
10000000
10000000
10000000
10000000
10000000
10000000
10000000
10000000
10000000
10000000
10000000
10000000
10000000
10000000
10000000
10000000
10000000
10000000
1686
2027
2396
2782
3218
3677
4158
4689
10000000
10000000
10000000
10000000
10000000
10000000
10000000
10000000
10000000
10000000
10000000
10000000
10000000
10000000
10000000
10000000
10000000
10000000
10000000
10000000
10000000
10000000
10000000
1742
2093
2453
2838
3274
3732
4216
4723
5261
10000000
10000000
10000000
10000000
10000000
10000000
10000000
10000000
10000000
10000000
10000000
10000000
10000000
10000000
10000000
10000000
10000000
10000000
10000000
10000000
10000000
10000000
1792
2129
2488
2887
3318
3776
4256
4804
5325
5877
10000000
10000000
10000000
10000000
10000000
10000000
10000000
10000000
10000000
10000000
10000000
10000000
10000000
10000000
10000000
10000000
10000000
10000000
10000000
10000000
10000000
1858
2176
2543
2934
3372
3827
4308
4821
5368
5935
6522
10000000
10000000
10000000
10000000
10000000
10000000
10000000
10000000
10000000
10000000
10000000
10000000
10000000
10000000
10000000
10000000
10000000
10000000
10000000
10000000
1900
2257
2612
2996
3420
3891
4376
4901
5432
5989
6591
7218
10000000
10000000
10000000
10000000
10000000
10000000
10000000
10000000
10000000
10000000
10000000
10000000
10000000
10000000
10000000
10000000
10000000
10000000
10000000
1967
2301
2755
3069
3487
3947
4432
4947
5491
6050
6642
7258
7920
10000000
10000000
10000000
10000000
10000000
10000000
10000000
10000000
10000000
10000000
10000000
10000000
10000000
10000000
10000000
10000000
10000000
10000000
2041
2349
2749
3111
3547
3999
4476
5001
5549
6104
6695
7311
7981
8684
10000000
10000000
10000000
10000000
10000000
10000000
10000000
10000000
10000000
10000000
10000000
10000000
10000000
10000000
10000000
10000000
10000000
2089
2424
2797
3171
3621
4064
4559
5084
5615
6177
6775
7440
8065
8726
9468
10000000
10000000
10000000
10000000
10000000
10000000
10000000
10000000
10000000
10000000
10000000
10000000
10000000
10000000
10000000
10000000
2158
2507
2857
3248
3679
4132
4612
5150
5698
6242
6842
7471
8106
8819
9538
10270
10000000
10000000
10000000
10000000
10000000
10000000
10000000
10000000
10000000
10000000
10000000
10000000
10000000
10000000
10000000
2216
2561
2921
3315
3739
4207
4682
5205
5746
6300
6901
7545
8179
8848
9573
10308
11073
10000000
10000000
10000000
10000000
10000000
10000000
10000000
10000000
10000000
10000000
10000000
10000000
10000000
10000000
2308
2640
3010
3383
3822
4284
4766
5280
5816
6371
6987
7611
8276
8947
9666
10396
11170
11947
10000000
10000000
10000000
10000000
10000000
10000000
10000000
10000000
10000000
10000000
10000000
10000000
10000000
2368
2719
3089
3460
3895
4358
4854
5360
5907
6457
7072
7701
8374
9031
9736
10486
11245
12037
12923
10000000
10000000
10000000
10000000
10000000
10000000
10000000
10000000
10000000
10000000
10000000
10000000
2443
2776
3147
3525
3967
4439
4918
5419
5974
6558
7150
7754
8426
9096
9798
10543
11329
12099
12923
13774
10000000
10000000
10000000
10000000
10000000
10000000
10000000
10000000
10000000
10000000
10000000
2524
2864
3230
3631
4101
4522
4999
5517
6054
6617
7202
7826
8489
9191
9884
10621
11417
12197
13030
13862
14735
10000000
10000000
10000000
10000000
10000000
10000000
10000000
10000000
10000000
10000000
2619
2938
3317
3711
4129
4617
5082
5595
6125
6695
7300
7922
8572
9249
10008
10708
11488
12283
13101
13968
14821
15712
10000000
10000000
10000000
10000000
10000000
10000000
10000000
10000000
10000000
2695
3030
3415
3792
4296
4699
5183
5697
6246
6775
7393
8015
8660
9369
10080
10810
11581
12383
13208
14034
14930
15827
16790
10000000
10000000
10000000
10000000
10000000
10000000
10000000
10000000
2793
3110
3478
3878
4303
4789
5249
5759
6318
6877
7496
8096
8775
9435
10144
10886
11679
12450
13287
14138
15031
15935
16828
17799
10000000
10000000
10000000
10000000
10000000
10000000
10000000
2893
3253
3625
3988
4405
4869
5365
5886
6426
6978
7576
8211
8888
9555
10270
11009
11787
12601
13408
14225
15113
16011
16979
17961
18941
