10000000
10000000
10000000
10000000
10000000
10000000
10000000
10000000
10000000
10000000
10000000
10000000
10000000
10000000
10000000
10000000
10000000
10000000
10000000
10000000
10000000
10000000
10000000
10000000
10000000
10000000
10000000
10000000
10000000
10000000
10000000
10000000
10000000
10000000
10000000
10000000
10000000
10000000
10000000
10000000
10000000
10000000
10000000
10000000
10000000
10000000
10000000
10000000
10000000
10000000
10000000
10000000
10000000
10000000
10000000
10000000
10000000
10000000
10000000
10000000
10000000
10000000
10000000
10000000
10000000
10000000
10000000
10000000
10000000
10000000
10000000
10000000
10000000
10000000
10000000
10000000
10000000
10000000
10000000
10000000
10000000
10000000
10000000
10000000
10000000
10000000
10000000
10000000
10000000
10000000
10000000
10000000
10000000
10000000
10000000
10000000
10000000
10000000
10000000
10000000
10000000
10000000
10000000
10000000
10000000
10000000
10000000
10000000
10000000
10000000
10000000
10000000
10000000
10000000
10000000
10000000
10000000
10000000
10000000
10000000
10000000
10000000
10000000
10000000
10000000
10000000
10000000
10000000
10000000
10000000
10000000
10000000
10000000
10000000
10000000
10000000
10000000
10000000
10000000
10000000
10000000
10000000
10000000
10000000
10000000
10000000
10000000
10000000
10000000
10000000
10000000
10000000
10000000
10000000
10000000
10000000
10000000
10000000
10000000
10000000
10000000
10000000
10000000
10000000
10000000
10000000
10000000
10000000
10000000
10000000
10000000
10000000
10000000
10000000
10000000
10000000
10000000
10000000
10000000
10000000
10000000
10000000
10000000
10000000
10000000
10000000
10000000
10000000
10000000
10000000
10000000
10000000
1401
10000000
10000000
10000000
10000000
10000000
10000000
10000000
10000000
10000000
10000000
10000000
10000000
10000000
10000000
10000000
10000000
10000000
10000000
10000000
10000000
10000000
10000000
10000000
10000000
10000000
10000000
10000000
10000000
10000000
10000000
1433
1765
10000000
10000000
10000000
10000000
10000000
10000000
10000000
10000000
10000000
10000000
10000000
10000000
10000000
10000000
10000000
10000000
10000000
10000000
10000000
10000000
10000000
10000000
10000000
10000000
10000000
10000000
10000000
10000000
10000000
1485
1798
2179
10000000
10000000
10000000
10000000
10000000
10000000
10000000
10000000
10000000
10000000
10000000
10000000
10000000
10000000
10000000
10000000
10000000
10000000
10000000
10000000
10000000
10000000
10000000
10000000
10000000
10000000
10000000
10000000
1505
1847
2225
2613
10000000
10000000
10000000
10000000
10000000
10000000
10000000
10000000
10000000
10000000
10000000
10000000
10000000
10000000
10000000
10000000
10000000
10000000
10000000
10000000
10000000
10000000
10000000
10000000
10000000
10000000
10000000
1545
1883
2260
2653
3092
10000000
10000000
10000000
10000000
10000000
10000000
10000000
10000000
10000000
10000000
10000000
10000000
10000000
10000000
10000000
10000000
10000000
10000000
10000000
10000000
10000000
10000000
10000000
10000000
10000000
10000000
1603
1941
2317
2692
3123
3590
10000000
10000000
10000000
10000000
10000000
10000000
10000000
10000000
10000000
10000000
10000000
10000000
10000000
10000000
10000000
10000000
10000000
10000000
10000000
10000000
10000000
10000000
10000000
10000000
10000000
1645
1984
2351
2744
3190
3647
4109
10000000
10000000
10000000
10000000
10000000
10000000
10000000
10000000
10000000
10000000
10000000
10000000
10000000
10000000
10000000
10000000
10000000
10000000
10000000
10000000
10000000
10000000
10000000
10000000
1695
2035
2406
2793
3223
3687
4158
4690
10000000
10000000
10000000
10000000
10000000
10000000
10000000
10000000
10000000
10000000
10000000
10000000
10000000
10000000
10000000
10000000
10000000
10000000
10000000
10000000
10000000
10000000
10000000
1752
2079
2458
2844
3277
3737
4211
4750
5286
10000000
10000000
10000000
10000000
10000000
10000000
10000000
10000000
10000000
10000000
10000000
10000000
10000000
10000000
10000000
10000000
10000000
10000000
10000000
10000000
10000000
10000000
1803
2148
2506
2898
3328
3794
4263
4791
5340
5893
10000000
10000000
10000000
10000000
10000000
10000000
10000000
10000000
10000000
10000000
10000000
10000000
10000000
10000000
10000000
10000000
10000000
10000000
10000000
10000000
10000000
1850
2180
2561
2963
3394
3847
4334
4835
5379
5951
6554
10000000
10000000
10000000
10000000
10000000
10000000
10000000
10000000
10000000
10000000
10000000
10000000
10000000
10000000
10000000
10000000
10000000
10000000
10000000
10000000
1915
2252
2627
3084
4113
4058
4430
4901
5458
6000
6608
7235
10000000
10000000
10000000
10000000
10000000
10000000
10000000
10000000
10000000
10000000
10000000
10000000
10000000
10000000
10000000
10000000
10000000
10000000
10000000
1971
2297
2666
3067
3500
3965
4464
5005
5544
6074
6673
7304
7940
10000000
10000000
10000000
10000000
10000000
10000000
10000000
10000000
10000000
10000000
10000000
10000000
10000000
10000000
10000000
10000000
10000000
10000000
2032
2370
2740
3123
3576
4045
4529
5035
5586
6129
6732
7345
8012
8702
10000000
10000000
10000000
10000000
10000000
10000000
10000000
10000000
10000000
10000000
10000000
10000000
10000000
10000000
10000000
10000000
10000000
2094
2449
2803
3231
3634
4089
4568
5094
5641
6193
6791
7433
8073
8763
9487
10000000
10000000
10000000
10000000
10000000
10000000
10000000
10000000
10000000
10000000
10000000
10000000
10000000
10000000
10000000
10000000
2168
2499
2857
3240
3683
4151
4633
5152
5692
6262
6917
7495
8142
8817
9559
10273
10000000
10000000
10000000
10000000
10000000
10000000
10000000
10000000
10000000
10000000
10000000
10000000
10000000
10000000
10000000
2241
2553
2932
3345
3786
4216
4695
5227
5769
6321
6925
7549
8202
8900
9626
10334
11116
10000000
10000000
10000000
10000000
10000000
10000000
10000000
10000000
10000000
10000000
10000000
10000000
10000000
10000000
2302
2652
3007
3414
3860
4289
4783
5303
5860
6389
6995
7619
8268
8956
9693
10418
11166
11960
10000000
10000000
10000000
10000000
10000000
10000000
10000000
10000000
10000000
10000000
10000000
10000000
10000000
2384
2714
3101
3488
3921
4377
4863
5382
5932
6488
7079
7710
8373
9039
9813
10524
11290
12083
12921
10000000
10000000
10000000
10000000
10000000
10000000
10000000
10000000
10000000
10000000
10000000
10000000
2478
2782
3190
3550
3987
4442
4942
5443
6000
6561
7149
7765
8464
9108
9821
10552
11309
12120
12983
13804
10000000
10000000
10000000
10000000
10000000
10000000
10000000
10000000
10000000
10000000
10000000
2548
2865
3252
3618
4074
4522
5002
5555
6122
6636
7241
7855
8532
9197
9916
10681
11414
12229
13053
13905
14808
10000000
10000000
10000000
10000000
10000000
10000000
10000000
10000000
10000000
10000000
2633
2965
3339
3709
4161
4616
5105
5625
6173
6759
7335
7937
8607
9310
10022
10765
11552
12296
13174
13967
14876
15779
10000000
10000000
10000000
10000000
10000000
10000000
10000000
10000000
10000000
2714
3052
3459
3822
4273
4707
5204
5749
6305
6833
7429
8045
8697
9377
10116
10882
11629
12427
13250
14087
15020
15884
16821
10000000
10000000
10000000
10000000
10000000
10000000
10000000
10000000
2809
3148
3527
3942
4339
4794
5298
5824
6340
6886
7497
8128
8821
9459
10169
10900
11696
12482
13334
14137
15005
15921
16885
17787
10000000
10000000
10000000
10000000
10000000
10000000
10000000
2902
3221
3593
3991
4413
4905
5401
5884
6444
6999
7593
8214
8858
9574
10290
11010
11809
12584
13437
14264
15119
16035
16978
17930
18911
