10000000
10000000
10000000
10000000
10000000
10000000
10000000
10000000
10000000
10000000
10000000
10000000
10000000
10000000
10000000
10000000
10000000
10000000
10000000
10000000
10000000
10000000
10000000
10000000
10000000
10000000
10000000
10000000
10000000
10000000
10000000
10000000
10000000
10000000
10000000
10000000
10000000
10000000
10000000
10000000
10000000
10000000
10000000
10000000
10000000
10000000
10000000
10000000
10000000
10000000
10000000
10000000
10000000
10000000
10000000
10000000
10000000
10000000
10000000
10000000
10000000
10000000
10000000
10000000
10000000
10000000
10000000
10000000
10000000
10000000
10000000
10000000
10000000
10000000
10000000
10000000
10000000
10000000
10000000
10000000
10000000
10000000
10000000
10000000
10000000
10000000
10000000
10000000
10000000
10000000
10000000
10000000
10000000
10000000
10000000
10000000
10000000
10000000
10000000
10000000
10000000
10000000
10000000
10000000
10000000
10000000
10000000
10000000
10000000
10000000
10000000
10000000
10000000
10000000
10000000
10000000
10000000
10000000
10000000
10000000
10000000
10000000
10000000
10000000
10000000
10000000
10000000
10000000
10000000
10000000
10000000
10000000
10000000
10000000
10000000
10000000
10000000
10000000
10000000
10000000
10000000
10000000
10000000
10000000
10000000
10000000
10000000
10000000
10000000
10000000
10000000
10000000
10000000
10000000
10000000
10000000
10000000
10000000
10000000
10000000
10000000
10000000
10000000
10000000
10000000
10000000
10000000
10000000
10000000
10000000
10000000
10000000
10000000
10000000
10000000
10000000
10000000
10000000
10000000
10000000
10000000
10000000
10000000
10000000
10000000
10000000
10000000
10000000
10000000
10000000
10000000
10000000
1480
10000000
10000000
10000000
10000000
10000000
10000000
10000000
10000000
10000000
10000000
10000000
10000000
10000000
10000000
10000000
10000000
10000000
10000000
10000000
10000000
10000000
10000000
10000000
10000000
10000000
10000000
10000000
10000000
10000000
10000000
1512
1876
10000000
10000000
10000000
10000000
10000000
10000000
10000000
10000000
10000000
10000000
10000000
10000000
10000000
10000000
10000000
10000000
10000000
10000000
10000000
10000000
10000000
10000000
10000000
10000000
10000000
10000000
10000000
10000000
10000000
1549
1914
2300
10000000
10000000
10000000
10000000
10000000
10000000
10000000
10000000
10000000
10000000
10000000
10000000
10000000
10000000
10000000
10000000
10000000
10000000
10000000
10000000
10000000
10000000
10000000
10000000
10000000
10000000
10000000
10000000
1594
1940
2361
2756
10000000
10000000
10000000
10000000
10000000
10000000
10000000
10000000
10000000
10000000
10000000
10000000
10000000
10000000
10000000
10000000
10000000
10000000
10000000
10000000
10000000
10000000
10000000
10000000
10000000
10000000
10000000
1655
1993
2390
2800
3276
10000000
10000000
10000000
10000000
10000000
10000000
10000000
10000000
10000000
10000000
10000000
10000000
10000000
10000000
10000000
10000000
10000000
10000000
10000000
10000000
10000000
10000000
10000000
10000000
10000000
10000000
1682
2040
2447
2854
3309
3803
10000000
10000000
10000000
10000000
10000000
10000000
10000000
10000000
10000000
10000000
10000000
10000000
10000000
10000000
10000000
10000000
10000000
10000000
10000000
10000000
10000000
10000000
10000000
10000000
10000000
1732
2084
2490
2904
3363
3861
4370
10000000
10000000
10000000
10000000
10000000
10000000
10000000
10000000
10000000
10000000
10000000
10000000
10000000
10000000
10000000
10000000
10000000
10000000
10000000
10000000
10000000
10000000
10000000
10000000
1798
2142
2544
2966
3416
3895
4435
4989
10000000
10000000
10000000
10000000
10000000
10000000
10000000
10000000
10000000
10000000
10000000
10000000
10000000
10000000
10000000
10000000
10000000
10000000
10000000
10000000
10000000
10000000
10000000
1832
2200
2594
3013
3468
3962
4489
5041
5617
10000000
10000000
10000000
10000000
10000000
10000000
10000000
10000000
10000000
10000000
10000000
10000000
10000000
10000000
10000000
10000000
10000000
10000000
10000000
10000000
10000000
10000000
1892
2260
2649
3062
3521
4006
4531
5076
5670
6264
10000000
10000000
10000000
10000000
10000000
10000000
10000000
10000000
10000000
10000000
10000000
10000000
10000000
10000000
10000000
10000000
10000000
10000000
10000000
10000000
10000000
1939
2296
2706
3121
3573
4075
4593
5162
5725
6322
6985
10000000
10000000
10000000
10000000
10000000
10000000
10000000
10000000
10000000
10000000
10000000
10000000
10000000
10000000
10000000
10000000
10000000
10000000
10000000
10000000
2009
2355
2767
3179
3641
4119
4649
5205
5800
6383
7021
7698
10000000
10000000
10000000
10000000
10000000
10000000
10000000
10000000
10000000
10000000
10000000
10000000
10000000
10000000
10000000
10000000
10000000
10000000
10000000
2061
2425
2812
3234
3688
4200
4724
5253
5851
6452
7073
7749
8435
10000000
10000000
10000000
10000000
10000000
10000000
10000000
10000000
10000000
10000000
10000000
10000000
10000000
10000000
10000000
10000000
10000000
10000000
2114
2480
2869
3297
3754
4232
4779
5330
5892
6480
7130
7806
8522
9234
10000000
10000000
10000000
10000000
10000000
10000000
10000000
10000000
10000000
10000000
10000000
10000000
10000000
10000000
10000000
10000000
10000000
2202
2562
2965
3392
3823
4334
4847
5436
5989
6580
7223
7894
8616
9331
10089
10000000
10000000
10000000
10000000
10000000
10000000
10000000
10000000
10000000
10000000
10000000
10000000
10000000
10000000
10000000
10000000
2262
2631
3008
3426
3895
4373
4905
5442
6063
6654
7283
7961
8727
9418
10180
10974
10000000
10000000
10000000
10000000
10000000
10000000
10000000
10000000
10000000
10000000
10000000
10000000
10000000
10000000
10000000
2327
2703
3085
3495
3965
4466
4980
5540
6124
6722
7363
8049
8749
9449
10228
11022
11838
10000000
10000000
10000000
10000000
10000000
10000000
10000000
10000000
10000000
10000000
10000000
10000000
10000000
10000000
2407
2758
3177
3580
4034
4524
5050
5620
6207
6788
7418
8103
8901
9540
10313
11107
11929
12799
10000000
10000000
10000000
10000000
10000000
10000000
10000000
10000000
10000000
10000000
10000000
10000000
10000000
2476
2837
3236
3648
4113
4625
5130
5705
6259
6871
7513
8228
8878
9623
10389
11178
12011
12850
13753
10000000
10000000
10000000
10000000
10000000
10000000
10000000
10000000
10000000
10000000
10000000
10000000
2573
2923
3303
3731
4199
4657
5218
5754
6348
6933
7593
8246
8954
9674
10446
11249
12067
12917
13797
14731
10000000
10000000
10000000
10000000
10000000
10000000
10000000
10000000
10000000
10000000
10000000
2646
3025
3424
3900
4324
4772
5290
5840
6420
7027
7683
8337
9062
9773
10565
11345
12209
13009
13904
14792
15809
10000000
10000000
10000000
10000000
10000000
10000000
10000000
10000000
10000000
10000000
2750
3081
3492
3929
4384
4852
5377
5939
6524
7128
7789
8426
9126
9862
10631
11415
12250
13079
13954
14841
15841
16772
10000000
10000000
10000000
10000000
10000000
10000000
10000000
10000000
10000000
2824
3177
3581
3992
4451
4962
5488
6054
6600
7213
7839
8560
9231
9943
10764
11531
12337
13193
14073
15011
15935
16935
17943
10000000
10000000
10000000
10000000
10000000
10000000
10000000
10000000
2912
3270
3648
4063
4552
5036
5549
6107
6704
7294
7979
8598
9321
10037
10796
11616
12469
13281
14152
15074
16056
16999
17972
19027
10000000
10000000
10000000
10000000
10000000
10000000
10000000
3014
3387
3773
4159
4653
5137
5654
6209
6786
7424
8055
8700
9393
10135
10910
11698
12529
13374
14284
15175
16161
17072
18091
19146
20249
