10000000
10000000
10000000
10000000
10000000
10000000
10000000
10000000
10000000
10000000
10000000
10000000
10000000
10000000
10000000
10000000
10000000
10000000
10000000
10000000
10000000
10000000
10000000
10000000
10000000
10000000
10000000
10000000
10000000
10000000
10000000
10000000
10000000
10000000
10000000
10000000
10000000
10000000
10000000
10000000
10000000
10000000
10000000
10000000
10000000
10000000
10000000
10000000
10000000
10000000
10000000
10000000
10000000
10000000
10000000
10000000
10000000
10000000
10000000
10000000
10000000
10000000
10000000
10000000
10000000
10000000
10000000
10000000
10000000
10000000
10000000
10000000
10000000
10000000
10000000
10000000
10000000
10000000
10000000
10000000
10000000
10000000
10000000
10000000
10000000
10000000
10000000
10000000
10000000
10000000
10000000
10000000
10000000
10000000
10000000
10000000
10000000
10000000
10000000
10000000
10000000
10000000
10000000
10000000
10000000
10000000
10000000
10000000
10000000
10000000
10000000
10000000
10000000
10000000
10000000
10000000
10000000
10000000
10000000
10000000
10000000
10000000
10000000
10000000
10000000
10000000
10000000
10000000
10000000
10000000
10000000
10000000
10000000
10000000
10000000
10000000
10000000
10000000
10000000
10000000
10000000
10000000
10000000
10000000
10000000
10000000
10000000
10000000
10000000
10000000
10000000
10000000
10000000
10000000
10000000
10000000
10000000
10000000
10000000
10000000
10000000
10000000
10000000
10000000
10000000
10000000
10000000
10000000
10000000
10000000
10000000
10000000
10000000
10000000
10000000
10000000
10000000
10000000
10000000
10000000
10000000
10000000
10000000
10000000
10000000
10000000
10000000
10000000
10000000
10000000
10000000
10000000
1476
10000000
10000000
10000000
10000000
10000000
10000000
10000000
10000000
10000000
10000000
10000000
10000000
10000000
10000000
10000000
10000000
10000000
10000000
10000000
10000000
10000000
10000000
10000000
10000000
10000000
10000000
10000000
10000000
10000000
10000000
1512
1870
10000000
10000000
10000000
10000000
10000000
10000000
10000000
10000000
10000000
10000000
10000000
10000000
10000000
10000000
10000000
10000000
10000000
10000000
10000000
10000000
10000000
10000000
10000000
10000000
10000000
10000000
10000000
10000000
10000000
1555
1912
2314
10000000
10000000
10000000
10000000
10000000
10000000
10000000
10000000
10000000
10000000
10000000
10000000
10000000
10000000
10000000
10000000
10000000
10000000
10000000
10000000
10000000
10000000
10000000
10000000
10000000
10000000
10000000
10000000
1593
1945
2351
2765
10000000
10000000
10000000
10000000
10000000
10000000
10000000
10000000
10000000
10000000
10000000
10000000
10000000
10000000
10000000
10000000
10000000
10000000
10000000
10000000
10000000
10000000
10000000
10000000
10000000
10000000
10000000
1643
1988
2389
2821
3285
10000000
10000000
10000000
10000000
10000000
10000000
10000000
10000000
10000000
10000000
10000000
10000000
10000000
10000000
10000000
10000000
10000000
10000000
10000000
10000000
10000000
10000000
10000000
10000000
10000000
10000000
1689
2054
2441
2853
3323
3833
10000000
10000000
10000000
10000000
10000000
10000000
10000000
10000000
10000000
10000000
10000000
10000000
10000000
10000000
10000000
10000000
10000000
10000000
10000000
10000000
10000000
10000000
10000000
10000000
10000000
1737
2098
2492
2905
3375
3868
4383
10000000
10000000
10000000
10000000
10000000
10000000
10000000
10000000
10000000
10000000
10000000
10000000
10000000
10000000
10000000
10000000
10000000
10000000
10000000
10000000
10000000
10000000
10000000
10000000
1796
2148
2548
2957
3452
3940
4435
4998
10000000
10000000
10000000
10000000
10000000
10000000
10000000
10000000
10000000
10000000
10000000
10000000
10000000
10000000
10000000
10000000
10000000
10000000
10000000
10000000
10000000
10000000
10000000
1844
2216
2603
3019
3473
3981
4490
5051
5633
10000000
10000000
10000000
10000000
10000000
10000000
10000000
10000000
10000000
10000000
10000000
10000000
10000000
10000000
10000000
10000000
10000000
10000000
10000000
10000000
10000000
10000000
1888
2253
2647
3077
3555
4028
4573
5093
5678
6277
10000000
10000000
10000000
10000000
10000000
10000000
10000000
10000000
10000000
10000000
10000000
10000000
10000000
10000000
10000000
10000000
10000000
10000000
10000000
10000000
10000000
1953
2314
2713
3120
3602
4098
4598
5150
5762
6364
6958
10000000
10000000
10000000
10000000
10000000
10000000
10000000
10000000
10000000
10000000
10000000
10000000
10000000
10000000
10000000
10000000
10000000
10000000
10000000
10000000
2008
2371
2759
3178
3645
4129
4654
5216
5782
6388
7052
7701
10000000
10000000
10000000
10000000
10000000
10000000
10000000
10000000
10000000
10000000
10000000
10000000
10000000
10000000
10000000
10000000
10000000
10000000
10000000
2066
2417
2825
3234
3711
4192
4705
5269
5856
6448
7109
7773
8459
10000000
10000000
10000000
10000000
10000000
10000000
10000000
10000000
10000000
10000000
10000000
10000000
10000000
10000000
10000000
10000000
10000000
10000000
2138
2488
2891
3296
3766
4253
4781
5334
5908
6528
7186
7817
8528
9260
10000000
10000000
10000000
10000000
10000000
10000000
10000000
10000000
10000000
10000000
10000000
10000000
10000000
10000000
10000000
10000000
10000000
2193
2572
2956
3374
3839
4343
4851
5413
5997
6581
7234
7902
8595
9342
10138
10000000
10000000
10000000
10000000
10000000
10000000
10000000
10000000
10000000
10000000
10000000
10000000
10000000
10000000
10000000
10000000
2280
2609
3020
3430
3891
4397
4913
5467
6050
6660
7312
7975
8662
9391
10170
10960
10000000
10000000
10000000
10000000
10000000
10000000
10000000
10000000
10000000
10000000
10000000
10000000
10000000
10000000
10000000
2348
2692
3121
3511
3997
4457
4985
5543
6113
6710
7350
8057
8725
9489
10222
11013
11846
10000000
10000000
10000000
10000000
10000000
10000000
10000000
10000000
10000000
10000000
10000000
10000000
10000000
10000000
2406
2780
3177
3585
4081
4597
5069
5609
6198
6812
7447
8127
8809
9564
10342
11100
11941
12769
10000000
10000000
10000000
10000000
10000000
10000000
10000000
10000000
10000000
10000000
10000000
10000000
10000000
2497
2893
3253
3701
4133
4618
5160
5703
6302
6877
7518
8205
8977
9643
10429
11200
12016
12891
13772
10000000
10000000
10000000
10000000
10000000
10000000
10000000
10000000
10000000
10000000
10000000
10000000
2566
2915
3315
3738
4204
4676
5210
5766
6352
6966
7598
8256
8959
9712
10460
11261
12105
12948
13826
14724
10000000
10000000
10000000
10000000
10000000
10000000
10000000
10000000
10000000
10000000
10000000
2656
3042
3419
3831
4312
4782
5299
5846
6433
7026
7657
8358
9036
9772
10531
11307
12146
13030
13878
14773
15728
10000000
10000000
10000000
10000000
10000000
10000000
10000000
10000000
10000000
10000000
2751
3130
3511
3923
4374
4888
5379
5943
6527
7114
7801
8461
9164
9870
10655
11468
12270
13170
13998
14883
15852
16818
10000000
10000000
10000000
10000000
10000000
10000000
10000000
10000000
10000000
2832
3190
3597
4019
4478
4975
5476
6052
6652
7282
7860
8559
9279
9992
10752
11565
12397
13257
14105
15039
15991
16957
17970
10000000
10000000
10000000
10000000
10000000
10000000
10000000
10000000
2977
3287
3725
4108
4573
5062
5575
6130
6714
7316
7946
8645
9337
10047
10816
11609
12438
13342
14169
15091
16046
17048
18022
19013
10000000
10000000
10000000
10000000
10000000
10000000
10000000
3045
3380
3798
4207
4676
5156
5665
6208
6802
7406
8055
8746
9437
10161
10922
11714
12579
13427
14304
15199
16114
17146
18095
19127
20220
