10000000
10000000
10000000
10000000
10000000
10000000
10000000
10000000
10000000
10000000
10000000
10000000
10000000
10000000
10000000
10000000
10000000
10000000
10000000
10000000
10000000
10000000
10000000
10000000
10000000
10000000
10000000
10000000
10000000
10000000
10000000
10000000
10000000
10000000
10000000
10000000
10000000
10000000
10000000
10000000
10000000
10000000
10000000
10000000
10000000
10000000
10000000
10000000
10000000
10000000
10000000
10000000
10000000
10000000
10000000
10000000
10000000
10000000
10000000
10000000
10000000
10000000
10000000
10000000
10000000
10000000
10000000
10000000
10000000
10000000
10000000
10000000
10000000
10000000
10000000
10000000
10000000
10000000
10000000
10000000
10000000
10000000
10000000
10000000
10000000
10000000
10000000
10000000
10000000
10000000
10000000
10000000
10000000
10000000
10000000
10000000
10000000
10000000
10000000
10000000
10000000
10000000
10000000
10000000
10000000
10000000
10000000
10000000
10000000
10000000
10000000
10000000
10000000
10000000
10000000
10000000
10000000
10000000
10000000
10000000
10000000
10000000
10000000
10000000
10000000
10000000
10000000
10000000
10000000
10000000
10000000
10000000
10000000
10000000
10000000
10000000
10000000
10000000
10000000
10000000
10000000
10000000
10000000
10000000
10000000
10000000
10000000
10000000
10000000
10000000
10000000
10000000
10000000
10000000
10000000
10000000
10000000
10000000
10000000
10000000
10000000
10000000
10000000
10000000
10000000
10000000
10000000
10000000
10000000
10000000
10000000
10000000
10000000
10000000
10000000
10000000
10000000
10000000
10000000
10000000
10000000
10000000
10000000
10000000
10000000
10000000
10000000
10000000
10000000
10000000
10000000
10000000
1581
10000000
10000000
10000000
10000000
10000000
10000000
10000000
10000000
10000000
10000000
10000000
10000000
10000000
10000000
10000000
10000000
10000000
10000000
10000000
10000000
10000000
10000000
10000000
10000000
10000000
10000000
10000000
10000000
10000000
10000000
1614
1992
10000000
10000000
10000000
10000000
10000000
10000000
10000000
10000000
10000000
10000000
10000000
10000000
10000000
10000000
10000000
10000000
10000000
10000000
10000000
10000000
10000000
10000000
10000000
10000000
10000000
10000000
10000000
10000000
10000000
1651
2038
2467
10000000
10000000
10000000
10000000
10000000
10000000
10000000
10000000
10000000
10000000
10000000
10000000
10000000
10000000
10000000
10000000
10000000
10000000
10000000
10000000
10000000
10000000
10000000
10000000
10000000
10000000
10000000
10000000
1690
2085
2497
2950
10000000
10000000
10000000
10000000
10000000
10000000
10000000
10000000
10000000
10000000
10000000
10000000
10000000
10000000
10000000
10000000
10000000
10000000
10000000
10000000
10000000
10000000
10000000
10000000
10000000
10000000
10000000
1734
2120
2542
2989
3486
10000000
10000000
10000000
10000000
10000000
10000000
10000000
10000000
10000000
10000000
10000000
10000000
10000000
10000000
10000000
10000000
10000000
10000000
10000000
10000000
10000000
10000000
10000000
10000000
10000000
10000000
1779
2177
2607
3038
3541
4063
10000000
10000000
10000000
10000000
10000000
10000000
10000000
10000000
10000000
10000000
10000000
10000000
10000000
10000000
10000000
10000000
10000000
10000000
10000000
10000000
10000000
10000000
10000000
10000000
10000000
1851
2219
2642
3097
3604
4118
4687
10000000
10000000
10000000
10000000
10000000
10000000
10000000
10000000
10000000
10000000
10000000
10000000
10000000
10000000
10000000
10000000
10000000
10000000
10000000
10000000
10000000
10000000
10000000
10000000
1899
2277
2703
3155
3662
4170
4748
5316
10000000
10000000
10000000
10000000
10000000
10000000
10000000
10000000
10000000
10000000
10000000
10000000
10000000
10000000
10000000
10000000
10000000
10000000
10000000
10000000
10000000
10000000
10000000
1950
2337
2764
3222
3704
4221
4772
5381
6011
10000000
10000000
10000000
10000000
10000000
10000000
10000000
10000000
10000000
10000000
10000000
10000000
10000000
10000000
10000000
10000000
10000000
10000000
10000000
10000000
10000000
10000000
2002
2385
2809
3255
3753
4287
4860
5431
6053
6700
10000000
10000000
10000000
10000000
10000000
10000000
10000000
10000000
10000000
10000000
10000000
10000000
10000000
10000000
10000000
10000000
10000000
10000000
10000000
10000000
10000000
2056
2429
2865
3305
3808
4343
4879
5475
6158
6754
7417
10000000
10000000
10000000
10000000
10000000
10000000
10000000
10000000
10000000
10000000
10000000
10000000
10000000
10000000
10000000
10000000
10000000
10000000
10000000
10000000
2119
2501
2921
3369
3856
4404
4942
5535
6159
6820
7506
8198
10000000
10000000
10000000
10000000
10000000
10000000
10000000
10000000
10000000
10000000
10000000
10000000
10000000
10000000
10000000
10000000
10000000
10000000
10000000
2182
2553
2984
3434
3923
4457
5006
5594
6212
6871
7561
8260
8997
10000000
10000000
10000000
10000000
10000000
10000000
10000000
10000000
10000000
10000000
10000000
10000000
10000000
10000000
10000000
10000000
10000000
10000000
2238
2622
3041
3490
3979
4506
5066
5674
6293
6923
7593
8319
9084
9854
10000000
10000000
10000000
10000000
10000000
10000000
10000000
10000000
10000000
10000000
10000000
10000000
10000000
10000000
10000000
10000000
10000000
2327
2722
3118
3604
4085
4588
5140
5746
6363
7001
7691
8411
9180
9950
10787
10000000
10000000
10000000
10000000
10000000
10000000
10000000
10000000
10000000
10000000
10000000
10000000
10000000
10000000
10000000
10000000
2384
2769
3198
3642
4121
4645
5215
5837
6443
7082
7742
8481
9231
9985
10817
11670
10000000
10000000
10000000
10000000
10000000
10000000
10000000
10000000
10000000
10000000
10000000
10000000
10000000
10000000
10000000
2449
2821
3248
3704
4193
4707
5289
5859
6478
7168
7828
8523
9275
10054
10885
11727
12611
10000000
10000000
10000000
10000000
10000000
10000000
10000000
10000000
10000000
10000000
10000000
10000000
10000000
10000000
2557
2919
3339
3780
4272
4788
5357
5962
6570
7235
7906
8596
9385
10150
10962
11834
12701
13588
10000000
10000000
10000000
10000000
10000000
10000000
10000000
10000000
10000000
10000000
10000000
10000000
10000000
2610
2972
3419
3854
4351
4889
5457
6061
6650
7288
7983
8699
9443
10244
11095
11902
12817
13730
14716
10000000
10000000
10000000
10000000
10000000
10000000
10000000
10000000
10000000
10000000
10000000
10000000
2673
3089
3502
3941
4427
4944
5517
6116
6742
7363
8075
8776
9533
10303
11128
11961
12862
13741
14688
15664
10000000
10000000
10000000
10000000
10000000
10000000
10000000
10000000
10000000
10000000
10000000
2779
3141
3597
4019
4533
5031
5593
6210
6799
7461
8151
8909
9632
10401
11223
12066
12968
13889
14805
15787
16807
10000000
10000000
10000000
10000000
10000000
10000000
10000000
10000000
10000000
10000000
2861
3261
3700
4102
4604
5135
5679
6279
6913
7543
8258
8937
9703
10484
11310
12170
13088
13950
14900
15851
16899
17907
10000000
10000000
10000000
10000000
10000000
10000000
10000000
10000000
10000000
2953
3326
3751
4215
4728
5267
5786
6375
7014
7637
8319
9046
9800
10617
11406
12242
13120
14057
15016
15943
16983
18013
19076
10000000
10000000
10000000
10000000
10000000
10000000
10000000
10000000
3051
3442
3882
4308
4786
5326
5933
6508
7091
7723
8420
9135
9879
10700
11512
12326
13214
14127
15088
16038
17020
18045
19171
20210
10000000
10000000
10000000
10000000
10000000
10000000
10000000
3143
3524
3956
4429
4894
5450
5981
6569
7205
7832
8527
9249
10028
10821
11606
12487
13355
14289
15180
16170
17164
18233
19292
20406
21607
