10000000
10000000
10000000
10000000
10000000
10000000
10000000
10000000
10000000
10000000
10000000
10000000
10000000
10000000
10000000
10000000
10000000
10000000
10000000
10000000
10000000
10000000
10000000
10000000
10000000
10000000
10000000
10000000
10000000
10000000
10000000
10000000
10000000
10000000
10000000
10000000
10000000
10000000
10000000
10000000
10000000
10000000
10000000
10000000
10000000
10000000
10000000
10000000
10000000
10000000
10000000
10000000
10000000
10000000
10000000
10000000
10000000
10000000
10000000
10000000
10000000
10000000
10000000
10000000
10000000
10000000
10000000
10000000
10000000
10000000
10000000
10000000
10000000
10000000
10000000
10000000
10000000
10000000
10000000
10000000
10000000
10000000
10000000
10000000
10000000
10000000
10000000
10000000
10000000
10000000
10000000
10000000
10000000
10000000
10000000
10000000
10000000
10000000
10000000
10000000
10000000
10000000
10000000
10000000
10000000
10000000
10000000
10000000
10000000
10000000
10000000
10000000
10000000
10000000
10000000
10000000
10000000
10000000
10000000
10000000
10000000
10000000
10000000
10000000
10000000
10000000
10000000
10000000
10000000
10000000
10000000
10000000
10000000
10000000
10000000
10000000
10000000
10000000
10000000
10000000
10000000
10000000
10000000
10000000
10000000
10000000
10000000
10000000
10000000
10000000
10000000
10000000
10000000
10000000
10000000
10000000
10000000
10000000
10000000
10000000
10000000
10000000
10000000
10000000
10000000
10000000
10000000
10000000
10000000
10000000
10000000
10000000
10000000
10000000
10000000
10000000
10000000
10000000
10000000
10000000
10000000
10000000
10000000
10000000
10000000
10000000
10000000
10000000
10000000
10000000
10000000
10000000
1692
10000000
10000000
10000000
10000000
10000000
10000000
10000000
10000000
10000000
10000000
10000000
10000000
10000000
10000000
10000000
10000000
10000000
10000000
10000000
10000000
10000000
10000000
10000000
10000000
10000000
10000000
10000000
10000000
10000000
10000000
1722
2133
10000000
10000000
10000000
10000000
10000000
10000000
10000000
10000000
10000000
10000000
10000000
10000000
10000000
10000000
10000000
10000000
10000000
10000000
10000000
10000000
10000000
10000000
10000000
10000000
10000000
10000000
10000000
10000000
10000000
1772
2172
2621
10000000
10000000
10000000
10000000
10000000
10000000
10000000
10000000
10000000
10000000
10000000
10000000
10000000
10000000
10000000
10000000
10000000
10000000
10000000
10000000
10000000
10000000
10000000
10000000
10000000
10000000
10000000
10000000
1799
2203
2665
3133
10000000
10000000
10000000
10000000
10000000
10000000
10000000
10000000
10000000
10000000
10000000
10000000
10000000
10000000
10000000
10000000
10000000
10000000
10000000
10000000
10000000
10000000
10000000
10000000
10000000
10000000
10000000
1841
2253
2711
3189
3703
10000000
10000000
10000000
10000000
10000000
10000000
10000000
10000000
10000000
10000000
10000000
10000000
10000000
10000000
10000000
10000000
10000000
10000000
10000000
10000000
10000000
10000000
10000000
10000000
10000000
10000000
1915
2299
2754
3240
3755
4334
10000000
10000000
10000000
10000000
10000000
10000000
10000000
10000000
10000000
10000000
10000000
10000000
10000000
10000000
10000000
10000000
10000000
10000000
10000000
10000000
10000000
10000000
10000000
10000000
10000000
1943
2363
2815
3276
3811
4392
4947
10000000
10000000
10000000
10000000
10000000
10000000
10000000
10000000
10000000
10000000
10000000
10000000
10000000
10000000
10000000
10000000
10000000
10000000
10000000
10000000
10000000
10000000
10000000
10000000
2008
2414
2870
3338
3870
4444
5016
5650
10000000
10000000
10000000
10000000
10000000
10000000
10000000
10000000
10000000
10000000
10000000
10000000
10000000
10000000
10000000
10000000
10000000
10000000
10000000
10000000
10000000
10000000
10000000
2049
2460
2917
3393
3925
4486
5075
5685
6377
10000000
10000000
10000000
10000000
10000000
10000000
10000000
10000000
10000000
10000000
10000000
10000000
10000000
10000000
10000000
10000000
10000000
10000000
10000000
10000000
10000000
10000000
2122
2523
2994
3437
3994
4547
5108
5766
6425
7090
10000000
10000000
10000000
10000000
10000000
10000000
10000000
10000000
10000000
10000000
10000000
10000000
10000000
10000000
10000000
10000000
10000000
10000000
10000000
10000000
10000000
2172
2569
3038
3506
4017
4589
5183
5842
6502
7163
7892
10000000
10000000
10000000
10000000
10000000
10000000
10000000
10000000
10000000
10000000
10000000
10000000
10000000
10000000
10000000
10000000
10000000
10000000
10000000
10000000
2226
2633
3088
3573
4069
4652
5266
5892
6583
7227
7942
8722
10000000
10000000
10000000
10000000
10000000
10000000
10000000
10000000
10000000
10000000
10000000
10000000
10000000
10000000
10000000
10000000
10000000
10000000
10000000
2292
2702
3142
3620
4146
4728
5334
5937
6598
7292
8023
8779
9588
10000000
10000000
10000000
10000000
10000000
10000000
10000000
10000000
10000000
10000000
10000000
10000000
10000000
10000000
10000000
10000000
10000000
10000000
2344
2773
3223
3726
4211
4761
5359
5983
6673
7315
8048
8855
9774
10602
10000000
10000000
10000000
10000000
10000000
10000000
10000000
10000000
10000000
10000000
10000000
10000000
10000000
10000000
10000000
10000000
10000000
2423
2823
3267
3762
4270
4860
5522
6121
6824
7435
8180
8904
9726
10499
11381
10000000
10000000
10000000
10000000
10000000
10000000
10000000
10000000
10000000
10000000
10000000
10000000
10000000
10000000
10000000
10000000
2479
2929
3373
3834
4361
4922
5519
6105
6804
7462
8191
9028
9745
10574
11477
12407
10000000
10000000
10000000
10000000
10000000
10000000
10000000
10000000
10000000
10000000
10000000
10000000
10000000
10000000
10000000
2546
2974
3406
3927
4463
4986
5550
6176
6862
7556
8293
9070
9885
10659
11536
12459
13450
10000000
10000000
10000000
10000000
10000000
10000000
10000000
10000000
10000000
10000000
10000000
10000000
10000000
10000000
2698
3032
3491
3980
4527
5085
5640
6259
6927
7602
8404
9119
9933
10759
11591
12542
13542
14428
10000000
10000000
10000000
10000000
10000000
10000000
10000000
10000000
10000000
10000000
10000000
10000000
10000000
2714
3135
3580
4043
4570
5132
5716
6363
7087
7735
8457
9222
9985
10843
11789
12640
13569
14519
15612
10000000
10000000
10000000
10000000
10000000
10000000
10000000
10000000
10000000
10000000
10000000
10000000
2781
3191
3655
4116
4651
5217
5846
6465
7075
7814
8523
9322
10096
10930
11786
12735
13689
14675
15605
16675
10000000
10000000
10000000
10000000
10000000
10000000
10000000
10000000
10000000
10000000
10000000
2890
3300
3757
4238
4775
5321
5936
6560
7216
7909
8601
9350
10216
11055
11862
12798
13710
14642
15741
16788
17842
10000000
10000000
10000000
10000000
10000000
10000000
10000000
10000000
10000000
10000000
2979
3386
3839
4307
4816
5396
6038
6647
7296
7997
8730
9480
10270
11140
11998
12885
13886
14807
15827
16772
17908
19098
10000000
10000000
10000000
10000000
10000000
10000000
10000000
10000000
10000000
3070
3502
3939
4380
4925
5513
6094
6737
7382
8129
8806
9589
10423
11222
12094
13033
13907
14941
15969
17021
18113
19228
20325
10000000
10000000
10000000
10000000
10000000
10000000
10000000
10000000
3177
3591
4038
4516
5026
5584
6174
6799
7532
8176
8893
9655
10445
11283
12192
13126
13981
14942
15948
16979
18086
19273
20375
21439
10000000
10000000
10000000
10000000
10000000
10000000
10000000
3244
3657
4140
4655
5153
5674
6249
6889
7573
8284
8978
9795
10594
11442
12266
13138
14099
15117
16049
17107
18209
19256
20424
21691
22861
