10000000
10000000
10000000
10000000
10000000
10000000
10000000
10000000
10000000
10000000
10000000
10000000
10000000
10000000
10000000
10000000
10000000
10000000
10000000
10000000
10000000
10000000
10000000
10000000
10000000
10000000
10000000
10000000
10000000
10000000
10000000
10000000
10000000
10000000
10000000
10000000
10000000
10000000
10000000
10000000
10000000
10000000
10000000
10000000
10000000
10000000
10000000
10000000
10000000
10000000
10000000
10000000
10000000
10000000
10000000
10000000
10000000
10000000
10000000
10000000
10000000
10000000
10000000
10000000
10000000
10000000
10000000
10000000
10000000
10000000
10000000
10000000
10000000
10000000
10000000
10000000
10000000
10000000
10000000
10000000
10000000
10000000
10000000
10000000
10000000
10000000
10000000
10000000
10000000
10000000
10000000
10000000
10000000
10000000
10000000
10000000
289
10000000
10000000
10000000
10000000
10000000
10000000
10000000
10000000
10000000
10000000
10000000
10000000
10000000
10000000
10000000
10000000
10000000
10000000
10000000
10000000
10000000
10000000
10000000
10000000
10000000
10000000
10000000
10000000
10000000
10000000
304
396
10000000
10000000
10000000
10000000
10000000
10000000
10000000
10000000
10000000
10000000
10000000
10000000
10000000
10000000
10000000
10000000
10000000
10000000
10000000
10000000
10000000
10000000
10000000
10000000
10000000
10000000
10000000
10000000
10000000
318
410
511
10000000
10000000
10000000
10000000
10000000
10000000
10000000
10000000
10000000
10000000
10000000
10000000
10000000
10000000
10000000
10000000
10000000
10000000
10000000
10000000
10000000
10000000
10000000
10000000
10000000
10000000
10000000
10000000
331
422
525
639
10000000
10000000
10000000
10000000
10000000
10000000
10000000
10000000
10000000
10000000
10000000
10000000
10000000
10000000
10000000
10000000
10000000
10000000
10000000
10000000
10000000
10000000
10000000
10000000
10000000
10000000
10000000
349
439
544
653
777
10000000
10000000
10000000
10000000
10000000
10000000
10000000
10000000
10000000
10000000
10000000
10000000
10000000
10000000
10000000
10000000
10000000
10000000
10000000
10000000
10000000
10000000
10000000
10000000
10000000
10000000
366
457
559
670
802
935
10000000
10000000
10000000
10000000
10000000
10000000
10000000
10000000
10000000
10000000
10000000
10000000
10000000
10000000
10000000
10000000
10000000
10000000
10000000
10000000
10000000
10000000
10000000
10000000
10000000
387
477
578
691
825
951
1098
10000000
10000000
10000000
10000000
10000000
10000000
10000000
10000000
10000000
10000000
10000000
10000000
10000000
10000000
10000000
10000000
10000000
10000000
10000000
10000000
10000000
10000000
10000000
10000000
403
491
598
709
833
968
1119
1275
10000000
10000000
10000000
10000000
10000000
10000000
10000000
10000000
10000000
10000000
10000000
10000000
10000000
10000000
10000000
10000000
10000000
10000000
10000000
10000000
10000000
10000000
10000000
423
510
611
727
850
988
1148
1293
1467
10000000
10000000
10000000
10000000
10000000
10000000
10000000
10000000
10000000
10000000
10000000
10000000
10000000
10000000
10000000
10000000
10000000
10000000
10000000
10000000
10000000
10000000
444
533
633
748
876
1012
1156
1318
1479
1664
10000000
10000000
10000000
10000000
10000000
10000000
10000000
10000000
10000000
10000000
10000000
10000000
10000000
10000000
10000000
10000000
10000000
10000000
10000000
10000000
10000000
467
556
660
769
897
1027
1180
1336
1500
1676
1871
10000000
10000000
10000000
10000000
10000000
10000000
10000000
10000000
10000000
10000000
10000000
10000000
10000000
10000000
10000000
10000000
10000000
10000000
10000000
10000000
488
575
675
789
920
1049
1195
1355
1520
1702
1890
2085
10000000
10000000
10000000
10000000
10000000
10000000
10000000
10000000
10000000
10000000
10000000
10000000
10000000
10000000
10000000
10000000
10000000
10000000
10000000
508
597
706
810
935
1074
1217
1375
1538
1720
1922
2122
2322
10000000
10000000
10000000
10000000
10000000
10000000
10000000
10000000
10000000
10000000
10000000
10000000
10000000
10000000
10000000
10000000
10000000
10000000
526
620
718
843
956
1096
1238
1397
1564
1743
1932
2130
2339
2557
10000000
10000000
10000000
10000000
10000000
10000000
10000000
10000000
10000000
10000000
10000000
10000000
10000000
10000000
10000000
10000000
10000000
546
636
741
853
976
1113
1258
1414
1585
1762
1951
2159
2355
2577
2820
10000000
10000000
10000000
10000000
10000000
10000000
10000000
10000000
10000000
10000000
10000000
10000000
10000000
10000000
10000000
10000000
573
660
762
873
1001
1158
1287
1457
1617
1790
1975
2179
2383
2602
2835
3079
10000000
10000000
10000000
10000000
10000000
10000000
10000000
10000000
10000000
10000000
10000000
10000000
10000000
10000000
10000000
596
684
783
900
1023
1167
1312
1459
1632
1807
2001
2208
2407
2633
2848
3094
3379
10000000
10000000
10000000
10000000
10000000
10000000
10000000
10000000
10000000
10000000
10000000
10000000
10000000
10000000
625
720
804
928
1059
1178
1338
1479
1652
1837
2016
2217
2429
2649
2879
3115
3367
3636
10000000
10000000
10000000
10000000
10000000
10000000
10000000
10000000
10000000
10000000
10000000
10000000
10000000
641
730
829
956
1069
1209
1350
1513
1666
1850
2040
2243
2465
2676
2910
3161
3400
3654
3963
10000000
10000000
10000000
10000000
10000000
10000000
10000000
10000000
10000000
10000000
10000000
10000000
665
751
858
966
1091
1227
1376
1532
1698
1878
2069
2264
2467
2703
2911
3157
3417
3676
3944
4298
10000000
10000000
10000000
10000000
10000000
10000000
10000000
10000000
10000000
10000000
10000000
691
776
880
999
1117
1250
1400
1571
1727
1905
2099
2290
2503
2721
2956
3194
3435
3701
3965
4262
4545
10000000
10000000
10000000
10000000
10000000
10000000
10000000
10000000
10000000
10000000
733
805
909
1043
1143
1281
1425
1582
1750
1929
2125
2318
2524
2745
2971
3213
3468
3722
3989
4274
4576
4935
10000000
10000000
10000000
10000000
10000000
10000000
10000000
10000000
10000000
744
855
930
1048
1192
1313
1455
1610
1779
1956
2142
2351
2559
2788
2997
3301
3499
3749
4009
4310
4603
4910
5306
10000000
10000000
10000000
10000000
10000000
10000000
10000000
10000000
760
856
951
1071
1185
1333
1478
1633
1812
1975
2166
2370
2573
2794
3025
3263
3521
3785
4042
4327
4625
4938
5253
5642
10000000
10000000
10000000
10000000
10000000
10000000
10000000
799
882
987
1100
1225
1366
1505
1670
1822
2009
2204
2391
2604
2830
3045
3290
3544
3807
4118
4373
4656
4966
5278
5603
5998
10000000
10000000
10000000
10000000
10000000
10000000
830
905
1010
1122
1248
1386
1536
1689
1860
2034
2228
2424
2664
2867
3078
3327
3581
3875
4108
4395
4685
4995
5311
5628
5958
6363
10000000
10000000
10000000
10000000
10000000
841
930
1035
1150
1272
1410
1561
1722
1878
2067
2252
2441
2650
2878
3101
3351
3590
3858
4130
4401
4700
5032
5318
5644
5983
6326
6767
10000000
10000000
10000000
10000000
891
973
1070
1190
1308
1443
1595
1765
1921
2098
2292
2498
2708
2908
3148
3383
3629
3892
4168
4445
4750
5041
5355
5670
6006
6362
6729
7156
