10000000
10000000
10000000
10000000
10000000
10000000
10000000
10000000
10000000
10000000
10000000
10000000
10000000
10000000
10000000
10000000
10000000
10000000
10000000
10000000
10000000
10000000
10000000
10000000
10000000
10000000
10000000
10000000
10000000
10000000
10000000
10000000
10000000
10000000
10000000
10000000
10000000
10000000
10000000
10000000
10000000
10000000
10000000
10000000
10000000
10000000
10000000
10000000
10000000
10000000
10000000
10000000
10000000
10000000
10000000
10000000
10000000
10000000
10000000
10000000
10000000
10000000
10000000
10000000
10000000
10000000
10000000
10000000
10000000
10000000
10000000
10000000
10000000
10000000
10000000
10000000
10000000
10000000
10000000
10000000
10000000
10000000
10000000
10000000
10000000
10000000
10000000
10000000
10000000
10000000
10000000
10000000
10000000
10000000
10000000
10000000
10000000
10000000
10000000
10000000
10000000
10000000
10000000
10000000
10000000
10000000
10000000
10000000
10000000
10000000
10000000
10000000
10000000
10000000
10000000
10000000
10000000
10000000
10000000
10000000
10000000
10000000
10000000
10000000
10000000
10000000
10000000
10000000
405
10000000
10000000
10000000
10000000
10000000
10000000
10000000
10000000
10000000
10000000
10000000
10000000
10000000
10000000
10000000
10000000
10000000
10000000
10000000
10000000
10000000
10000000
10000000
10000000
10000000
10000000
10000000
10000000
10000000
10000000
417
528
10000000
10000000
10000000
10000000
10000000
10000000
10000000
10000000
10000000
10000000
10000000
10000000
10000000
10000000
10000000
10000000
10000000
10000000
10000000
10000000
10000000
10000000
10000000
10000000
10000000
10000000
10000000
10000000
10000000
433
540
665
10000000
10000000
10000000
10000000
10000000
10000000
10000000
10000000
10000000
10000000
10000000
10000000
10000000
10000000
10000000
10000000
10000000
10000000
10000000
10000000
10000000
10000000
10000000
10000000
10000000
10000000
10000000
10000000
451
559
678
832
10000000
10000000
10000000
10000000
10000000
10000000
10000000
10000000
10000000
10000000
10000000
10000000
10000000
10000000
10000000
10000000
10000000
10000000
10000000
10000000
10000000
10000000
10000000
10000000
10000000
10000000
10000000
467
577
698
831
978
10000000
10000000
10000000
10000000
10000000
10000000
10000000
10000000
10000000
10000000
10000000
10000000
10000000
10000000
10000000
10000000
10000000
10000000
10000000
10000000
10000000
10000000
10000000
10000000
10000000
10000000
489
600
720
852
994
1151
10000000
10000000
10000000
10000000
10000000
10000000
10000000
10000000
10000000
10000000
10000000
10000000
10000000
10000000
10000000
10000000
10000000
10000000
10000000
10000000
10000000
10000000
10000000
10000000
10000000
506
617
739
867
1012
1169
1332
10000000
10000000
10000000
10000000
10000000
10000000
10000000
10000000
10000000
10000000
10000000
10000000
10000000
10000000
10000000
10000000
10000000
10000000
10000000
10000000
10000000
10000000
10000000
10000000
537
640
757
887
1040
1192
1368
1529
10000000
10000000
10000000
10000000
10000000
10000000
10000000
10000000
10000000
10000000
10000000
10000000
10000000
10000000
10000000
10000000
10000000
10000000
10000000
10000000
10000000
10000000
10000000
555
659
782
914
1059
1220
1392
1552
1752
10000000
10000000
10000000
10000000
10000000
10000000
10000000
10000000
10000000
10000000
10000000
10000000
10000000
10000000
10000000
10000000
10000000
10000000
10000000
10000000
10000000
10000000
577
687
806
941
1088
1236
1408
1587
1758
1955
10000000
10000000
10000000
10000000
10000000
10000000
10000000
10000000
10000000
10000000
10000000
10000000
10000000
10000000
10000000
10000000
10000000
10000000
10000000
10000000
10000000
599
704
828
955
1102
1258
1423
1599
1781
1977
2180
10000000
10000000
10000000
10000000
10000000
10000000
10000000
10000000
10000000
10000000
10000000
10000000
10000000
10000000
10000000
10000000
10000000
10000000
10000000
10000000
612
727
850
977
1123
1280
1447
1615
1803
1998
2198
2419
10000000
10000000
10000000
10000000
10000000
10000000
10000000
10000000
10000000
10000000
10000000
10000000
10000000
10000000
10000000
10000000
10000000
10000000
10000000
641
751
879
1025
1148
1305
1483
1639
1829
2027
2221
2440
2656
10000000
10000000
10000000
10000000
10000000
10000000
10000000
10000000
10000000
10000000
10000000
10000000
10000000
10000000
10000000
10000000
10000000
10000000
664
778
897
1029
1173
1325
1491
1662
1857
2049
2248
2468
2692
2936
10000000
10000000
10000000
10000000
10000000
10000000
10000000
10000000
10000000
10000000
10000000
10000000
10000000
10000000
10000000
10000000
10000000
691
800
922
1061
1197
1352
1516
1696
1886
2081
2291
2507
2723
2957
3201
10000000
10000000
10000000
10000000
10000000
10000000
10000000
10000000
10000000
10000000
10000000
10000000
10000000
10000000
10000000
10000000
712
828
944
1082
1216
1369
1539
1715
1900
2096
2299
2517
2738
2975
3214
3481
10000000
10000000
10000000
10000000
10000000
10000000
10000000
10000000
10000000
10000000
10000000
10000000
10000000
10000000
10000000
740
850
975
1104
1247
1400
1566
1757
1940
2127
2316
2556
2764
3001
3252
3497
3767
10000000
10000000
10000000
10000000
10000000
10000000
10000000
10000000
10000000
10000000
10000000
10000000
10000000
10000000
771
878
997
1128
1278
1426
1597
1765
1943
2144
2351
2564
2801
3028
3285
3544
3803
4063
10000000
10000000
10000000
10000000
10000000
10000000
10000000
10000000
10000000
10000000
10000000
10000000
10000000
799
915
1027
1160
1304
1464
1629
1798
1992
2186
2374
2596
2819
3060
3304
3560
3818
4103
4398
10000000
10000000
10000000
10000000
10000000
10000000
10000000
10000000
10000000
10000000
10000000
10000000
816
931
1056
1182
1331
1482
1647
1823
2015
2197
2404
2621
2844
3089
3332
3584
3853
4137
4428
4722
10000000
10000000
10000000
10000000
10000000
10000000
10000000
10000000
10000000
10000000
10000000
876
956
1084
1234
1348
1504
1673
1843
2035
2227
2430
2644
2876
3107
3353
3610
3877
4162
4452
4742
5043
10000000
10000000
10000000
10000000
10000000
10000000
10000000
10000000
10000000
10000000
872
987
1138
1237
1377
1533
1701
1876
2057
2262
2463
2688
2897
3132
3387
3647
3908
4193
4483
4794
5081
5420
10000000
10000000
10000000
10000000
10000000
10000000
10000000
10000000
10000000
911
1009
1144
1262
1409
1592
1735
1918
2093
2287
2492
2708
2929
3177
3402
3671
3948
4217
4515
4803
5135
5430
5759
10000000
10000000
10000000
10000000
10000000
10000000
10000000
10000000
944
1051
1167
1316
1443
1608
1760
1940
2121
2314
2524
2733
2966
3202
3443
3705
3977
4264
4531
4825
5148
5451
5772
6122
10000000
10000000
10000000
10000000
10000000
10000000
10000000
967
1081
1201
1331
1489
1633
1805
1973
2162
2375
2557
2789
2998
3233
3499
3727
4012
4300
4579
4874
5204
5496
5823
6178
6525
10000000
10000000
10000000
10000000
10000000
10000000
1005
1117
1241
1373
1509
1675
1829
2008
2203
2392
2596
2813
3033
3267
3507
3763
4040
4317
4628
4911
5211
5523
5848
6192
6539
6894
10000000
10000000
10000000
10000000
10000000
1049
1142
1267
1401
1554
1775
1882
2061
2227
2422
2626
2853
3066
3298
3568
3814
4069
4358
4647
4936
5246
5568
5910
6233
6571
6932
7313
