404
-20.999999999999999389 -127.14825095858380983
-20.899999999999999384 -126.54825095858379111
-20.799999999999999378 -125.94825095858376832
-20.699999999999999373 -125.34825095858374136
-20.599999999999999367 -124.74825095858371803
-20.499999999999999362 -124.14825095858368198
-20.399999999999999356 -123.54825095858364664
-20.299999999999999351 -122.94825095858359663
-20.199999999999999345 -122.34825095858354215
-20.099999999999999339 -121.74825095858348739
-19.999999999999999334 -121.14825095858342185
-19.899999999999999328 -120.5482509585833449
-19.799999999999999323 -119.94825095858325325
-19.699999999999999317 -119.34825095858314423
-19.599999999999999312 -118.74825095858303159
-19.499999999999999306 -118.14825095858289799
-19.399999999999999301 -117.54825095858274339
-19.299999999999999295 -116.94825095858256316
-19.199999999999999289 -116.34825095858236152
-19.099999999999999284 -115.74825095858212361
-18.999999999999999278 -115.14825095858184867
-18.899999999999999273 -114.54825095858154283
-18.799999999999999267 -113.9482509585811831
-18.699999999999999262 -113.34825095858077892
-18.599999999999999256 -112.74825095858030664
-18.499999999999999251 -112.14825095857976662
-18.399999999999999245 -111.5482509585791428
-18.299999999999999239 -110.94825095857843179
-18.199999999999999234 -110.34825095857760866
-18.099999999999999228 -109.74825095857666547
-17.999999999999999223 -109.14825095857559507
-17.899999999999999217 -108.5482509585743463
-17.799999999999999212 -107.94825095857291852
-17.699999999999999206 -107.34825095857127613
-17.599999999999999201 -106.74825095856939375
-17.499999999999999195 -106.1482509585672338
-17.39999999999999919 -105.54825095856474783
-17.299999999999999184 -104.94825095856189853
-17.199999999999999178 -104.34825095855861183
-17.099999999999999173 -103.74825095855485118
-16.999999999999999167 -103.14825095855052033
-16.899999999999999162 -102.54825095854555688
-16.799999999999999156 -101.94825095853984358
-16.699999999999999151 -101.34825095853328451
-16.599999999999999145 -100.7482509585257545
-16.49999999999999914 -100.1482509585171007
-16.399999999999999134 -99.548250958507161606
-16.299999999999999128 -98.948250958495744259
-16.199999999999999123 -98.348250958482639438
-16.099999999999999117 -97.748250958467567132
-15.999999999999999112 -97.148250958450262243
-15.899999999999999106 -96.548250958430390109
-15.799999999999999101 -95.948250958407557536
-15.699999999999999095 -95.34825095838133066
-15.59999999999999909 -94.748250958351201993
-15.499999999999999084 -94.148250958316591793
-15.399999999999999079 -93.548250958276831237
-15.299999999999999073 -92.948250958231173062
-15.199999999999999067 -92.348250958178712012
-15.099999999999999062 -91.748250958118449395
-14.999999999999999056 -91.148250958049236167
-14.899999999999999051 -90.548250957969725298
-14.799999999999999045 -89.948250957878392054
-14.69999999999999904 -89.348250957773486994
-14.599999999999999034 -88.7482509576529676
-14.499999999999999029 -88.14825095751453006
-14.399999999999999023 -87.548250957355512766
-14.299999999999999017 -86.948250957172851144
-14.199999999999999012 -86.348250956963016497
-14.099999999999999006 -85.748250956721991258
-13.999999999999999001 -85.148250956445125271
-13.899999999999998995 -84.548250956127083949
-13.79999999999999899 -83.948250955761761789
-13.699999999999998984 -83.348250955342105698
-13.599999999999998979 -82.748250954860050765
-13.499999999999998973 -82.14825095430630487
-13.399999999999998967 -81.548250953670231011
-13.299999999999998962 -80.948250952939577427
-13.199999999999998956 -80.348250952100268121
-13.099999999999998951 -79.748250951136153672
-12.999999999999998945 -79.148250950028684565
-12.89999999999999894 -78.548250948756528208
-12.799999999999998934 -77.948250947295205523
-12.699999999999998929 -77.348250945616589546
-12.599999999999998923 -76.748250943688366473
-12.499999999999998918 -76.148250941473427082
-12.399999999999998912 -75.548250938929114364
-12.299999999999998906 -74.948250936006475034
-12.199999999999998901 -74.34825093264924317
-12.099999999999998895 -73.74825092879279457
-11.99999999999999889 -73.148250924362899885
-11.899999999999998884 -72.548250919274288868
-11.799999999999998879 -71.948250913429004591
-11.699999999999998873 -71.348250906714543828
-11.599999999999998868 -70.748250899001647107
-11.499999999999998862 -70.148250890141860445
-11.399999999999998856 -69.548250879964642665
-11.299999999999998851 -68.94825086827407824
-11.199999999999998845 -68.348250854845147628
-11.09999999999999884 -67.748250839419352595
-10.999999999999998834 -67.148250821699779187
-10.899999999999998829 -66.548250801345321406
-10.799999999999998823 -65.94825077796419527
-10.699999999999998818 -65.348250751106336701
-10.599999999999998812 -64.748250720254747349
-10.499999999999998807 -64.148250684815582172
-10.399999999999998801 -63.548250644106666444
-10.299999999999998795 -62.948250597344404697
-10.19999999999999879 -62.348250543628665063
-10.099999999999998784 -61.748250481925469828
-9.9999999999999987788 -61.148250411047119161
-9.8999999999999987732 -60.548250329629250515
-9.7999999999999987677 -59.94825023610467026
-9.6999999999999987621 -59.348250128673129684
-9.5999999999999987566 -58.748250005266672758
-9.499999999999998751 -58.148249863509848344
-9.3999999999999987454 -57.548249700673976711
-9.2999999999999987399 -56.94824951362463749
-9.1999999999999987343 -56.348249298761303215
-9.0999999999999987288 -55.748249051948060499
-8.9999999999999987232 -55.148248768433978731
-8.8999999999999987177 -54.548248442761678346
-8.7999999999999987121 -53.948248068662244764
-8.6999999999999987066 -53.348247638934591912
-8.599999999999998701 -52.748247145306801318
-8.4999999999999986955 -52.148246578276927838
-8.3999999999999986899 -51.548245926930057063
-8.2999999999999986844 -50.948245178728205414
-8.1999999999999986788 -50.348244319268945659
-8.0999999999999986733 -49.748243332008164695
-7.9999999999999986677 -49.148242197941542072
-7.8999999999999986622 -48.54824089523872993
-7.7999999999999986566 -47.948239398823064595
-7.6999999999999986511 -47.348237679888759853
-7.5999999999999986455 -46.748235705346361798
-7.49999999999999864 -46.148233437185641424
-7.3999999999999986344 -45.548230831743758816
-7.2999999999999986289 -44.948227838864567094
-7.1999999999999986233 -44.348224400932815371
-7.0999999999999986178 -43.748220451764691429
-6.9999999999999986122 -43.14821591533330436
-6.8999999999999986067 -42.548210704304469098
-6.7999999999999986011 -41.948204718354661704
-6.6999999999999985956 -41.348197842238563327
-6.59999999999999859 -40.748189943569013573
-6.4999999999999985845 -40.148180870266429789
-6.3999999999999985789 -39.548170447628411625
-6.2999999999999985734 -38.948158474963003262
-6.1999999999999985678 -38.348144721720316398
-6.0999999999999985623 -37.7481289230478259
-5.9999999999999985567 -37.148110774683151894
-5.8999999999999985512 -36.548089927085357168
-5.7999999999999985456 -35.948065978690779678
-5.6999999999999985401 -35.34803846816249979
-5.5999999999999985345 -34.748006865482513572
-5.499999999999998529 -34.147970561713053959
-5.3999999999999985234 -33.547928857227118693
-5.2999999999999985179 -32.947880948178014214
-5.1999999999999985123 -32.347825910942448363
-5.0999999999999985068 -31.747762684231223134
-4.9999999999999985012 -31.147690048514722288
-4.8999999999999984956 -30.547606602355610711
-4.7999999999999984901 -29.947510735178379706
-4.6999999999999984845 -29.347400595931657947
-4.599999999999998479 -28.747274057013931842
-4.4999999999999984734 -28.147128672733792808
-4.3999999999999984679 -27.546961631459121238
-4.2999999999999984623 -26.946769700473909886
-4.1999999999999984568 -26.346549162400945489
-4.0999999999999984512 -25.746295741860683022
-3.9999999999999984457 -25.146004520814020289
-3.8999999999999984401 -24.545669840773448556
-3.7999999999999984346 -23.945285189753175862
-3.699999999999998429 -23.344843071454855489
-3.5999999999999984235 -22.744334853735576581
-3.4999999999999984179 -22.14375059286284075
-3.3999999999999984124 -21.543078829403716803
-3.2999999999999984068 -20.942306350792754871
-3.1999999999999984013 -20.341417914638856525
-3.0999999999999983957 -19.740395925613300928
-2.9999999999999983902 -19.139220057246136107
-2.8999999999999983846 -18.537866808056834188
-2.7999999999999983791 -17.936308979041398565
-2.6999999999999983735 -17.334515056472677503
-2.599999999999998368 -16.732448480026323536
-2.4999999999999983624 -16.130066771121499048
-2.3999999999999983569 -15.52732048964486533
-2.2999999999999983513 -14.924151978316612861
-2.1999999999999983458 -14.320493842014002514
-2.0999999999999983402 -13.716267093168045392
-1.9999999999999983347 -13.111378872097957422
-1.8999999999999983291 -12.505719620173105667
-1.7999999999999983236 -11.899159539952799392
-1.699999999999998318 -11.291544113737517483
-1.5999999999999983125 -10.68268836055988626
-1.4999999999999983069 -10.072369376094457935
-1.3999999999999983014 -9.4603164952255273901
-1.2999999999999982958 -8.8461981017301857099
-1.1999999999999982903 -8.2296036141285585555
-1.0999999999999982847 -7.6100183818818095969
-0.99999999999999827915 -6.9867879230404735607
1.0 -6.9867879230404735607
1.1000000000000017264 -6.3999262806871532926
1.2000000000000017319 -5.8807335458728342542
1.3000000000000017375 -5.4178599117805278339
1.4000000000000017431 -5.002508258097637665
1.5000000000000017486 -4.6277278745271936348
1.6000000000000017542 -4.287936746959427618
1.7000000000000017597 -3.9785889125999240684
1.8000000000000017653 -3.6959369192142565303
1.9000000000000017708 -3.4368584121270559212
2.0000000000000017764 -3.1987270488704363806
2.1000000000000017819 -2.9793147421048693574
2.2000000000000017875 -2.7767164912980476984
2.300000000000001793 -2.5892918006681703701
2.4000000000000017986 -2.4156184795523312071
2.5000000000000018041 -2.254455827498198103
2.6000000000000018097 -2.1047150302038088313
2.7000000000000018152 -1.9654351647799150101
2.8000000000000018208 -1.8357636168501229379
2.9000000000000018263 -1.7149400015998997801
3.0000000000000018319 -1.6022828915119591251
3.1000000000000018374 -1.4971788088961166347
3.200000000000001843 -1.3990730575093451406
3.3000000000000018485 -1.307462055595911655
3.4000000000000018541 -1.2218869002204299202
3.5000000000000018596 -1.1419279452010506135
3.6000000000000018652 -1.0672002161018458589
3.695 -1.0007313718223
3.697 1.00062300546954
3.7000000000000018707 1.0026553599967836902
3.8000000000000018763 1.0713102404315631166
3.9000000000000018818 1.1416812256635913673
4.0000000000000018874 1.2136944506168407663
4.1000000000000018929 1.2872770164781968268
4.2000000000000018985 1.3623572455969495492
4.300000000000001904 1.4388649037124407944
4.4000000000000019096 1.5167313909539206374
4.5000000000000019151 1.5958899032110599282
4.6000000000000019207 1.6762755656125870944
4.7000000000000019262 1.7578255399636429856
4.8000000000000019318 1.8404791080743672854
4.9000000000000019373 1.9241777329608638624
5.0000000000000019429 2.0088650999153827529
5.1000000000000019484 2.0944871394280404727
5.200000000000001954 2.1809920339005051741
5.3000000000000019595 2.2683302100274807305
5.4000000000000019651 2.3564543186383076146
5.5000000000000019706 2.4453192036930628307
5.6000000000000019762 2.5348818620192043706
5.7000000000000019817 2.625101395259583257
5.8000000000000019873 2.7159389553836327806
5.9000000000000019929 2.8073576849941687448
6.0000000000000019984 2.8993226535435942152
6.100000000000002004 2.9918007904585148558
6.2000000000000020095 3.0847608160612022374
6.3000000000000020151 3.1781731710719073952
6.4000000000000020206 3.2720099453775723376
6.5000000000000020262 3.3662448066618271509
6.6000000000000020317 3.4608529294062992252
6.7000000000000020373 3.5558109246975621942
6.8000000000000020428 3.6510967712030971159
6.9000000000000020484 3.7466897476182716623
7.0000000000000020539 3.8425703668289397
7.1000000000000020595 3.9387203119853058255
7.200000000000002065 4.035122374638201894
7.3000000000000020706 4.1317603950502473995
7.4000000000000020761 4.2286192047612243165
7.5000000000000020817 4.3256845714571774458
7.6000000000000020872 4.4229431461684097722
7.7000000000000020928 4.5203824127999172662
7.8000000000000020983 4.6179906399802656127
7.9000000000000021039 4.7157568351992151017
8.0000000000000021094 4.8136707011931619488
8.100000000000002115 4.9117225945264460912
8.2000000000000021205 5.0099034863090912151
8.3000000000000021261 5.1082049249853855648
8.4000000000000021316 5.2066190011228799324
8.5000000000000021372 5.3051383141276411208
8.6000000000000021427 5.4037559408104353458
8.7000000000000021483 5.5024654057261150117
8.8000000000000021538 5.6012606532086354887
8.9000000000000021594 5.7001360210241383507
9.0000000000000021649 5.799086215565635052
9.1000000000000021705 5.8981062885139773533
9.200000000000002176 5.9971916148906676899
9.3000000000000021816 6.0963378724317044033
9.4000000000000021871 6.1955410222119813289
9.5000000000000021927 6.2947972904527356507
9.6000000000000021982 6.3941031514488760224
9.7000000000000022038 6.4934553115511059666
9.8000000000000022093 6.5928506941459951424
9.9000000000000022149 6.692286425574341224
10.00000000000000222 6.7917598219354511423
10.100000000000002226 6.8912683767242623198
10.200000000000002232 6.9908097492521927331
10.300000000000002237 7.0903817538049388412
10.400000000000002243 7.1899823494919326792
10.500000000000002248 7.2896096307482652717
10.600000000000002254 7.3892618184454203427
10.700000000000002259 7.4889372515742754633
10.800000000000002265 7.5886343794686747866
10.90000000000000227 7.6883517545294094108
11.000000000000002276 7.788088025423231802
11.100000000000002282 7.8878419307223012726
11.200000000000002287 7.9876122929604503314
11.300000000000002293 8.0873980130764694262
11.400000000000002298 8.1871980652202342936
11.500000000000002304 8.287011491901877861
11.600000000000002309 8.3868373994567733419
11.700000000000002315 8.4866749538082288442
11.80000000000000232 8.5865233765125724046
11.900000000000002326 8.6863819410610684858
12.000000000000002331 8.7862499694276122655
12.100000000000002337 8.8861268288430083676
12.200000000000002343 8.9860119287843240625
12.300000000000002348 9.085904718163777332
12.400000000000002354 9.1858046826976733278
12.500000000000002359 9.2857113424601191078
12.600000000000002365 9.3856242495900207541
12.70000000000000237 9.4855429861516378235
12.800000000000002376 9.5854671621438630434
12.900000000000002381 9.6853964136329550115
13.000000000000002387 9.7853304010130050524
13.100000000000002393 9.8852688073861169558
13.200000000000002398 9.9852113370413407531
13.300000000000002404 10.085157714043172705
13.400000000000002409 10.185107680912695074
13.500000000000002415 10.285060997387166844
13.60000000000000242 10.385017439281460464
13.700000000000002426 10.484976797401862572
13.800000000000002431 10.584938876550515711
13.900000000000002437 10.684903494594580348
14.000000000000002442 10.78487048158084114
14.100000000000002448 10.884839678929352575
14.200000000000002454 10.984810938673831508
14.300000000000002459 11.084784122753614298
14.400000000000002465 11.184759102334589012
14.50000000000000247 11.284735757218686271
14.600000000000002476 11.38471397524648074
14.700000000000002481 11.484693651767258908
14.800000000000002487 11.584674689130714598
14.900000000000002492 11.684656996223050745
15.000000000000002498 11.784640488040730377
15.100000000000002504 11.884625085257730932
15.200000000000002509 11.984610713855563285
15.300000000000002515 12.084597304787940761
15.40000000000000252 12.184584793618701734
15.500000000000002526 12.284573120221929624
15.600000000000002531 12.384562228508043292
15.700000000000002537 12.484552066128315294
15.800000000000002542 12.584542584261516307
15.900000000000002548 12.684533737328999382
16.000000000000002554 12.784525482816056523
16.100000000000002559 12.884517781055085838
16.200000000000002565 12.984510595043695998
16.30000000000000257 13.08450389022525464
16.400000000000002576 13.184497634398401873
16.500000000000002581 13.284491797496419765
16.600000000000002587 13.384486351454409039
16.700000000000002592 13.484481270106938906
16.800000000000002598 13.584476529039301926
16.900000000000002603 13.684472105453647057
17.000000000000002609 13.784467978078887354
17.100000000000002615 13.884464127124725478
17.20000000000000262 13.98446053401648708
17.300000000000002626 14.08445718154669549
17.400000000000002631 14.184454053583131898
17.500000000000002637 14.284451135074504516
17.600000000000002642 14.384448412005785169
17.700000000000002648 14.48444587128668583
17.800000000000002653 14.584443500714849306
17.900000000000002659 14.684441288888848757
18.000000000000002665 14.784439225180481063
18.10000000000000267 14.884437299691469034
18.200000000000002676 14.984435503142944882
18.300000000000002681 15.084433826878535573
18.400000000000002687 15.184432262890214572
18.500000000000002692 15.284430803623986864
18.600000000000002698 15.384429442069374128
18.700000000000002703 15.484428171656626835
18.800000000000002709 15.584426986393137336
18.900000000000002714 15.684425880454435234
19.00000000000000272 15.784424848600108998
19.100000000000002726 15.884423885867378523
19.200000000000002731 15.984422987611813745
19.300000000000002737 16.08442214939802262
19.400000000000002742 16.184421367452296045
19.500000000000002748 16.284420637804656834
19.600000000000002753 16.384419957040434118
19.700000000000002759 16.484419321873423507
19.800000000000002764 16.584418729161400458
19.90000000000000277 16.684418176165989218
20.000000000000002776 16.784417660221152823
20.100000000000002781 16.88441717887119872
20.200000000000002787 16.984416729699897636
20.300000000000002792 17.084416310768395328
20.400000000000002798 17.184415919656752297
20.500000000000002803 17.284415554864277809
20.600000000000002809 17.384415214611057331
20.700000000000002814 17.484414897002179146
20.80000000000000282 17.584414600705023322
20.900000000000002826 17.684414324075180601
21.000000000000002831 17.784414065963681222
