404
-20.999999999999999389 -148.25516616250032069
-20.899999999999999384 -147.55516616250030056
-20.799999999999999378 -146.85516616250027984
-20.699999999999999373 -146.15516616250025371
-20.599999999999999367 -145.45516616250022124
-20.499999999999999362 -144.75516616250018774
-20.399999999999999356 -144.05516616250015055
-20.299999999999999351 -143.3551661625000993
-20.199999999999999345 -142.65516616250004997
-20.099999999999999339 -141.95516616249998378
-19.999999999999999334 -141.25516616249991809
-19.899999999999999328 -140.55516616249984106
-19.799999999999999323 -139.85516616249974767
-19.699999999999999317 -139.15516616249963616
-19.599999999999999312 -138.45516616249951772
-19.499999999999999306 -137.75516616249937761
-19.399999999999999301 -137.05516616249922043
-19.299999999999999295 -136.35516616249903798
-19.199999999999999289 -135.65516616249881855
-19.099999999999999284 -134.95516616249858053
-18.999999999999999278 -134.25516616249830493
-18.899999999999999273 -133.5551661624979842
-18.799999999999999267 -132.85516616249761347
-18.699999999999999262 -132.15516616249719583
-18.599999999999999256 -131.45516616249670479
-18.499999999999999251 -130.7551661624961514
-18.399999999999999245 -130.05516616249551063
-18.299999999999999239 -129.35516616249477209
-18.199999999999999234 -128.65516616249393005
-18.099999999999999228 -127.95516616249295936
-17.999999999999999223 -127.25516616249184416
-17.899999999999999217 -126.55516616249056688
-17.799999999999999212 -125.85516616248909071
-17.699999999999999206 -125.15516616248740091
-17.599999999999999201 -124.45516616248546473
-17.499999999999999195 -123.75516616248323476
-17.39999999999999919 -123.05516616248067759
-17.299999999999999184 -122.3551661624777372
-17.199999999999999178 -121.6551661624743543
-17.099999999999999173 -120.95516616247047403
-16.999999999999999167 -120.25516616246601348
-16.899999999999999162 -119.55516616246089441
-16.799999999999999156 -118.85516616245500464
-16.699999999999999151 -118.15516616244825158
-16.599999999999999145 -117.45516616244048837
-16.49999999999999914 -116.75516616243156264
-16.399999999999999134 -116.05516616242132024
-16.299999999999999128 -115.35516616240955638
-16.199999999999999123 -114.65516616239604341
-16.099999999999999117 -113.95516616238051168
-15.999999999999999112 -113.25516616236268277
-15.899999999999999106 -112.55516616234219414
-15.799999999999999101 -111.85516616231866631
-15.699999999999999095 -111.15516616229163023
-15.59999999999999909 -110.45516616226058062
-15.499999999999999084 -109.755166162224904
-15.399999999999999079 -109.05516616218393791
-15.299999999999999073 -108.35516616213687563
-15.199999999999999067 -107.65516616208280842
-15.099999999999999062 -106.95516616202069946
-14.999999999999999056 -106.25516616194936887
-14.899999999999999051 -105.55516616186741995
-14.799999999999999045 -104.85516616177328309
-14.69999999999999904 -104.15516616166515214
-14.599999999999999034 -103.45516616154094607
-14.499999999999999029 -102.75516616139826119
-14.399999999999999023 -102.05516616123437767
-14.299999999999999017 -101.3551661610461168
-14.199999999999999012 -100.6551661608298517
-14.099999999999999006 -99.955166160581440599
-13.999999999999999001 -99.255166160296082945
-13.899999999999998995 -98.555166159968300914
-13.79999999999999899 -97.855166159591772113
-13.699999999999998984 -97.155166159159256023
-13.599999999999998979 -96.455166158662429055
-13.499999999999998973 -95.755166158091723705
-13.399999999999998967 -95.055166157436144286
-13.299999999999998962 -94.355166156683093975
-13.199999999999998956 -93.655166155818059801
-13.099999999999998951 -92.955166154824395346
-12.999999999999998945 -92.255166153682988913
-12.89999999999999894 -91.555166152371841923
-12.799999999999998934 -90.855166150865734122
-12.699999999999998929 -90.155166149135669557
-12.599999999999998923 -89.455166147148348956
-12.499999999999998918 -88.755166144865515868
-12.399999999999998912 -88.055166142243223546
-12.299999999999998906 -87.35516613923100939
-12.199999999999998901 -86.655166135770882918
-12.099999999999998895 -85.955166131796238647
-11.99999999999999889 -85.25516612723057729
-11.899999999999998884 -84.555166121985999337
-11.799999999999998879 -83.855166115961567697
-11.699999999999998873 -83.155166109041309659
-11.599999999999998868 -82.455166101092022425
-11.499999999999998862 -81.755166091960685934
-11.399999999999998856 -81.055166081471543617
-11.299999999999998851 -80.355166069422672977
-11.199999999999998845 -79.655166055582159596
-11.09999999999999884 -78.955166039683591152
-10.999999999999998834 -78.255166021420916549
-10.899999999999998829 -77.55516600044261942
-10.799999999999998823 -76.855165976344883631
-10.699999999999998818 -76.155165948663860049
-10.599999999999998812 -75.4551659168667023
-10.499999999999998807 -74.755165880341359278
-10.399999999999998801 -74.055165838384750067
-10.299999999999998795 -73.355165790189268753
-10.19999999999999879 -72.655165734827194244
-10.099999999999998784 -71.955165671232857803
-9.9999999999999987788 -71.255165598182149408
-9.8999999999999987732 -70.555165514268903165
-9.7999999999999987677 -69.855165417877883576
-9.6999999999999987621 -69.155165307153665118
-9.5999999999999987566 -68.455165179964917923
-9.499999999999998751 -67.755165033863379627
-9.3999999999999987454 -67.055164866036746411
-9.2999999999999987399 -66.355164673254507388
-9.1999999999999987343 -65.655164451805817924
-9.0999999999999987288 -64.95516419742796693
-8.9999999999999987232 -64.255163905224445837
-8.8999999999999987177 -63.555163569570588909
-8.7999999999999987121 -62.855163184005344856
-8.6999999999999987066 -62.155162741106912363
-8.599999999999998701 -61.45516223234986983
-8.4999999999999986955 -60.75516164794102049
-8.3999999999999986899 -60.05516097663092385
-8.2999999999999986844 -59.355160205497306343
-8.1999999999999986788 -58.65515931969631934
-8.0999999999999986733 -57.955158302176782732
-7.9999999999999986677 -57.255157133351890864
-7.8999999999999986622 -56.555155790722207828
-7.7999999999999986566 -55.855154248442457737
-7.6999999999999986511 -55.155152476823972204
-7.5999999999999986455 -54.455150441763083213
-7.49999999999999864 -53.755148104084552613
-7.3999999999999986344 -53.055145418787246435
-7.2999999999999986289 -52.355142334177659928
-7.1999999999999986233 -51.655138790874611086
-7.0999999999999986178 -50.955134720665644846
-6.9999999999999986122 -50.255130045193515124
-6.8999999999999986067 -49.555124674447077397
-6.7999999999999986011 -48.855118505027588902
-6.6999999999999985956 -48.155111418157155422
-6.59999999999999859 -47.455103277390440518
-6.4999999999999985845 -46.755093925985936118
-6.3999999999999985789 -46.055083183885731252
-6.2999999999999985734 -45.355070844245416223
-6.1999999999999985678 -44.655056669447083887
-6.0999999999999985623 -43.955040386518286457
-5.9999999999999985567 -43.255021681868015801
-5.8999999999999985512 -42.555000195237935139
-5.7999999999999985456 -41.854975512751156077
-5.6999999999999985401 -41.154947158923729163
-5.5999999999999985345 -40.454914587483190415
-5.499999999999998529 -39.754877170815356287
-5.3999999999999985234 -39.05483418783308414
-5.2999999999999985179 -38.354784810029800912
-5.1999999999999985123 -37.654728085443982441
-5.0999999999999985068 -36.954662920219305291
-4.9999999999999985012 -36.254588057396401732
-4.8999999999999984956 -35.554502052516141136
-4.7999999999999984901 -34.854403245549235822
-4.6999999999999984845 -34.15428972859097218
-4.599999999999998479 -33.454159308671957111
-4.4999999999999984734 -32.754009464932827032
-4.3999999999999984679 -32.053837299290509972
-4.2999999999999984623 -31.353639479583393306
-4.1999999999999984568 -30.653412174016863061
-4.0999999999999984512 -29.953150975536569111
-3.9999999999999984457 -29.252850814526649477
-3.8999999999999984401 -28.552505857957559045
-3.7999999999999984346 -27.852109392783966039
-3.699999999999998429 -27.151653691005143179
-3.5999999999999984235 -26.451129853335101813
-3.4999999999999984179 -25.750527627867474966
-3.3999999999999984124 -25.04983519943848326
-3.2999999999999984068 -24.349038944558765468
-3.1999999999999984013 -23.648123145762353141
-3.0999999999999983957 -22.947069657956044254
-2.9999999999999983902 -22.245857517777077064
-2.8999999999999983846 -21.544462484988632803
-2.7999999999999983791 -20.842856502440089119
-2.6999999999999983735 -20.141007057924155579
-2.599999999999998368 -19.438876427149582997
-2.4999999999999983624 -18.736420771700258638
-2.3999999999999983569 -18.033589058830006881
-2.2999999999999983513 -17.330321760625652061
-2.1999999999999983458 -16.626549277567671636
-2.0999999999999983402 -15.922190014540050819
-1.9999999999999983347 -15.217148013986643345
-1.8999999999999983291 -14.511310018344493065
-1.7999999999999983236 -13.804541787789619622
-1.699999999999998318 -13.096683433029605502
-1.5999999999999983125 -12.387543425829102494
-1.4999999999999983069 -11.676890805164916516
-1.3999999999999983014 -10.964444876363110048
-1.2999999999999982958 -10.2498613569868977
-1.1999999999999982903 -9.5327133748032949378
-1.0999999999999982847 -8.8124648246210163339
-0.99999999999999827915 -8.0884320774501155157
1.0 -8.0884320774501155157
1.1000000000000017264 -7.407142606694155802
1.2000000000000017319 -6.8048765615478503519
1.3000000000000017375 -6.268365736629742263
1.4000000000000017431 -5.7873206733074279385
1.5000000000000017486 -5.3536065505414565446
1.6000000000000017542 -4.9606859581072604884
1.7000000000000017597 -4.6032310841198344827
1.8000000000000017653 -4.2768469590461829855
1.9000000000000017708 -3.9778695536307763572
2.0000000000000017764 -3.703215575898911814
2.1000000000000017819 -3.4502687594135368489
2.2000000000000017875 -3.216792419071088715
2.300000000000001793 -3.0008612575515980563
2.4000000000000017986 -2.8008075156053452328
2.5000000000000018041 -2.6151779754613975641
2.6000000000000018097 -2.4426992938746962012
2.7000000000000018152 -2.2822498125512013995
2.8000000000000018208 -2.1328364663743136525
2.9000000000000018263 -1.9935757473634348233
3.0000000000000018319 -1.8636779265307381583
3.1000000000000018374 -1.7424339148858545663
3.200000000000001843 -1.6292042778882013911
3.3000000000000018485 -1.5234100178063332547
3.4000000000000018541 -1.4245248148407047361
3.5000000000000018596 -1.3320684768969776465
3.6000000000000018652 -1.2456013940860027897
3.7000000000000018707 -1.1647198305993494594
3.8000000000000018763 -1.0890519158895891513
3.9000000000000018818 -1.0182542207602077623
3.925 -1.00127798942267
3.93 1.00208655966979
4.0000000000000018874 1.0496426959838744695
4.1000000000000018929 1.1190601407078928794
4.2000000000000018985 1.1901533695923712529
4.300000000000001904 1.2628501981973516377
4.4000000000000019096 1.3370793743659032712
4.5000000000000019151 1.4127708319161889916
4.6000000000000019207 1.4898559115934739266
4.7000000000000019262 1.5682675507405476241
4.8000000000000019318 1.647940443320208413
4.9000000000000019373 1.7288111720710706093
5.0000000000000019429 1.8108183146924137959
5.1000000000000019484 1.8939025260319575821
5.200000000000001954 1.9780065982923837436
5.3000000000000019595 2.0630755012806367291
5.4000000000000019651 2.1490564047010851607
5.5000000000000019706 2.235898684444194047
5.6000000000000019762 2.323553914750656705
5.7000000000000019817 2.4119758480415307043
5.8000000000000019873 2.5011203841018773817
5.9000000000000019929 2.5909455301931823471
6.0000000000000019984 2.6814113535518252585
6.100000000000002004 2.7724799276096894943
6.2000000000000020095 2.8641152731522669197
6.3000000000000020151 2.9562832955107140038
6.4000000000000020206 3.0489517187689288185
6.5000000000000020262 3.1420900178570630119
6.6000000000000020317 3.2356693492986962902
6.7000000000000020373 3.3296624812817685379
6.8000000000000020428 3.4240437236331440421
6.9000000000000020484 3.5187888581941748843
7.0000000000000020539 3.6138750700186468538
7.1000000000000020595 3.709280879746490786
7.200000000000002065 3.8049860774449310144
7.3000000000000020706 3.9009716581538833876
7.4000000000000020761 3.997219759323744676
7.5000000000000020817 4.09371360029060319
7.6000000000000020872 4.1904374238964825486
7.7000000000000020928 4.2873764403292152894
7.8000000000000020983 4.3845167732287480499
7.9000000000000021039 4.4818454080816978792
8.0000000000000021094 4.5793501429064650855
8.100000000000002115 4.677019541212907657
8.2000000000000021205 4.7748428872063992631
8.3000000000000021261 4.8728101431946925703
8.4000000000000021316 4.9709119091459678806
8.5000000000000021372 5.0691393843382843751
8.6000000000000021427 5.1674843310360786588
8.7000000000000021483 5.2659390401236753501
8.8000000000000021538 5.3644962986228965807
8.9000000000000021594 5.4631493590202663087
9.0000000000000021649 5.5618919103274754765
9.1000000000000021705 5.6607180507990511388
9.200000000000002176 5.7596222622308516161
9.3000000000000021816 5.8585993857644678754
9.4000000000000021871 5.9576445991236489955
9.5000000000000021927 6.056753395209823774
9.6000000000000021982 6.155921561987075108
9.7000000000000022038 6.2551451635883683784
9.8000000000000022093 6.3544205225764291644
9.9000000000000022149 6.4537442032969245965
10.00000000000000222 6.5531129962614782919
10.100000000000002226 6.6525239035039566847
10.200000000000002232 6.7519741248531674865
10.300000000000002237 6.8514610450683275912
10.400000000000002243 6.9509822217871920659
10.500000000000002248 7.0505353742397449863
10.600000000000002254 7.1501183726796833434
10.700000000000002259 7.2497292284901795658
10.800000000000002265 7.3493660849266502148
10.90000000000000227 7.4490272084514999154
11.000000000000002276 7.5487109806305987782
11.100000000000002282 7.6484158905519297036
11.200000000000002287 7.7481405277354864517
11.300000000000002293 7.8478835755043053048
11.400000000000002298 7.9476438047883087178
11.500000000000002304 8.0474200683283118203
11.600000000000002309 8.1472112952634808779
11.700000000000002315 8.2470164860698511124
11.80000000000000232 8.3468347078318347995
11.900000000000002326 8.4466650898235114556
12.000000000000002331 8.5465068193806111232
12.100000000000002337 8.6463591380450650465
12.200000000000002343 8.7462213379622471374
12.300000000000002348 8.8460927585165710519
12.400000000000002354 8.9459727831906144222
12.500000000000002359 9.0458608366269589843
12.600000000000002365 9.1457563818918480582
12.70000000000000237 9.2456589179141038345
12.800000000000002376 9.3455679770935857457
12.900000000000002381 9.4454831230766222716
13.000000000000002387 9.5454039486641514708
13.100000000000002393 9.6453300738756452254
13.200000000000002398 9.7452611441281057393
13.300000000000002404 9.8451968285425311727
13.400000000000002409 9.9451368183628913901
13.500000000000002415 10.045080825476133696
13.60000000000000242 10.145028581041439248
13.700000000000002426 10.244979834194219256
13.800000000000002431 10.344934350847918156
13.900000000000002437 10.444891912577919926
14.000000000000002442 10.544852315566700689
14.100000000000002448 10.644815369636531769
14.200000000000002454 10.744780897331108998
14.300000000000002459 10.844748733067779337
14.400000000000002465 10.944718722347207469
14.50000000000000247 11.044690721001031539
14.600000000000002476 11.144664594513509437
14.700000000000002481 11.244640217374154789
14.800000000000002487 11.344617472466218067
14.900000000000002492 11.444596250512077769
15.000000000000002498 11.544576449553638129
15.100000000000002504 11.64455797445427471
15.200000000000002509 11.744540736446454885
15.300000000000002515 11.844524652694755053
15.40000000000000252 11.944509645927970256
15.500000000000002526 12.044495644027949721
15.600000000000002531 12.144482579712987716
15.700000000000002537 12.244470390218113438
15.800000000000002542 12.344459016954200237
15.900000000000002548 12.444448405275446213
16.000000000000002554 12.544438504179163661
16.100000000000002559 12.644429266097672043
16.200000000000002565 12.744420646629820927
16.30000000000000257 12.844412604345850629
16.400000000000002576 12.944405100606099745
16.500000000000002581 13.044398099357822476
16.600000000000002587 13.144391566934885164
16.700000000000002592 13.244385471949112712
16.800000000000002598 13.344379785121241519
16.900000000000002603 13.444374479107401539
17.000000000000002609 13.544369528403681376
17.100000000000002615 13.644364909223806349
17.20000000000000262 13.744360599384232946
17.300000000000002626 13.844356578134966216
17.400000000000002631 13.944352826183428218
17.500000000000002637 14.044349325461807877
17.600000000000002642 14.144346059194889431
17.700000000000002648 14.244343011643987578
17.800000000000002653 14.344340168165662865
17.900000000000002659 14.444337515140211382
18.000000000000002665 14.544335039753233524
18.10000000000000267 14.644332730117761792
18.200000000000002676 14.744330575159309517
18.300000000000002681 14.84432856452450075
18.400000000000002687 14.944326688516819601
18.500000000000002692 15.044324938144961173
18.600000000000002698 15.144323305014152947
18.700000000000002703 15.24432178118306561
18.800000000000002709 15.344320359435638891
18.900000000000002714 15.444319032924798953
19.00000000000000272 15.544317795220122132
19.100000000000002726 15.644316640390554502
19.200000000000002731 15.744315562934691117
19.300000000000002737 15.844314557594351602
19.400000000000002742 15.9443136195995571
19.500000000000002748 16.044312744409570475
19.600000000000002753 16.14431192778406274
19.700000000000002759 16.244311165901769636
19.800000000000002764 16.344310455082593805
19.90000000000000277 16.444309791809395683
20.000000000000002776 16.54430917287574493
20.100000000000002781 16.644308595464934891
20.200000000000002787 16.744308056742374462
20.300000000000002792 16.844307554010520892
20.400000000000002798 16.944307085071610621
20.500000000000002803 17.044306647409903114
20.600000000000002809 17.144306239176539461
20.700000000000002814 17.24430585823441413
20.80000000000000282 17.344305502751519773
20.900000000000002826 17.444305171145243346
21.000000000000002831 17.544304861722880716
