404
-20.999999999999999389 -169.34827556689180206
-20.899999999999999384 -168.54827556689178742
-20.799999999999999378 -167.74827556689177295
-20.699999999999999373 -166.94827556689173798
-20.599999999999999367 -166.14827556689170092
-20.499999999999999362 -165.34827556689166119
-20.399999999999999356 -164.54827556689161969
-20.299999999999999351 -163.74827556689156837
-20.199999999999999345 -162.94827556689151731
-20.099999999999999339 -162.14827556689145939
-19.999999999999999334 -161.34827556689138418
-19.899999999999999328 -160.54827556689131506
-19.799999999999999323 -159.7482755668912195
-19.699999999999999317 -158.94827556689111168
-19.599999999999999312 -158.14827556689097218
-19.499999999999999306 -157.34827556689083191
-19.399999999999999301 -156.54827556689067064
-19.299999999999999295 -155.74827556689049387
-19.199999999999999289 -154.94827556689027637
-19.099999999999999284 -154.14827556689001923
-18.999999999999999278 -153.34827556688973013
-18.899999999999999273 -152.5482755668894031
-18.799999999999999267 -151.74827556688903979
-18.699999999999999262 -150.94827556688859096
-18.599999999999999256 -150.14827556688809873
-18.499999999999999251 -149.34827556688754502
-18.399999999999999245 -148.54827556688687229
-18.299999999999999239 -147.74827556688612401
-18.199999999999999234 -146.94827556688525949
-18.099999999999999228 -146.14827556688426331
-17.999999999999999223 -145.34827556688313142
-17.899999999999999217 -144.54827556688181086
-17.799999999999999212 -143.74827556688031158
-17.699999999999999206 -142.94827556687857935
-17.599999999999999201 -142.14827556687659198
-17.499999999999999195 -141.34827556687432245
-17.39999999999999919 -140.5482755668716926
-17.299999999999999184 -139.74827556686867929
-17.199999999999999178 -138.94827556686522395
-17.099999999999999173 -138.14827556686125111
-16.999999999999999167 -137.34827556685668953
-16.899999999999999162 -136.54827556685144394
-16.799999999999999156 -135.74827556684541884
-16.699999999999999151 -134.94827556683850641
-16.599999999999999145 -134.1482755668305642
-16.49999999999999914 -133.34827556682144353
-16.399999999999999134 -132.54827556681095325
-16.299999999999999128 -131.74827556679891938
-16.199999999999999123 -130.94827556678508195
-16.099999999999999117 -130.14827556676918908
-15.999999999999999112 -129.34827556675093803
-15.899999999999999106 -128.54827556672996743
-15.799999999999999101 -127.74827556670589028
-15.699999999999999095 -126.94827556667823521
-15.59999999999999909 -126.14827556664644678
-15.499999999999999084 -125.34827556660994759
-15.399999999999999079 -124.54827556656801464
-15.299999999999999073 -123.74827556651984094
-15.199999999999999067 -122.94827556646451087
-15.099999999999999062 -122.14827556640096205
-14.999999999999999056 -121.34827556632796261
-14.899999999999999051 -120.54827556624410008
-14.799999999999999045 -119.74827556614774858
-14.69999999999999904 -118.9482755660371012
-14.599999999999999034 -118.14827556590998749
-14.499999999999999029 -117.34827556576395653
-14.399999999999999023 -116.54827556559623353
-14.299999999999999017 -115.74827556540355944
-14.199999999999999012 -114.9482755651822579
-14.099999999999999006 -114.14827556492801977
-13.999999999999999001 -113.34827556463599662
-13.899999999999998995 -112.54827556430054389
-13.79999999999999899 -111.74827556391520087
-13.699999999999998984 -110.94827556347256335
-13.599999999999998979 -110.14827556296410393
-13.499999999999998973 -109.34827556238005735
-13.399999999999998967 -108.54827556170913565
-13.299999999999998962 -107.74827556093847022
-13.199999999999998956 -106.9482755600531851
-13.099999999999998951 -106.14827555903626976
-12.999999999999998945 -105.34827555786815832
-12.89999999999999894 -104.5482755565263375
-12.799999999999998934 -103.74827555498498376
-12.699999999999998929 -102.94827555321443912
-12.599999999999998923 -102.14827555118061935
-12.499999999999998918 -101.34827554884437352
-12.399999999999998912 -100.54827554616072648
-12.299999999999998906 -99.74827554307804404
-12.199999999999998901 -98.94827553953693908
-12.099999999999998895 -98.148275535469310757
-11.99999999999999889 -97.348275530796804683
-11.899999999999998884 -96.548275525429523593
-11.799999999999998879 -95.748275519264125878
-11.699999999999998873 -94.948275512181961881
-11.599999999999998868 -94.148275504046673946
-11.499999999999998862 -93.348275494701681646
-11.399999999999998856 -92.548275483967113279
-11.299999999999998851 -91.748275471636329422
-11.199999999999998845 -90.948275457471971545
-11.09999999999999884 -90.148275441201404118
-10.999999999999998834 -89.34827542251141973
-10.899999999999998829 -88.548275401042283796
-10.799999999999998823 -87.748275376380702678
-10.699999999999998818 -86.948275348051987103
-10.599999999999998812 -86.148275315510852586
-10.499999999999998807 -85.348275278130887921
-10.399999999999998801 -84.548275235192577101
-10.299999999999998795 -83.74827518586941293
-10.19999999999999879 -82.948275129211973869
-10.099999999999998784 -82.14827506412965675
-9.9999999999999987788 -81.348274989369707253
-9.8999999999999987732 -80.548274903493059413
-9.7999999999999987677 -79.74827480484668326
-9.6999999999999987621 -78.948274691531734075
-9.5999999999999987566 -78.148274561367025559
-9.499999999999998751 -77.348274411846998755
-9.3999999999999987454 -76.548274240093548511
-9.2999999999999987399 -75.748274042800603459
-9.1999999999999987343 -74.948273816170440248
-9.0999999999999987288 -74.148273555840646681
-8.9999999999999987232 -73.348273256800135976
-8.8999999999999987177 -72.548272913292620965
-8.7999999999999987121 -71.748272518705909839
-8.6999999999999987066 -70.948272065444513482
-8.599999999999998701 -70.148271544783528366
-8.4999999999999986955 -69.348270946700635939
-8.3999999999999986899 -68.548270259683162262
-8.2999999999999986844 -67.748269470506480816
-8.1999999999999986788 -66.948268563979414104
-8.0999999999999986733 -66.14826752265180032
-7.9999999999999986677 -65.348266326478565017
-7.8999999999999986622 -64.548264952433780919
-7.7999999999999986566 -63.748263374067436652
-7.6999999999999986511 -62.948261560996172085
-7.5999999999999986455 -62.148259478318366883
-7.49999999999999864 -61.34825708594207513
-7.3999999999999986344 -60.548254337813158545
-7.2999999999999986289 -59.748251181028563987
-7.1999999999999986233 -58.948247554817547428
-7.0999999999999986178 -58.14824338937153538
-6.9999999999999986122 -57.348238604499681707
-6.8999999999999986067 -56.548233108084487194
-6.7999999999999986011 -55.748226794307640175
-6.6999999999999985956 -54.948219541611619148
-6.59999999999999859 -54.148211210358022357
-6.4999999999999985845 -53.348201640137214227
-6.3999999999999985789 -52.548190646677292142
-6.2999999999999985734 -51.7481780182928974
-6.1999999999999985678 -50.948163511804721707
-6.0999999999999985623 -50.148146847851101505
-5.9999999999999985567 -49.348127705500814631
-5.8999999999999985512 -48.548105716062419193
-5.7999999999999985456 -47.74808045597014927
-5.6999999999999985401 -46.948051438608164048
-5.5999999999999985345 -46.148018104913678928
-5.499999999999998529 -45.347979812576149484
-5.3999999999999985234 -44.547935823621410394
-5.2999999999999985179 -43.747885290137585766
-5.1999999999999985123 -42.947827237862953114
-5.0999999999999985068 -42.147760547312539634
-4.9999999999999985012 -41.347683932070893134
-4.8999999999999984956 -40.547595913821163929
-4.7999999999999984901 -39.747494793613056065
-4.6999999999999984845 -38.947378618795579794
-4.599999999999998479 -38.147245144949481126
-4.4999999999999984734 -37.347091792049082979
-4.3999999999999984679 -36.54691559396001135
-4.2999999999999984623 -35.746713140235173078
-4.1999999999999984568 -34.946480509001537752
-4.0999999999999984512 -34.146213189530927013
-3.9999999999999984457 -33.345905992851873757
-3.8999999999999984401 -32.545552948480062854
-3.7999999999999984346 -31.745147185011455472
-3.699999999999998429 -30.944680791924081376
-3.5999999999999984235 -30.144144659456164393
-3.4999999999999984179 -29.34352829285008534
-3.3999999999999984124 -28.542819596550428408
-3.2999999999999984068 -27.742004623087770133
-3.1999999999999984013 -26.941067280326233229
-3.0999999999999983957 -26.139988989450049822
-2.9999999999999983902 -25.338748284439440826
-2.8999999999999983846 -24.537320341745411311
-2.7999999999999983791 -23.735676426289396904
-2.6999999999999983735 -22.933783236613341327
-2.599999999999998368 -22.131602127752947184
-2.4999999999999983624 -21.329088184875720211
-2.3999999999999983569 -20.526189113455416736
-2.2999999999999983513 -19.722843902103142404
-2.1999999999999983458 -18.918981201213044035
-2.0999999999999983402 -18.114517342963916163
-1.9999999999999983347 -17.309353903967204348
-1.8999999999999983291 -16.503374678001697306
-1.7999999999999983236 -15.696441878314991923
-1.699999999999998318 -14.888391319899591053
-1.5999999999999983125 -14.0790262308826577
-1.4999999999999983069 -13.268109190744833494
-1.3999999999999983014 -12.455351461700524973
-1.2999999999999982958 -11.640398617417438369
-1.1999999999999982903 -10.822810791172708957
-1.0999999999999982847 -10.002034902206759063
-0.99999999999999827915 -9.1773645727998670955
1.0 -9.1773645727998670955
1.1000000000000017264 -8.4018357974233258526
1.2000000000000017319 -7.716699316330653634
1.3000000000000017375 -7.1067706269840487723
1.4000000000000017431 -6.5602703257226379812
1.5000000000000017486 -6.0678818656667396794
1.6000000000000017542 -5.6221145092396742602
1.7000000000000017597 -5.2168600752351504062
1.8000000000000017653 -4.8470767617741315366
1.9000000000000017708 -4.5085586343736939442
2.0000000000000017764 -4.1977642733326523375
2.1000000000000017819 -3.9116871561955874926
2.2000000000000017875 -3.6477560514748663127
2.300000000000001793 -3.403757372490414211
2.4000000000000017986 -3.177773861132605661
2.5000000000000018041 -2.9681355993849967798
2.6000000000000018097 -2.7733804605430791132
2.7000000000000018152 -2.5922218862516822853
2.8000000000000018208 -2.4235224208612627209
2.9000000000000018263 -2.2662718236057997406
3.0000000000000018319 -2.1195688598358469354
3.1000000000000018374 -1.9826060774618462858
3.200000000000001843 -1.8546570260770887871
3.3000000000000018485 -1.7350654892957609389
3.4000000000000018541 -1.6232363863796744683
3.5000000000000018596 -1.5186280647798782966
3.6000000000000018652 -1.4207457561247766607
3.7000000000000018707 -1.3291360082471160171
3.8000000000000018763 -1.2433819377808332187
3.9000000000000018818 -1.1630991736373958343
4.0000000000000018874 -1.0879323827134692444
4.1000000000000018929 -1.0175522865288290387
4.125 -1.00066886538027
4.13 1.0026795952271
4.2000000000000018985 1.0500234318002209538
4.300000000000001904 1.1191427917584491077
4.4000000000000019096 1.1899449012452853434
4.5000000000000019151 1.2623583633104059096
4.6000000000000019207 1.3363125612719704369
4.7000000000000019262 1.4117379269866868591
4.8000000000000019318 1.4885661758054435636
4.9000000000000019373 1.5667305095783614086
5.0000000000000019429 1.6461657892732031917
5.1000000000000019484 1.7268086789405512508
5.200000000000001954 1.80859776289251395
5.3000000000000019595 1.8914736380561654083
5.4000000000000019651 1.975378983518841006
5.5000000000000019706 2.0602586093022885946
5.6000000000000019762 2.1460594863893102902
5.7000000000000019817 2.232730759984929138
5.8000000000000019873 2.3202237479281426145
5.9000000000000019929 2.4084919260852882873
6.0000000000000019984 2.4974909024562250789
6.100000000000002004 2.5871783816135334109
6.2000000000000020095 2.677514120977950979
6.3000000000000020151 2.7684598803118838472
6.4000000000000020206 2.859979365690838676
6.5000000000000020262 2.9520381690926277847
6.6000000000000020317 3.0446037046268188823
6.7000000000000020373 3.1376451423148020988
6.8000000000000020428 3.2311333402245264607
6.9000000000000020484 3.3250407756641589998
7.0000000000000020539 3.4193414760461049553
7.1000000000000020595 3.5140109499475698956
7.200000000000002065 3.6090261188156993111
7.3000000000000020706 3.7043652496945981507
7.4000000000000020761 3.8000078892872124666
7.5000000000000020817 3.8959347996087241021
7.6000000000000020872 3.9921278954366482375
7.7000000000000020928 4.0885701837179686162
7.8000000000000020983 4.1852457050548540723
7.9000000000000021039 4.2821394773552270759
8.0000000000000021094 4.3792374417055076886
8.100000000000002115 4.4765264104968272357
8.2000000000000021205 4.5739940178144414191
8.3000000000000021261 4.6716286720815762513
8.4000000000000021316 4.769419510933402316
8.5000000000000021372 4.8673563582842572374
8.6000000000000021427 4.9654296835410259747
8.7000000000000021483 5.0636305629065526358
8.8000000000000021538 5.1619506427114384107
8.9000000000000021594 5.2603821047067263138
9.0000000000000021649 5.3589176332466159836
9.1000000000000021705 5.4575503842886947564
9.200000000000002176 5.5562739561356818315
9.3000000000000021816 5.6550823618446182421
9.4000000000000021871 5.7539700032274263915
9.5000000000000021927 5.8529316463684083005
9.6000000000000021982 5.9519623985848924437
9.7000000000000022038 6.0510576867591481047
9.8000000000000022093 6.1502132369710934926
9.9000000000000022149 6.2494250553642777175
10.00000000000000222 6.3486894101771860594
10.100000000000002226 6.4480028148790209301
10.200000000000002232 6.5473620123465122324
10.300000000000002237 6.6467639600235788322
10.400000000000002243 6.7462058160088953707
10.500000000000002248 6.8456849260161204226
10.600000000000002254 6.9451988111566587923
10.700000000000002259 7.0447451564960086729
10.800000000000002265 7.1443218003383396942
10.90000000000000227 7.2439267241939981546
11.000000000000002276 7.343558043389837557
11.100000000000002282 7.4432139982823006825
11.200000000000002287 7.5428929460369851502
11.300000000000002293 7.6425933529388100171
11.400000000000002298 7.7423137872005124957
11.500000000000002304 7.8420529122369030267
11.600000000000002309 7.9418094803772612082
11.700000000000002315 8.0415823269879640071
11.80000000000000232 8.1413703649782227928
11.900000000000002326 8.241172579664473831
12.000000000000002331 8.3409880239729791108
12.100000000000002337 8.4408158139561597872
12.200000000000002343 8.5406551246023314099
12.300000000000002348 8.6405051859235606617
12.400000000000002354 8.7403652793006560201
12.500000000000002359 8.8402347340661279288
12.600000000000002365 8.940112924316630119
12.70000000000000237 9.0399992659352866589
12.800000000000002376 9.1398932138076220843
12.900000000000002381 9.2397942592261401054
13.000000000000002387 9.3397019274662477508
13.100000000000002393 9.4396157755160709912
13.200000000000002398 9.5395353899708641529
13.300000000000002404 9.6394603850494221389
13.400000000000002409 9.7393904007593073615
13.500000000000002415 9.8393251011711244079
13.60000000000000242 9.9392641728151780995
13.700000000000002426 10.039207323181279107
13.800000000000002431 10.139154279318853311
13.900000000000002437 10.239104786532071836
14.000000000000002442 10.339058607163158973
14.100000000000002448 10.439015519444015453
14.200000000000002454 10.538975316445899291
14.300000000000002459 10.638937805082745832
14.400000000000002465 10.738902805187653926
14.50000000000000247 10.838870148648262366
14.600000000000002476 10.938839678595230382
14.700000000000002481 11.038811248664658641
14.800000000000002487 11.138784722280631656
14.900000000000002492 11.23875997201533605
15.000000000000002498 11.338736878953961976
15.100000000000002504 11.438715332159004343
15.200000000000002509 11.538695228099859223
15.300000000000002515 11.638676470194597146
15.40000000000000252 11.73865896831031266
15.500000000000002526 11.838642638350664016
15.600000000000002531 11.938627401854423315
15.700000000000002537 12.038613185614973637
15.800000000000002542 12.138599921304446876
15.900000000000002548 12.238587545203330292
16.000000000000002554 12.338575997830937247
16.100000000000002559 12.438565223699196933
16.200000000000002565 12.538555171031585667
16.30000000000000257 12.638545791523830338
16.400000000000002576 12.738537040090181053
16.500000000000002581 12.838528874689590821
16.600000000000002587 12.93852125607399527
16.700000000000002592 13.038514147635258712
16.800000000000002598 13.138507515206538593
16.900000000000002603 13.238501326904414566
17.000000000000002609 13.338495553018521156
17.100000000000002615 13.43849016576802835
17.20000000000000262 13.538485139274771667
17.300000000000002626 13.638480449375945823
17.400000000000002631 13.738476073534313707
17.500000000000002637 13.838471990738816811
17.600000000000002642 13.938468181333065177
17.700000000000002648 14.038464627025447417
17.800000000000002653 14.138461310753984548
17.900000000000002659 14.238458216536040418
18.000000000000002665 14.338455329552238884
18.10000000000000267 14.438452635880388176
18.200000000000002676 14.538450122585540231
18.300000000000002681 14.638447777618020694
18.400000000000002687 14.738445589649997161
18.500000000000002692 14.838443548209707659
18.600000000000002698 14.938441643522661865
18.700000000000002703 15.038439866338385657
18.800000000000002709 15.138438208145971622
18.900000000000002714 15.238436661026259212
19.00000000000000272 15.338435217567194031
19.100000000000002726 15.43843387066204301
19.200000000000002731 15.538432614044681598
19.300000000000002737 15.638431441519790671
19.400000000000002742 15.738430347545169182
19.500000000000002748 15.838429326870135308
19.600000000000002753 15.93842837449474628
19.700000000000002759 16.038427485899324678
19.800000000000002764 16.138426656759547858
19.90000000000000277 16.23842588322483246
20.000000000000002776 16.338425161485550038
20.100000000000002781 16.43842448798424367
20.200000000000002787 16.538423859682282027
20.300000000000002792 16.638423273484850956
20.400000000000002798 16.738422726474272202
20.500000000000002803 16.838422216126122637
20.600000000000002809 16.938421739913306135
20.700000000000002814 17.038421295549709361
20.80000000000000282 17.138420880996949992
20.900000000000002826 17.238420494214889115
21.000000000000002831 17.338420133441127214
