404
-20.999999999999999389 -190.4307377270838466
-20.899999999999999384 -189.5307377270838469
-20.799999999999999378 -188.63073772708381053
-20.699999999999999373 -187.73073772708377672
-20.599999999999999367 -186.83073772708374286
-20.499999999999999362 -185.93073772708371158
-20.399999999999999356 -185.03073772708367078
-20.299999999999999351 -184.1307377270836105
-20.199999999999999345 -183.23073772708355311
-20.099999999999999339 -182.33073772708348629
-19.999999999999999334 -181.43073772708340201
-19.899999999999999328 -180.53073772708329522
-19.799999999999999323 -179.63073772708319385
-19.699999999999999317 -178.73073772708307029
-19.599999999999999312 -177.83073772708294967
-19.499999999999999306 -176.93073772708281356
-19.399999999999999301 -176.03073772708263716
-19.299999999999999295 -175.13073772708246348
-19.199999999999999289 -174.2307377270822568
-19.099999999999999284 -173.33073772708202413
-18.999999999999999278 -172.43073772708174039
-18.899999999999999273 -171.53073772708140893
-18.799999999999999267 -170.63073772708100021
-18.699999999999999262 -169.73073772708055452
-18.599999999999999256 -168.83073772708002307
-18.499999999999999251 -167.93073772707944425
-18.399999999999999245 -167.03073772707878464
-18.299999999999999239 -166.13073772707806644
-18.199999999999999234 -165.23073772707717782
-18.099999999999999228 -164.33073772707615762
-17.999999999999999223 -163.43073772707495855
-17.899999999999999217 -162.53073772707360589
-17.799999999999999212 -161.6307377270721412
-17.699999999999999206 -160.7307377270703837
-17.599999999999999201 -159.83073772706831189
-17.499999999999999195 -158.93073772706599734
-17.39999999999999919 -158.03073772706338477
-17.299999999999999184 -157.13073772706027313
-17.199999999999999178 -156.23073772705671856
-17.099999999999999173 -155.33073772705273156
-16.999999999999999167 -154.43073772704805125
-16.899999999999999162 -153.53073772704270842
-16.799999999999999156 -152.630737727036589
-16.699999999999999151 -151.73073772702952836
-16.599999999999999145 -150.83073772702146335
-16.49999999999999914 -149.93073772701214819
-16.399999999999999134 -149.030737727001456
-16.299999999999999128 -148.13073772698924681
-16.199999999999999123 -147.2307377269751037
-16.099999999999999117 -146.33073772695891562
-15.999999999999999112 -145.43073772694036133
-15.899999999999999106 -144.53073772691904014
-15.799999999999999101 -143.63073772689450819
-15.699999999999999095 -142.73073772686632623
-15.59999999999999909 -141.83073772683396458
-15.499999999999999084 -140.93073772679678869
-15.399999999999999079 -140.03073772675405675
-15.299999999999999073 -139.13073772670495801
-15.199999999999999067 -138.23073772664866854
-15.099999999999999062 -137.33073772658388386
-14.999999999999999056 -136.43073772650959415
-14.899999999999999051 -135.53073772642412454
-14.799999999999999045 -134.6307377263260045
-14.69999999999999904 -133.73073772621332389
-14.599999999999999034 -132.83073772608384033
-14.499999999999999029 -131.93073772593512809
-14.399999999999999023 -131.03073772576437615
-14.299999999999999017 -130.13073772556808729
-14.199999999999999012 -129.2307377253426995
-14.099999999999999006 -128.33073772508380557
-13.999999999999999001 -127.43073772478635467
-13.899999999999998995 -126.53073772444471086
-13.79999999999999899 -125.63073772405227041
-13.699999999999998984 -124.73073772360151144
-13.599999999999998979 -123.8307377230836189
-13.499999999999998973 -122.93073772248877361
-13.399999999999998967 -122.03073772180547599
-13.299999999999998962 -121.13073772102058208
-13.199999999999998956 -120.23073772011901936
-13.099999999999998951 -119.3307377190833272
-12.999999999999998945 -118.43073771789366006
-12.89999999999999894 -117.53073771652704715
-12.799999999999998934 -116.63073771495727872
-12.699999999999998929 -115.73073771315400941
-12.599999999999998923 -114.83073771108269271
-12.499999999999998918 -113.93073770870334423
-12.399999999999998912 -113.03073770597011489
-12.299999999999998906 -112.13073770283050797
-12.199999999999998901 -111.23073769922408918
-12.099999999999998895 -110.33073769508141855
-11.99999999999999889 -109.43073769032263158
-11.899999999999998884 -108.53073768485634938
-11.799999999999998879 -107.63073767857711715
-11.699999999999998873 -106.73073767136426076
-11.599999999999998868 -105.83073766307880354
-11.499999999999998862 -104.9307376535613707
-11.399999999999998856 -104.03073764262869012
-11.299999999999998851 -103.13073763007028944
-11.199999999999998845 -102.23073761564452231
-11.09999999999999884 -101.3307375990736987
-10.999999999999998834 -100.4307375800387804
-10.899999999999998829 -99.530737558173402092
-10.799999999999998823 -98.630737533056677507
-10.699999999999998818 -97.730737504205138151
-10.599999999999998812 -96.830737471063410276
-10.499999999999998807 -95.930737432993536645
-10.399999999999998801 -95.030737389262759536
-10.299999999999998795 -94.130737339029352401
-10.19999999999999879 -93.230737281326200802
-10.099999999999998784 -92.330737215042726774
-9.9999999999999987788 -91.430737138903011234
-9.8999999999999987732 -90.530737051441460632
-9.7999999999999987677 -89.630736950974474561
-9.6999999999999987621 -88.730736835568202567
-9.5999999999999987566 -87.830736703001156023
-9.499999999999998751 -86.93073655072163951
-9.3999999999999987454 -86.030736375798320167
-9.2999999999999987399 -85.130736174864148383
-9.1999999999999987343 -84.230735944051316616
-9.0999999999999987288 -83.330735678916872185
-8.9999999999999987232 -82.430735374357324349
-8.8999999999999987177 -81.530735024510077332
-8.7999999999999987121 -80.630734622640862668
-8.6999999999999987066 -79.730734161014115342
-8.599999999999998701 -78.83073363074387234
-8.4999999999999986955 -77.930733021622739456
-8.3999999999999986899 -77.030732321925743343
-8.2999999999999986844 -76.130731518184053175
-8.1999999999999986788 -75.230730594926095131
-8.0999999999999986733 -74.33072953437973062
-7.9999999999999986677 -73.430728316129917055
-7.8999999999999986622 -72.530726916725668714
-7.7999999999999986566 -71.630725309228899059
-7.6999999999999986511 -70.730723462695473827
-7.5999999999999986455 -69.830721341579464939
-7.49999999999999864 -68.930718905049083978
-7.3999999999999986344 -68.030716106200204647
-7.2999999999999986289 -67.130712891153224375
-7.1999999999999986233 -66.230709198015682439
-7.0999999999999986178 -65.330704955690719184
-6.9999999999999986122 -64.430700082507135927
-6.8999999999999986067 -63.530694484647288768
-6.7999999999999986011 -62.630688054339443589
-6.6999999999999985956 -61.7306806677824065
-6.59999999999999859 -60.830672182760186041
-6.4999999999999985845 -59.930662435901855758
-6.3999999999999985789 -59.030651239533910226
-6.2999999999999985734 -58.130638378063105731
-6.1999999999999985678 -57.230623603820362613
-6.0999999999999985623 -56.330606632286595413
-5.9999999999999985567 -55.430587136604855225
-5.8999999999999985512 -54.530564741275843717
-5.7999999999999985456 -53.630539014912251236
-5.6999999999999985401 -52.730509461911597327
-5.5999999999999985345 -51.830475512885493838
-5.499999999999998529 -50.930436513658940412
-5.3999999999999985234 -50.030391712624747056
-5.2999999999999985179 -49.130340246204695165
-5.1999999999999985123 -48.230281122133143415
-5.0999999999999985068 -47.330213200233886783
-4.9999999999999985012 -46.430135170309456009
-4.8999999999999984956 -45.530045526706702202
-4.7999999999999984901 -44.629942539049920565
-4.6999999999999984845 -43.729824218558390906
-4.599999999999998479 -42.829688279268612133
-4.4999999999999984734 -41.929532093378084699
-4.3999999999999984679 -41.029352639797906103
-4.2999999999999984623 -40.129146444858739509
-4.1999999999999984568 -39.228909513936484315
-4.0999999999999984512 -38.328637252565783817
-3.9999999999999984457 -37.428324375363382013
-3.8999999999999984401 -36.527964800802518354
-3.7999999999999984346 -35.627551529535034406
-3.699999999999998429 -34.727076503554383836
-3.5999999999999984235 -33.826530443000505389
-3.4999999999999984179 -32.925902656819940632
-3.3999999999999984124 -32.025180822773692312
-3.2999999999999984068 -31.124350731411647219
-3.1999999999999984013 -30.223395987550830252
-3.0999999999999983957 -29.322297661462573731
-2.9999999999999983902 -28.421033880305858701
-2.8999999999999983846 -27.519579348253588861
-2.7999999999999983791 -26.617904781105158531
-2.6999999999999983735 -25.715976237791532973
-2.599999999999998368 -24.813754326810101653
-2.4999999999999983624 -23.91119325994018044
-2.3999999999999983569 -23.008239718113570883
-2.2999999999999983513 -22.104831484378916045
-2.1999999999999983458 -21.200895785553127638
-2.0999999999999983402 -20.296347265993531133
-1.9999999999999983347 -19.391085491919768579
-1.8999999999999983291 -18.484991849777492925
-1.7999999999999983236 -17.577925652607995315
-1.699999999999998318 -16.669719196989915091
-1.5999999999999983125 -15.76017140835447539
-1.4999999999999983069 -14.849039555642617829
-1.3999999999999983014 -13.936028276290410737
-1.2999999999999982958 -13.020774776169316287
-1.1999999999999982903 -12.102828462417128607
-1.0999999999999982847 -11.181622258459922993
-0.99999999999999827915 -10.256431114602436379
1.0 -10.256431114602436379
1.1000000000000017264 -9.3867952820452929506
1.2000000000000017319 -8.6189286760588025482
1.3000000000000017375 -7.9357314013201926356
1.4000000000000017431 -7.3239354318463217354
1.5000000000000017486 -6.7730441210872920746
1.6000000000000017542 -6.2746151663195847756
1.7000000000000017597 -5.8217617179378395743
1.8000000000000017653 -5.4087965816399195529
1.9000000000000017708 -5.0309729206106901051
2.0000000000000017764 -4.6842916209828746763
2.1000000000000017819 -4.3653556914813233088
2.2000000000000017875 -4.0712584761390531045
2.300000000000001793 -3.7994965900736300957
2.4000000000000017986 -3.5479012148949613818
2.5000000000000018041 -3.3145832274518898664
2.6000000000000018097 -3.0978888959399924507
2.7000000000000018152 -2.8963637555509383057
2.8000000000000018208 -2.7087228959891864203
2.9000000000000018263 -2.5338263362647201647
3.0000000000000018319 -2.3706584820524927232
3.1000000000000018374 -2.2183108940862980848
3.200000000000001843 -2.0759677676403374907
3.3000000000000018485 -1.9428936506463184537
3.4000000000000018541 -1.8184230237200401759
3.5000000000000018596 -1.7019514380665518684
3.6000000000000018652 -1.5929279631288926553
3.7000000000000018707 -1.4908487394048105403
3.8000000000000018763 -1.3952514662763345171
3.9000000000000018818 -1.3057106822874162616
4.0000000000000018874 -1.2218337177227244854
4.1000000000000018929 -1.1432572177914812936
4.2000000000000018985 -1.0696441500779325295
4.300000000000001904 -1.0006812228277344051
4.304 1.00198750144456
4.305 1.0026550548324
4.4000000000000019096 1.0668875277012510621
4.5000000000000019151 1.1361976845265842874
4.6000000000000019207 1.2071784849889761586
4.7000000000000019262 1.2797592763181914273
4.8000000000000019318 1.3538701422187145424
4.9000000000000019373 1.4294421734830731681
5.0000000000000019429 1.5064077052397377515
5.1000000000000019484 1.5847005221690330144
5.200000000000001954 1.6642560332337173534
5.3000000000000019595 1.7450114176498078304
5.4000000000000019651 1.826905743962013977
5.5000000000000019706 1.9098800641869639973
5.6000000000000019762 1.9938774850451569686
5.7000000000000019817 2.0788432183238822807
5.8000000000000019873 2.1647246124003864559
5.9000000000000019929 2.251471166913151416
6.0000000000000019984 2.3390345325030296245
6.100000000000002004 2.4273684974607015978
6.2000000000000020095 2.5164289630161161681
6.3000000000000020151 2.6061739088953434536
6.4000000000000020206 2.696563350651410158
6.5000000000000020262 2.7875592901553106728
6.6000000000000020317 2.8791256605100023322
6.7000000000000020373 2.9712282665306025854
6.8000000000000020428 3.0638347218157435828
6.9000000000000020484 3.1569143833236763681
7.0000000000000020539 3.2504382842587466059
7.1000000000000020595 3.3443790659755775212
7.200000000000002065 3.4387109095138180951
7.3000000000000020706 3.5334094672921441558
7.4000000000000020761 3.628451795411157037
7.5000000000000020817 3.7238162869439149653
7.6000000000000020872 3.8194826065299359078
7.7000000000000020928 3.9154316265292880411
7.8000000000000020983 4.0116453649450591337
7.9000000000000021039 4.1081069252749898974
8.0000000000000021094 4.2048004384155413519
8.100000000000002115 4.301711006706313359
8.2000000000000021205 4.3988246501731798347
8.3000000000000021261 4.496128255002362727
8.4000000000000021316 4.5936095242571688966
8.5000000000000021372 4.6912569308290658458
8.6000000000000021427 4.7890596726000242377
8.7000000000000021483 4.8870076297808309884
8.8000000000000021538 4.9850913243784474883
8.9000000000000021594 5.0833018817377550144
9.0000000000000021649 5.1816309940968920852
9.1000000000000021705 5.2800708860896962034
9.200000000000002176 5.3786142821244765524
9.3000000000000021816 5.4772543755683529459
9.4000000000000021871 5.5759847996615538887
9.5000000000000021927 5.6747996000876564297
9.6000000000000021982 5.7736932091255328888
9.7000000000000022038 5.8726604213079597747
9.8000000000000022093 5.9716963705151458321
9.9000000000000022149 6.0707965084299211135
10.00000000000000222 6.1699565842867881317
10.100000000000002226 6.2691726258458488411
10.200000000000002232 6.3684409215259529788
10.300000000000002237 6.4677580036349140504
10.400000000000002243 6.5671206326345854383
10.500000000000002248 6.6665257823845674212
10.600000000000002254 6.7659706263058290971
10.700000000000002259 6.8654525244136878924
10.800000000000002265 6.9649690111690156544
10.90000000000000227 7.0645177840967356953
11.000000000000002276 7.1640966931294210727
11.100000000000002282 7.2637037306310606107
11.200000000000002287 7.3633370220575763961
11.300000000000002293 7.4629948172190912206
11.400000000000002298 7.5626754821036021512
11.500000000000002304 7.6623774912297118717
11.600000000000002309 7.7620994204939568366
11.700000000000002315 7.8618399404817398361
11.80000000000000232 7.9615978102143663596
11.900000000000002326 8.061371871302983174
12.000000000000002331 8.1611610424833068759
12.100000000000002337 8.2609643145111020035
12.200000000000002343 8.3607807453868046103
12.300000000000002348 8.4606094558974365035
12.400000000000002354 8.5604496254509228066
12.500000000000002359 8.6603004881827777249
12.600000000000002365 8.7601613293203486863
12.70000000000000237 8.8600314817870888769
12.800000000000002376 8.9599103230305784614
12.900000000000002381 9.059797272059263474
13.000000000000002387 9.1596917866761866216
13.100000000000002393 9.2595933608961328863
13.200000000000002398 9.3595015225325662136
13.300000000000002404 9.4594158309448273999
13.400000000000002409 9.5593358749384010988
13.500000000000002415 9.6592612707979106466
13.60000000000000242 9.7591916604528433137
13.700000000000002426 9.8591267097721396903
13.800000000000002431 9.959066106961545236
13.900000000000002437 10.059009561075834728
14.000000000000002442 10.158956800622287881
14.100000000000002448 10.258907572269849405
14.200000000000002454 10.35886163962523677
14.300000000000002459 10.458818782112502954
14.400000000000002465 10.558778793905888587
14.50000000000000247 10.658741482951217433
14.600000000000002476 10.758706670047037197
14.700000000000002481 10.858674187973333407
14.800000000000002487 10.958643880707259219
14.900000000000002492 11.058615602659885809
15.000000000000002498 11.158589217991822265
15.100000000000002504 11.25856459994865186
15.200000000000002509 11.358541630257910818
15.300000000000002515 11.458520198573384659
15.40000000000000252 11.558500201914157334
15.500000000000002526 11.658481544220025285
15.600000000000002531 11.758464135831669782
15.700000000000002537 11.858447893111497318
15.800000000000002542 11.958432738013203471
15.900000000000002548 12.058418597709820655
16.000000000000002554 12.158405404265305708
16.100000000000002559 12.258393094279480266
16.200000000000002565 12.358381608591983604
16.30000000000000257 12.458370892016293312
16.400000000000002576 12.558360893052735392
16.500000000000002581 12.658351563645441726
16.600000000000002587 12.758342858970077563
16.700000000000002592 12.858334737188696538
16.800000000000002598 12.958327159268908164
16.900000000000002603 13.058320088802601227
17.000000000000002609 13.15831349179911401
17.100000000000002615 13.258307336563772319
17.20000000000000262 13.358301593506257234
17.300000000000002626 13.458296235036813774
17.400000000000002631 13.558291235401851898
17.500000000000002637 13.658286570561328259
17.600000000000002642 13.758282218102521264
17.700000000000002648 13.858278157107890879
17.800000000000002653 13.958274368043500195
17.900000000000002659 14.058270832727301514
18.000000000000002665 14.158267534181009938
18.10000000000000267 14.25826445648646595
18.200000000000002676 14.358261584923242359
18.300000000000002681 14.458258905621080726
18.400000000000002687 14.558256405775380931
18.500000000000002692 14.658254073317319713
18.600000000000002698 14.758251897055316656
18.700000000000002703 14.858249866512305187
18.800000000000002709 14.958247972001298081
18.900000000000002714 15.058246204292762733
19.00000000000000272 15.158244554991144605
19.100000000000002726 15.258243016155366292
19.200000000000002731 15.358241580366054536
19.300000000000002737 15.458240240690881151
19.400000000000002742 15.558238990764089254
19.500000000000002748 15.65823782448487697
19.600000000000002753 15.758236736350888393
19.700000000000002759 15.858235721069035623
19.800000000000002764 15.958234773793899144
19.90000000000000277 16.058233890011658114
20.000000000000002776 16.158233065282882202
20.100000000000002781 16.25823229591141004
20.200000000000002787 16.35823157803998251
20.300000000000002792 16.458230908218912977
20.400000000000002798 16.558230283145848957
20.500000000000002803 16.658229700062677448
20.600000000000002809 16.758229156018437878
20.700000000000002814 16.858228648377986047
20.80000000000000282 16.958228174712514797
20.900000000000002826 17.058227732713636731
21.000000000000002831 17.158227320568573146
