404
-20.999999999999999389 -211.50473830852764279
-20.899999999999999384 -210.50473830852761247
-20.799999999999999378 -209.50473830852757711
-20.699999999999999373 -208.50473830852754511
-20.599999999999999367 -207.50473830852753669
-20.499999999999999362 -206.50473830852753248
-20.399999999999999356 -205.50473830852748616
-20.299999999999999351 -204.50473830852744406
-20.199999999999999345 -203.50473830852741511
-20.099999999999999339 -202.50473830852732827
-19.999999999999999334 -201.50473830852722959
-19.899999999999999328 -200.50473830852710459
-19.799999999999999323 -199.50473830852699275
-19.699999999999999317 -198.50473830852687762
-19.599999999999999312 -197.50473830852674194
-19.499999999999999306 -196.50473830852659597
-19.399999999999999301 -195.50473830852638833
-19.299999999999999295 -194.50473830852619302
-19.199999999999999289 -193.50473830852599
-19.099999999999999284 -192.50473830852574844
-18.999999999999999278 -191.50473830852543363
-18.899999999999999273 -190.50473830852514453
-18.799999999999999267 -189.50473830852480081
-18.699999999999999262 -188.50473830852436234
-18.599999999999999256 -187.50473830852383632
-18.499999999999999251 -186.50473830852318784
-18.399999999999999245 -185.50473830852247712
-18.299999999999999239 -184.50473830852169412
-18.199999999999999234 -183.50473830852080071
-18.099999999999999228 -182.50473830851980941
-17.999999999999999223 -181.50473830851871774
-17.899999999999999217 -180.50473830851732491
-17.799999999999999212 -179.50473830851571092
-17.699999999999999206 -178.5047383085138993
-17.599999999999999201 -177.50473830851186809
-17.499999999999999195 -176.50473830850958199
-17.39999999999999919 -175.50473830850682143
-17.299999999999999184 -174.50473830850365992
-17.199999999999999178 -173.50473830850012344
-17.099999999999999173 -172.50473830849608209
-16.999999999999999167 -171.50473830849126017
-16.899999999999999162 -170.50473830848589908
-16.799999999999999156 -169.50473830847970472
-16.699999999999999151 -168.50473830847248104
-16.599999999999999145 -167.50473830846438196
-16.49999999999999914 -166.50473830845484687
-16.399999999999999134 -165.50473830844409023
-16.299999999999999128 -164.50473830843154431
-16.199999999999999123 -163.50473830841736136
-16.099999999999999117 -162.50473830840084489
-15.999999999999999112 -161.50473830838198533
-15.899999999999999106 -160.5047383083604213
-15.799999999999999101 -159.50473830833541982
-15.699999999999999095 -158.50473830830678495
-15.59999999999999909 -157.50473830827394752
-15.499999999999999084 -156.50473830823625235
-15.399999999999999079 -155.50473830819287485
-15.299999999999999073 -154.50473830814307739
-15.199999999999999067 -153.50473830808587786
-15.099999999999999062 -152.50473830802023852
-14.999999999999999056 -151.50473830794485635
-14.899999999999999051 -150.50473830785803334
-14.799999999999999045 -149.50473830775857019
-14.69999999999999904 -148.50473830764409897
-14.599999999999999034 -147.50473830751271263
-14.499999999999999029 -146.50473830736184676
-14.399999999999999023 -145.50473830718848669
-14.299999999999999017 -144.50473830698925892
-14.199999999999999012 -143.50473830676048456
-14.099999999999999006 -142.50473830649779496
-13.999999999999999001 -141.50473830619580691
-13.899999999999998995 -140.50473830584906816
-13.79999999999999899 -139.50473830545074557
-13.699999999999998984 -138.50473830499322424
-13.599999999999998979 -137.50473830446773876
-13.499999999999998973 -136.50473830386395918
-13.399999999999998967 -135.5047383031704446
-13.299999999999998962 -134.50473830237392459
-13.199999999999998956 -133.50473830145874061
-13.099999999999998951 -132.50473830040757128
-12.999999999999998945 -131.50473829920012958
-12.89999999999999894 -130.50473829781319962
-12.799999999999998934 -129.50473829621994173
-12.699999999999998929 -128.50473829438978553
-12.599999999999998923 -127.50473829228746443
-12.499999999999998918 -126.50473828987266185
-12.399999999999998912 -125.50473828709865636
-12.299999999999998906 -124.50473828391210927
-12.199999999999998901 -123.50473828025179603
-12.099999999999998895 -122.50473827604722746
-11.99999999999999889 -121.50473827121746279
-11.899999999999998884 -120.50473826566954734
-11.799999999999998879 -119.50473825929657897
-11.699999999999998873 -118.50473825197596405
-11.599999999999998868 -117.50473824356674069
-11.499999999999998862 -116.50473823390712486
-11.399999999999998856 -115.50473822281118441
-11.299999999999998851 -114.50473821006528481
-11.199999999999998845 -113.50473819542407081
-11.09999999999999884 -112.50473817860579571
-10.999999999999998834 -111.50473815928660241
-10.899999999999998829 -110.50473813709463355
-10.799999999999998823 -109.5047381116028328
-10.699999999999998818 -108.50473808232044281
-10.599999999999998812 -107.50473804868376564
-10.499999999999998807 -106.50473801004539307
-10.399999999999998801 -105.50473796566155229
-10.299999999999998795 -104.50473791467789852
-10.19999999999999879 -103.50473785611309972
-10.099999999999998784 -102.50473778883970523
-9.9999999999999987788 -101.50473771156302445
-9.8999999999999987732 -100.50473762279523692
-9.7999999999999987677 -99.504737520827834492
-9.6999999999999987621 -98.504737403698055621
-9.5999999999999987566 -97.504737269151267215
-9.499999999999998751 -96.504737114597545417
-9.3999999999999987454 -95.504736937062006789
-9.2999999999999987399 -94.50473673312699858
-9.1999999999999987343 -93.504736498867225108
-9.0999999999999987288 -92.504736229773272934
-8.9999999999999987232 -91.504735920665362096
-8.8999999999999987177 -90.50473556559349954
-8.7999999999999987121 -89.504735157722828289
-8.6999999999999987066 -88.504734689201998632
-8.599999999999998701 -87.504734151012632678
-8.4999999999999986955 -86.504733532794901689
-8.3999999999999986899 -85.504732822648537247
-8.2999999999999986844 -84.504732006903662251
-8.1999999999999986788 -83.504731069857723535
-8.0999999999999986733 -82.504729993473012129
-7.9999999999999986677 -81.504728757029667399
-7.8999999999999986622 -80.504727336726524349
-7.7999999999999986566 -79.504725705223030078
-7.6999999999999986511 -78.504723831113086577
-7.5999999999999986455 -77.50472167831990662
-7.49999999999999864 -76.504719205401676211
-7.3999999999999986344 -75.504716364753847017
-7.2999999999999986289 -74.50471310169223077
-7.1999999999999986233 -73.504709353400046336
-7.0999999999999986178 -72.504705047718229912
-6.9999999999999986122 -71.504700101756077087
-6.8999999999999986067 -70.504694420294518724
-6.7999999999999986011 -69.504687893952299992
-6.6999999999999985956 -68.504680397078784656
-6.59999999999999859 -67.504671785333874734
-6.4999999999999985845 -66.504661892906422444
-6.3999999999999985789 -65.504650529319184673
-6.2999999999999985734 -64.504637475758505776
-6.1999999999999985678 -63.504622480855410381
-6.0999999999999985623 -62.504605255839950731
-5.9999999999999985567 -61.50458546897175156
-5.8999999999999985512 -60.504562739140937141
-5.7999999999999985456 -59.504536628514053521
-5.6999999999999985401 -58.504506634082171664
-5.5999999999999985345 -57.504472177947073282
-5.499999999999998529 -56.504432596155567636
-5.3999999999999985234 -55.504387125864085446
-5.2999999999999985179 -54.504334890582725388
-5.1999999999999985123 -53.504274883207104604
-5.0999999999999985068 -52.504205946506848622
-4.9999999999999985012 -51.504126750683003768
-4.8999999999999984956 -50.504035767550543197
-4.7999999999999984901 -49.503931240831009284
-4.6999999999999984845 -48.50381115196234688
-4.599999999999998479 -47.503673180735923864
-4.4999999999999984734 -46.503514659964375241
-4.3999999999999984679 -45.503332523255971235
-4.2999999999999984623 -44.503123244819664026
-4.1999999999999984568 -43.502882770051141422
-4.0999999999999984512 -42.502606435442205192
-3.9999999999999984457 -41.502288876111078145
-3.8999999999999984401 -40.501923918960512393
-3.7999999999999984346 -39.501504459124132951
-3.699999999999998429 -38.501022316947966582
-3.5999999999999984235 -37.500468072254877516
-3.4999999999999984179 -36.499830872040095247
-3.3999999999999984124 -35.49909820701152846
-3.2999999999999984068 -34.498255651498337553
-3.1999999999999984013 -33.497286560149271563
-3.0999999999999983957 -32.496171713481274138
-2.9999999999999983902 -31.494888902639451332
-2.8999999999999983846 -30.493412441591050164
-2.7999999999999983791 -29.491712592270886925
-2.6999999999999983735 -28.489754884729255466
-2.599999999999998368 -27.487499309867038405
-2.4999999999999983624 -26.484899356527308277
-2.3999999999999983569 -25.481900857054336104
-2.2999999999999983513 -24.478440595261633182
-2.1999999999999983458 -23.474444617065847215
-2.0999999999999983402 -22.469826165429631464
-1.9999999999999983347 -21.464483135596435208
-1.8999999999999983291 -20.458294910735292958
-1.7999999999999983236 -19.451118387228512155
-1.699999999999998318 -18.442782925442252711
-1.5999999999999983125 -17.433083854035434952
-1.4999999999999983069 -16.42177399440031618
-1.3999999999999983014 -15.408552424521725568
-1.2999999999999982958 -14.393049313293613938
-1.1999999999999982903 -13.37480502954924717
-1.0999999999999982847 -12.353240685811376185
-0.99999999999999827915 -11.32761547345042832
1.0 -11.32761547345042832
1.1000000000000017264 -10.363970458257530609
1.2000000000000017319 -9.5134768566891640181
1.3000000000000017375 -8.7571196377801571695
1.4000000000000017431 -8.0801427287027156798
1.5000000000000017486 -7.4708702674547699985
1.6000000000000017542 -6.9199095257734172519
1.7000000000000017597 -6.4195962853387311702
1.8000000000000017653 -5.9635992926534811266
1.9000000000000017708 -5.5466320342672060831
2.0000000000000017764 -5.1642386833137285474
2.1000000000000017819 -4.8126324002297723864
2.2000000000000017875 -4.4885712815763070425
2.300000000000001793 -4.1892618346298692658
2.4000000000000017986 -3.9122828818733630689
2.5000000000000018041 -3.6555248409656616669
2.6000000000000018097 -3.4171407289936901579
2.7000000000000018152 -3.1955062202261743683
2.8000000000000018208 -2.9891867812149107406
2.9000000000000018263 -2.7969104050448423171
3.0000000000000018319 -2.6175448270506682564
3.1000000000000018374 -2.4500783675636359449
3.200000000000001843 -2.2936037409528705266
3.3000000000000018485 -2.1473043138279562361
3.4000000000000018541 -2.0104424025721224321
3.5000000000000018596 -1.8823492812716476293
3.6000000000000018652 -1.7624166327195607502
3.7000000000000018707 -1.6500892226582251933
3.8000000000000018763 -1.5448586145187209591
3.9000000000000018818 -1.4462577713173275049
4.0000000000000018874 -1.3538564150346347354
4.1000000000000018929 -1.2672570331460900223
4.2000000000000018985 -1.1860914380091751058
4.300000000000001904 -1.1100177982834879928
4.4000000000000019096 -1.0387180729978410229
4.455 -1.00142986769421
4.46 1.0018969446961
4.5000000000000019151 1.0286625866925662844
4.6000000000000019207 1.0968164721277902031
4.7000000000000019262 1.1666850101260447708
4.8000000000000019318 1.2381977805061834171
4.9000000000000019373 1.311284838767176021
5.0000000000000019429 1.3858770142262360506
5.1000000000000019484 1.4619061739607981345
5.200000000000001954 1.5393054536718575216
5.3000000000000019595 1.6180094568338283954
5.4000000000000019651 1.6979544237102026895
5.5000000000000019706 1.7790783719912344554
5.6000000000000019762 1.8613212109415716673
5.7000000000000019817 1.9446248310389323559
5.8000000000000019873 2.0289331711338046585
5.9000000000000019929 2.1141922651748716809
6.0000000000000019984 2.2003502705239989995
6.100000000000002004 2.2873574798382108579
6.2000000000000020095 2.3751663184238881344
6.3000000000000020151 2.4637313288788901557
6.4000000000000020206 2.5530091447357868012
6.5000000000000020262 2.6429584547047486158
6.6000000000000020317 2.7335399589969146148
6.7000000000000020373 2.8247163190855355658
6.8000000000000020428 2.9164521021414406466
6.9000000000000020484 3.0087137212576793284
7.0000000000000020539 3.1014693724633072295
7.1000000000000020595 3.1946889694141541733
7.200000000000002065 3.2883440765434500121
7.3000000000000020706 3.3824078413570295723
7.4000000000000020761 3.4768549264669285954
7.5000000000000020817 3.5716614418725177343
7.6000000000000020872 3.666804877923061761
7.7000000000000020928 3.762264039325196406
7.8000000000000020983 3.8580189804971731416
7.9000000000000021039 3.9540509425160158039
8.0000000000000021094 4.0503422918541828463
8.100000000000002115 4.1468764610580108289
8.2000000000000021205 4.2436378914839568268
8.3000000000000021261 4.3406119781727371096
8.4000000000000021316 4.437785016914842418
8.5000000000000021372 4.5351441535352034149
8.6000000000000021427 4.6326773354039077386
8.7000000000000021483 4.7303732651618861764
8.8000000000000021538 4.8282213566365823851
8.9000000000000021594 4.9262116929092760966
9.0000000000000021649 5.0243349864862309399
9.1000000000000021705 5.1225825415181251265
9.200000000000002176 5.220946218006142758
9.3000000000000021816 5.3194183979270735809
9.4000000000000021871 5.417991953208529682
9.5000000000000021927 5.5166602154811003319
9.6000000000000021982 5.6154169475343685942
9.7000000000000022038 5.7142563164021102011
9.8000000000000022093 5.8131728680030377281
9.9000000000000022149 5.9121615032633031047
10.00000000000000222 6.0112174556488632486
10.100000000000002226 6.1103362700365869328
10.200000000000002232 6.2095137828566281376
10.300000000000002237 6.308746103435873551
10.400000000000002243 6.4080295964826908323
10.500000000000002248 6.5073608656458431646
10.600000000000002254 6.606736738091731523
10.700000000000002259 6.706154250038799387
10.800000000000002265 6.805610633198446282
10.90000000000000227 6.9051033020659836561
11.000000000000002276 7.0046298420142939317
11.100000000000002282 7.1041879981422488936
11.200000000000002287 7.203775664832634597
11.300000000000002293 7.3033908759756044138
11.400000000000002298 7.4030317958199253837
11.500000000000002304 7.5026967104112172297
11.600000000000002309 7.6023840195828165385
11.700000000000002315 7.7020922294624578698
11.80000000000000232 7.8018199454657497164
11.900000000000002326 7.901565865744737905
12.000000000000002331 8.0013287750610121672
12.100000000000002337 8.1011075390609238801
12.200000000000002343 8.2009010989214037798
12.300000000000002348 8.3007084663489368045
12.400000000000002354 8.400528718904779435
12.500000000000002359 8.5003609956370309206
12.600000000000002365 8.6002044929998709795
12.70000000000000237 8.7000584610420271993
12.800000000000002376 8.7999221998457914434
12.900000000000002381 8.8997950561997647494
13.000000000000002387 8.9996764204932424486
13.100000000000002393 9.0995657238138190469
13.200000000000002398 9.1994624352407724068
13.300000000000002404 9.2993660593106710151
13.400000000000002409 9.399276133660011878
13.500000000000002415 9.4991922268139808406
13.60000000000000242 9.5991139361311612048
13.700000000000002426 9.6990408858819251524
13.800000000000002431 9.7989727254461507292
13.900000000000002437 9.8989091276453330456
14.000000000000002442 9.9988497871756339523
14.100000000000002448 10.098794419146692242
14.200000000000002454 10.198742757717057809
14.300000000000002459 10.298694554827054731
14.400000000000002465 10.398649579008950163
14.50000000000000247 10.498607614274228872
14.600000000000002476 10.59856845908385
14.700000000000002481 10.698531925387102098
14.800000000000002487 10.798497837704897161
14.900000000000002492 10.898466032304886302
15.000000000000002498 10.998436356413203485
15.100000000000002504 11.098408667472708004
15.200000000000002509 11.198382832470662893
15.300000000000002515 11.298358727294017628
15.40000000000000252 11.398336236134280853
15.500000000000002526 11.498315250938908887
15.600000000000002531 11.598295670881185469
15.700000000000002537 11.698277401888288672
15.800000000000002542 11.79826035618020574
15.900000000000002548 11.898244451858144652
16.000000000000002554 11.998229612494838486
16.100000000000002559 12.098215766791622178
16.200000000000002565 12.198202848216757648
16.30000000000000257 12.298190794698460379
16.400000000000002576 12.398179548306675887
16.500000000000002581 12.49816905500408293
16.600000000000002587 12.59815926435692845
16.700000000000002592 12.698150129322239249
16.800000000000002598 12.798141605997809263
16.900000000000002603 12.898133653432535503
17.000000000000002609 12.998126233399979217
17.100000000000002615 13.098119310235180142
17.20000000000000262 13.198112850688468081
17.300000000000002626 13.298106823694972424
17.400000000000002631 13.398101200290614521
17.500000000000002637 13.498095953465540492
17.600000000000002642 13.598091057978889507
17.700000000000002648 13.698086490342014194
17.800000000000002653 13.798082228558408306
17.900000000000002659 13.898078252171384884
18.000000000000002665 13.998074542074473667
18.10000000000000267 14.098071080412628662
18.200000000000002676 14.198067850562150313
18.300000000000002681 14.298064836999909807
18.400000000000002687 14.398062025261695229
18.500000000000002692 14.498059401794338363
18.600000000000002698 14.598056954031213662
18.700000000000002703 14.698054670164578113
18.800000000000002709 14.798052539254996575
18.900000000000002714 14.898050551011621042
19.00000000000000272 14.998048695955484101
19.100000000000002726 15.098046965112967242
19.200000000000002731 15.198045350150878375
19.300000000000002737 15.298043843391329537
19.400000000000002742 15.398042437515410624
19.500000000000002748 15.498041125755192142
19.600000000000002753 15.598039901885624937
19.700000000000002759 15.698038759945990642
19.800000000000002764 15.798037694462516241
19.90000000000000277 15.898036700355892401
20.000000000000002776 15.998035772750959397
20.100000000000002781 16.0980349073866043
20.200000000000002787 16.1980340998463585
20.300000000000002792 16.298033346498170319
20.400000000000002798 16.398032643539542808
20.500000000000002803 16.498031987638835535
20.600000000000002809 16.598031375673741476
20.700000000000002814 16.698030804691589594
20.80000000000000282 16.798030272061908255
20.900000000000002826 16.898029774989796499
21.000000000000002831 16.998029311144897823
