404
-20.999999999999999389 -232.57185250438609164
-20.899999999999999384 -231.47185250438607692
-20.799999999999999378 -230.37185250438604847
-20.699999999999999373 -229.271852504386023
-20.599999999999999367 -228.17185250438599404
-20.499999999999999362 -227.07185250438596015
-20.399999999999999356 -225.97185250438591021
-20.299999999999999351 -224.87185250438586043
-20.199999999999999345 -223.77185250438580305
-20.099999999999999339 -222.67185250438573575
-19.999999999999999334 -221.57185250438566017
-19.899999999999999328 -220.47185250438557933
-19.799999999999999323 -219.37185250438547918
-19.699999999999999317 -218.27185250438537699
-19.599999999999999312 -217.17185250438523458
-19.499999999999999306 -216.07185250438508259
-19.399999999999999301 -214.97185250438491464
-19.299999999999999295 -213.87185250438472636
-19.199999999999999289 -212.77185250438449806
-19.099999999999999284 -211.67185250438422586
-18.999999999999999278 -210.57185250438393131
-18.899999999999999273 -209.47185250438359542
-18.799999999999999267 -208.37185250438320332
-18.699999999999999262 -207.27185250438274041
-18.599999999999999256 -206.17185250438222966
-18.499999999999999251 -205.07185250438162942
-18.399999999999999245 -203.97185250438093933
-18.299999999999999239 -202.87185250438015494
-18.199999999999999234 -201.77185250437925488
-18.099999999999999228 -200.67185250437820808
-17.999999999999999223 -199.5718525043770171
-17.899999999999999217 -198.47185250437564672
-17.799999999999999212 -197.3718525043740767
-17.699999999999999206 -196.27185250437225874
-17.599999999999999201 -195.17185250437018076
-17.499999999999999195 -194.07185250436779861
-17.39999999999999919 -192.97185250436506142
-17.299999999999999184 -191.87185250436190986
-17.199999999999999178 -190.77185250435828447
-17.099999999999999173 -189.67185250435413271
-16.999999999999999167 -188.57185250434935417
-16.899999999999999162 -187.47185250434386571
-16.799999999999999156 -186.37185250433756013
-16.699999999999999151 -185.27185250433033077
-16.599999999999999145 -184.17185250432201089
-16.49999999999999914 -183.07185250431247002
-16.399999999999999134 -181.9718525043014991
-16.299999999999999128 -180.871852504288892
-16.199999999999999123 -179.77185250427441604
-16.099999999999999117 -178.67185250425779191
-15.999999999999999112 -177.57185250423869792
-15.899999999999999106 -176.47185250421676361
-15.799999999999999101 -175.37185250419154351
-15.699999999999999095 -174.27185250416260165
-15.59999999999999909 -173.17185250412935955
-15.499999999999999084 -172.07185250409115482
-15.399999999999999079 -170.97185250404727408
-15.299999999999999073 -169.87185250399686874
-15.199999999999999067 -168.77185250393897367
-15.099999999999999062 -167.6718525038724734
-14.999999999999999056 -166.57185250379607407
-14.899999999999999051 -165.47185250370831735
-14.799999999999999045 -164.37185250360750311
-14.69999999999999904 -163.27185250349172277
-14.599999999999999034 -162.17185250335870974
-14.499999999999999029 -161.0718525032059131
-14.399999999999999023 -159.97185250303039343
-14.299999999999999017 -158.87185250282878361
-14.199999999999999012 -157.77185250259719022
-14.099999999999999006 -156.67185250233117742
-13.999999999999999001 -155.57185250202558065
-13.899999999999998995 -154.47185250167455369
-13.79999999999999899 -153.37185250127132769
-13.699999999999998984 -152.27185250080814956
-13.599999999999998979 -151.1718525002761042
-13.499999999999998973 -150.0718524996649187
-13.399999999999998967 -148.97185249896287937
-13.299999999999998962 -147.87185249815642171
-13.199999999999998956 -146.77185249723006533
-13.099999999999998951 -145.67185249616594729
-12.999999999999998945 -144.57185249494361823
-12.89999999999999894 -143.47185249353951429
-12.799999999999998934 -142.37185249192661547
-12.699999999999998929 -141.27185249007389483
-12.599999999999998923 -140.17185248794567163
-12.499999999999998918 -139.07185248550098202
-12.399999999999998912 -137.97185248269277553
-12.299999999999998906 -136.87185247946699658
-12.199999999999998901 -135.77185247576155152
-12.099999999999998895 -134.67185247150511712
-11.99999999999999889 -133.57185246661573014
-11.899999999999998884 -132.47185246099931397
-11.799999999999998879 -131.3718524545477696
-11.699999999999998873 -130.27185244713686179
-11.599999999999998868 -129.17185243862398185
-11.499999999999998862 -128.07185242884525397
-11.399999999999998856 -126.97185241761242665
-11.299999999999998851 -125.87185240470929021
-11.199999999999998845 -124.77185238988748693
-11.09999999999999884 -123.67185237286171179
-10.999999999999998834 -122.57185235330424677
-10.899999999999998829 -121.47185233083860689
-10.799999999999998823 -120.37185230503234641
-10.699999999999998818 -119.2718522753887215
-10.599999999999998812 -118.1718522413371797
-10.499999999999998807 -117.07185220222220208
-10.399999999999998801 -115.97185215729090297
-10.299999999999998795 -114.87185210567839384
-10.19999999999999879 -113.77185204639116606
-10.099999999999998784 -112.67185197828804045
-9.9999999999999987788 -111.5718519000580493
-9.8999999999999987732 -110.47185181019540259
-9.7999999999999987677 -109.37185170697030119
-9.6999999999999987621 -108.27185158839581111
-9.5999999999999987566 -107.17185145218940986
-9.499999999999998751 -106.07185129572934495
-9.3999999999999987454 -104.97185111600387192
-9.2999999999999987399 -103.8718509095534717
-9.1999999999999987343 -102.77185067240415341
-9.0999999999999987288 -101.6718503999910142
-8.9999999999999987232 -100.57185008707037959
-8.8999999999999987177 -99.471849727618809673
-8.7999999999999987121 -98.371849314717092903
-8.6999999999999987066 -97.271848840417326858
-8.599999999999998701 -96.171848295589529009
-8.4999999999999986955 -95.071847669746270413
-8.3999999999999986899 -93.971846950840411836
-8.2999999999999986844 -92.871846125033585143
-8.1999999999999986788 -91.771845176429383824
-8.0999999999999986733 -90.671844086767752451
-7.9999999999999986677 -89.571842835073149374
-7.8999999999999986622 -88.471841397250893528
-7.7999999999999986566 -87.371839745623191683
-7.6999999999999986511 -86.271837848396413143
-7.5999999999999986455 -85.171835669048833242
-7.49999999999999864 -84.071833165627525259
-7.3999999999999986344 -82.971830289940652868
-7.2999999999999986289 -81.87182698662941261
-7.1999999999999986233 -80.771823192102086726
-7.0999999999999986178 -79.671818833309638064
-6.9999999999999986122 -78.571813826338687839
-6.8999999999999986067 -77.471808074795507796
-6.7999999999999986011 -76.37180146794949864
-6.6999999999999985956 -75.271793878599926275
-6.59999999999999859 -74.171785160625860406
-6.4999999999999985845 -73.07177514617039769
-6.3999999999999985789 -71.971763642406433772
-6.2999999999999985734 -70.871750427820175711
-6.1999999999999985678 -69.771735247941201176
-6.0999999999999985623 -68.671717810436054908
-5.9999999999999985567 -67.571697779470638601
-5.8999999999999985512 -66.471674769231691225
-5.7999999999999985456 -65.371648336481757
-5.6999999999999985401 -64.271617972003053197
-5.5999999999999985345 -63.171583090763264752
-5.499999999999998529 -62.071543020611904253
-5.3999999999999985234 -60.971496989285892039
-5.2999999999999985179 -59.871444109470336637
-5.1999999999999985123 -58.771383361620975248
-5.0999999999999985068 -57.671313574209823978
-4.9999999999999985012 -56.571233401004314702
-4.8999999999999984956 -55.471141294928664677
-4.7999999999999984901 -54.371035477987534309
-4.6999999999999984845 -53.270913906649087086
-4.599999999999998479 -52.170774231991354607
-4.4999999999999984734 -51.07061375380381078
-4.3999999999999984679 -49.970429367707506287
-4.2999999999999984623 -48.870217504204913192
-4.1999999999999984568 -47.769974058392741629
-4.0999999999999984512 -46.66969430886130916
-3.9999999999999984457 -45.569372824054298298
-3.8999999999999984401 -44.469003354069883817
-3.7999999999999984346 -43.36857870553098155
-3.699999999999998429 -42.268090596733798209
-3.5999999999999984235 -41.167529489776940879
-3.4999999999999984179 -40.066884395762925784
-3.3999999999999984124 -38.966142648421818737
-3.2999999999999984068 -37.865289640597263681
-3.1999999999999984013 -36.764308516919019122
-3.0999999999999983957 -35.663179814599771713
-2.9999999999999983902 -34.561881042566405585
-2.8999999999999983846 -33.460386186960780342
-2.7999999999999983791 -32.358665128286984254
-2.6999999999999983735 -31.256682951956712058
-2.599999999999998368 -30.154399129429839684
-2.4999999999999983624 -29.051766541218426935
-2.3999999999999983569 -27.948730305215061029
-2.2999999999999983513 -26.845226363423456747
-2.1999999999999983458 -25.741179766204024333
-2.0999999999999983402 -24.636502574128454994
-1.9999999999999983347 -23.531091271315307238
-1.8999999999999983291 -22.424823547441601745
-1.7999999999999983236 -21.317554253562032484
-1.699999999999998318 -20.209110261726317002
-1.5999999999999983125 -19.099283847968125306
-1.4999999999999983069 -17.987824052713757613
-1.3999999999999983014 -16.874425218961550981
-1.2999999999999982958 -15.75871150996125854
-1.1999999999999982903 -14.640215564011164517
-1.0999999999999982847 -13.518348369548100039
-0.99999999999999827915 -12.392355584987239271
1.0 -12.392355584987239271
1.1000000000000017264 -11.334776383901967129
1.2000000000000017319 -10.40173463037294315
1.3000000000000017375 -9.5723001378612463743
1.4000000000000017431 -8.8302289635018268762
1.5000000000000017486 -8.1626664306852454371
1.6000000000000017542 -7.559270015567894465
1.7000000000000017597 -7.0115989651682349904
1.8000000000000017653 -6.512678948106133463
1.9000000000000017708 -6.0566848190639760465
2.0000000000000017764 -5.6387050457401375916
2.1000000000000017819 -5.2545638060640011902
2.2000000000000017875 -4.9006845776803700997
2.300000000000001793 -4.5739840759057170855
2.4000000000000017986 -4.2717887190275927293
2.5000000000000018041 -3.991768041383349784
2.6000000000000018097 -3.7318810168702009303
2.7000000000000018152 -3.4903323351442195388
2.8000000000000018208 -3.2655364398989841639
2.9000000000000018263 -3.0560876905813490447
3.0000000000000018319 -2.860735410140455707
3.1000000000000018374 -2.6783628754916268536
3.200000000000001843 -2.5079695243844438033
3.3000000000000018485 -2.3486558134299048218
3.4000000000000018541 -2.1996102822588157511
3.5000000000000018596 -2.060098469061300467
3.6000000000000018652 -1.9294533910478229745
3.7000000000000018707 -1.8070673555009613323
3.8000000000000018763 -1.6923849073278111947
3.9000000000000018818 -1.5848967505057713351
4.0000000000000018874 -1.4841345058275635435
4.1000000000000018929 -1.3896661875562499924
4.2000000000000018985 -1.3010922982017959314
4.300000000000001904 -1.21804245449304357
4.4000000000000019096 -1.1401724693652497353
4.5000000000000019151 -1.0671618248589591417
4.595 -1.00203007920164
4.596 -1.00136550178172
4.6000000000000019207 1.0012896722980372599
4.7000000000000019262 1.0685697477157593498
4.8000000000000019318 1.1375964230578516475
4.9000000000000019373 1.2082996299833346012
5.0000000000000019429 1.2806095658130236798
5.1000000000000019484 1.3544570124411037143
5.200000000000001954 1.4297736205935669702
5.3000000000000019595 1.5064921603630629362
5.4000000000000019651 1.5845467392234754126
5.5000000000000019706 1.6638729889705167158
5.6000000000000019762 1.7444082232391082703
5.7000000000000019817 1.8260915674103921168
5.8000000000000019873 1.9088640628388334868
5.9000000000000019929 1.9926687474053315498
6.0000000000000019984 2.0774507144373292573
6.100000000000002004 2.1631571520360686551
6.2000000000000020095 2.2497373648194633203
6.3000000000000020151 2.3371427800302160616
6.4000000000000020206 2.4253269398797289281
6.5000000000000020262 2.5142454819017534918
6.6000000000000020317 2.6038561089816868946
6.7000000000000020373 2.6941185506111514625
6.8000000000000020428 2.7849945167964570383
6.9000000000000020484 2.8764476459271291594
7.0000000000000020539 2.9684434477889434707
7.1000000000000020595 3.0609492427874485831
7.200000000000002065 3.1539340983331134947
7.3000000000000020706 3.2473687632311125325
7.4000000000000020761 3.3412256008160146366
7.5000000000000020817 3.4354785214768069697
7.6000000000000020872 3.5301029151290880913
7.7000000000000020928 3.6250755841114625163
7.8000000000000020983 3.7203746769089179999
7.9000000000000021039 3.8159796230403961351
8.0000000000000021094 3.911871069388166944
8.100000000000002115 4.0080308181935772391
8.2000000000000021205 4.1044417668969150589
8.3000000000000021261 4.2010878499579124202
8.4000000000000021316 4.29795398275759834
8.5000000000000021372 4.3950260076500258594
8.6000000000000021427 4.4922906422069689659
8.7000000000000021483 4.5897354296738547913
8.8000000000000021538 4.6873486916370060925
8.9000000000000021594 4.7851194828848975805
9.0000000000000021649 4.8830375484332281585
9.1000000000000021705 4.9810932826714648578
9.200000000000002176 5.0792776905805702156
9.3000000000000021816 5.1775823509631564626
9.4000000000000021871 5.275999381623038678
9.5000000000000021927 5.3745214064260213393
9.6000000000000021982 5.4731415241714069023
9.7000000000000022038 5.5718532792014910624
9.8000000000000022093 5.670650633675823624
9.9000000000000022149 5.7695279414362076973
10.00000000000000222 5.8684799233886258457
10.100000000000002226 5.9675016443304350833
10.200000000000002232 6.0665884911507323372
10.300000000000002237 6.1657361523345492595
10.400000000000002243 6.264940598703547343
10.500000000000002248 6.3641980653266234953
10.600000000000002254 6.4635050345387103958
10.700000000000002259 6.5628582200043626108
10.800000000000002265 6.6622545517703062669
10.90000000000000227 6.7616911622492744923
11.000000000000002276 6.8611653730809558026
11.100000000000002282 6.9606746828212413741
11.200000000000002287 7.0602167554084992663
11.300000000000002293 7.1597894093635437668
11.400000000000002298 7.2593906076752721947
11.500000000000002304 7.3590184483358376295
11.600000000000002309 7.4586711554798475339
11.700000000000002315 7.5583470710971494962
11.80000000000000232 7.6580446472763651033
11.900000000000002326 7.7577624389534399575
12.000000000000002331 7.8574990971282786895
12.100000000000002337 7.9572533625238401576
12.200000000000002343 8.057024059655053173
12.300000000000002348 8.1568100912894496149
12.400000000000002354 8.256610433264891015
12.500000000000002359 8.3564241296501514638
12.600000000000002365 8.4562502882210123962
12.70000000000000237 8.556088076234338456
12.800000000000002376 8.6559367164783571131
12.900000000000002381 8.7557954835849720913
13.000000000000002387 8.8556637005856165697
13.100000000000002393 8.9555407356891718304
13.200000000000002398 9.0554259992809426173
13.300000000000002404 9.1553189411139813167
13.400000000000002409 9.255219047685703082
13.500000000000002415 9.3551258397937037795
13.60000000000000242 9.455038870249186316
13.700000000000002426 9.5549577217421587887
13.800000000000002431 9.6548820048504147896
13.900000000000002437 9.7548113561776523086
14.000000000000002442 9.8547454366212701802
14.100000000000002448 9.9546839297470103314
14.200000000000002454 10.054626540276819246
14.300000000000002459 10.154572992678511455
14.400000000000002465 10.254523029845676304
14.50000000000000247 10.354476411864936077
14.600000000000002476 10.454432914875301988
14.700000000000002481 10.554392329984904478
14.800000000000002487 10.654354462279365801
14.900000000000002492 10.75431912988235909
15.000000000000002498 10.854286163085627137
15.100000000000002504 10.95425540353650975
15.200000000000002509 11.054226703482040463
15.300000000000002515 11.154199925051485098
15.40000000000000252 11.254174939603373211
15.500000000000002526 11.354151627105111716
15.600000000000002531 11.454129875556049233
15.700000000000002537 11.554109580447678635
15.800000000000002542 11.654090644280561025
15.900000000000002548 11.754072976066777673
16.000000000000002554 11.854056490912757913
16.100000000000002559 11.95404110960931144
16.200000000000002565 12.054026758253746268
16.30000000000000257 12.154013367880904905
16.400000000000002576 12.254000874146732007
16.500000000000002581 12.353989217018801585
16.600000000000002587 12.453978340480093942
16.700000000000002592 12.553968192261420179
16.800000000000002598 12.65395872359978586
16.900000000000002603 12.753949888987971655
17.000000000000002609 12.853941645973192089
17.100000000000002615 12.953933954934850973
17.20000000000000262 13.053926778921469815
17.300000000000002626 13.153920083449876453
17.400000000000002631 13.253913836327884649
17.500000000000002637 13.353908007544610936
17.600000000000002642 13.453902569096252585
17.700000000000002648 13.553897494819148229
17.800000000000002653 13.653892760332917675
17.900000000000002659 13.753888342901672012
18.000000000000002665 13.85388422127904607
18.10000000000000267 13.953880375674242157
18.200000000000002676 14.053876787590218409
18.300000000000002681 14.153873439788221309
18.400000000000002687 14.25387031614271344
18.500000000000002692 14.353867401701031499
18.600000000000002698 14.453864682427957948
18.700000000000002703 14.553862145245763389
18.800000000000002709 14.653859777970946295
18.900000000000002714 14.753857569243740077
19.00000000000000272 14.853855508390017029
19.100000000000002726 14.953853585582503914
19.200000000000002731 15.053851791494589598
19.300000000000002737 15.153850117563049362
19.400000000000002742 15.253848555760307227
19.500000000000002748 15.353847098513045861
19.600000000000002753 15.45384573885177447
19.700000000000002759 15.553844470246036309
19.800000000000002764 15.653843286617145785
19.90000000000000277 15.75384218221251834
20.000000000000002776 15.8538411518287177
20.100000000000002781 15.953840190345455458
20.200000000000002787 16.05383929335155216
20.300000000000002792 16.153838456368321097
20.400000000000002798 16.253837675452616992
20.500000000000002803 16.353836946814750139
20.600000000000002809 16.453836267059834546
20.700000000000002814 16.553835632757977972
20.80000000000000282 16.653835040899368829
20.900000000000002826 16.753834488698660501
21.000000000000002831 16.853833973430764918
