404
-20.999999999999999389 -253.63325304905022096
-20.899999999999999384 -252.43325304905020966
-20.799999999999999378 -251.23325304905018671
-20.699999999999999373 -250.03325304905015248
-20.599999999999999367 -248.83325304905012228
-20.499999999999999362 -247.63325304905007642
-20.399999999999999356 -246.43325304905003652
-20.299999999999999351 -245.23325304904999648
-20.199999999999999345 -244.03325304904995298
-20.099999999999999339 -242.83325304904989193
-19.999999999999999334 -241.63325304904981769
-19.899999999999999328 -240.43325304904974162
-19.799999999999999323 -239.23325304904966119
-19.699999999999999317 -238.0332530490495312
-19.599999999999999312 -236.83325304904937771
-19.499999999999999306 -235.63325304904921525
-19.399999999999999301 -234.43325304904903948
-19.299999999999999295 -233.23325304904883233
-19.199999999999999289 -232.03325304904860968
-19.099999999999999284 -230.8332530490483555
-18.999999999999999278 -229.63325304904805154
-18.899999999999999273 -228.43325304904773432
-18.799999999999999267 -227.23325304904733987
-18.699999999999999262 -226.0332530490468689
-18.599999999999999256 -224.83325304904632115
-18.499999999999999251 -223.63325304904570875
-18.399999999999999245 -222.43325304904503065
-18.299999999999999239 -221.23325304904425992
-18.199999999999999234 -220.03325304904334594
-18.099999999999999228 -218.83325304904226369
-17.999999999999999223 -217.63325304904105554
-17.899999999999999217 -216.43325304903969628
-17.799999999999999212 -215.23325304903812803
-17.699999999999999206 -214.03325304903625125
-17.599999999999999201 -212.83325304903414879
-17.499999999999999195 -211.63325304903178447
-17.39999999999999919 -210.43325304902897017
-17.299999999999999184 -209.23325304902579324
-17.199999999999999178 -208.03325304902215564
-17.099999999999999173 -206.83325304901792531
-16.999999999999999167 -205.63325304901313805
-16.899999999999999162 -204.43325304900755803
-16.799999999999999156 -203.23325304900121896
-16.699999999999999151 -202.03325304899388942
-16.599999999999999145 -200.83325304898549339
-16.49999999999999914 -199.63325304897588071
-16.399999999999999134 -198.43325304896476992
-16.299999999999999128 -197.23325304895202053
-16.199999999999999123 -196.03325304893740281
-16.099999999999999117 -194.8332530489206102
-15.999999999999999112 -193.63325304890132824
-15.899999999999999106 -192.43325304887915476
-15.799999999999999101 -191.23325304885368448
-15.699999999999999095 -190.03325304882442907
-15.59999999999999909 -188.83325304879083027
-15.499999999999999084 -187.6332530487522828
-15.399999999999999079 -186.43325304870790259
-15.299999999999999073 -185.23325304865702352
-15.199999999999999067 -184.03325304859848341
-15.099999999999999062 -182.83325304853127362
-14.999999999999999056 -181.63325304845409389
-14.899999999999999051 -180.43325304836542236
-14.799999999999999045 -179.23325304826356689
-14.69999999999999904 -178.03325304814662244
-14.599999999999999034 -176.83325304801218252
-14.499999999999999029 -175.63325304785784724
-14.399999999999999023 -174.43325304768052492
-14.299999999999999017 -173.23325304747683374
-14.199999999999999012 -172.03325304724279945
-14.099999999999999006 -170.83325304697403155
-13.999999999999999001 -169.6332530466652513
-13.899999999999998995 -168.43325304631060139
-13.79999999999999899 -167.23325304590322617
-13.699999999999998984 -166.03325304543522443
-13.599999999999998979 -164.83325304489766448
-13.499999999999998973 -163.63325304428017114
-13.399999999999998967 -162.43325304357084342
-13.299999999999998962 -161.23325304275604598
-13.199999999999998956 -160.03325304182005636
-13.099999999999998951 -158.83325304074493582
-12.999999999999998945 -157.63325303950991533
-12.89999999999999894 -156.43325303809125037
-12.799999999999998934 -155.2332530364616704
-12.699999999999998929 -154.03325303458974606
-12.599999999999998923 -152.83325303243946498
-12.499999999999998918 -151.63325302996945639
-12.399999999999998912 -150.43325302713217428
-12.299999999999998906 -149.23325302387297065
-12.199999999999998901 -148.03325302012910853
-12.099999999999998895 -146.83325301582855712
-11.99999999999999889 -145.63325301088855159
-11.899999999999998884 -144.43325300521397433
-11.799999999999998879 -143.23325299869552581
-11.699999999999998873 -142.03325299120787234
-11.599999999999998868 -140.83325298260678642
-11.499999999999998862 -139.63325297272671118
-11.399999999999998856 -138.43325296137750974
-11.299999999999998851 -137.23325294834070055
-11.199999999999998845 -136.0332529333653408
-11.09999999999999884 -134.83325291616315409
-10.999999999999998834 -133.63325289640303869
-10.899999999999998829 -132.43325287370463051
-10.799999999999998823 -131.23325284763100957
-10.699999999999998818 -130.03325281768027199
-10.599999999999998812 -128.83325278327592083
-10.499999999999998807 -127.63325274375567655
-10.399999999999998801 -126.43325269835883645
-10.299999999999998795 -125.23325264621157805
-10.19999999999999879 -124.03325258631009317
-10.099999999999998784 -122.83325251750133075
-9.9999999999999987788 -121.63325243846082995
-9.8999999999999987732 -120.43325234766713004
-9.7999999999999987677 -119.23325224337251111
-9.6999999999999987621 -118.03325212356945529
-9.5999999999999987566 -116.83325198595188139
-9.499999999999998751 -115.6332518278707605
-9.3999999999999987454 -114.43325164628316302
-9.2999999999999987399 -113.23325143769373603
-9.1999999999999987343 -112.03325119808733726
-9.0999999999999987288 -110.8332509228517811
-8.9999999999999987232 -109.63325060668900702
-8.8999999999999987177 -108.43325024351314118
-8.7999999999999987121 -107.23324982633342357
-8.6999999999999987066 -106.03324934711945511
-8.599999999999998701 -104.83324879664678089
-8.4999999999999986955 -103.63324816431919415
-8.3999999999999986899 -102.43324743796481102
-8.2999999999999986844 -101.23324660360181771
-8.1999999999999986788 -100.0332456451692097
-8.0999999999999986733 -98.833244544217641524
-7.9999999999999986677 -97.633243279554270561
-7.8999999999999986622 -96.433241826834729619
-7.7999999999999986566 -95.233240158094533665
-7.6999999999999986511 -94.033238241210567896
-7.5999999999999986455 -92.833236039282693398
-7.49999999999999864 -91.633233509923311791
-7.3999999999999986344 -90.433230604441166437
-7.2999999999999986289 -89.233227266903927728
-7.1999999999999986233 -88.033223433060943479
-7.0999999999999986178 -86.833219029106204383
-6.9999999999999986122 -85.633213970256798894
-6.8999999999999986067 -84.433208159120193105
-6.7999999999999986011 -83.233201483818267122
-6.6999999999999985956 -82.033193815832174523
-6.59999999999999859 -80.833185007526683511
-6.4999999999999985845 -79.633174889305369382
-6.3999999999999985789 -78.433163266342664737
-6.2999999999999985734 -77.233149914828947976
-6.1999999999999985678 -76.033134577656311865
-6.0999999999999985623 -74.833116959461120931
-5.9999999999999985567 -73.633096720928016097
-5.8999999999999985512 -72.433073472244148775
-5.7999999999999985456 -71.233046765576731004
-5.6999999999999985401 -70.033016086428065257
-5.5999999999999985345 -68.832980843699225479
-5.499999999999998529 -67.632940358268679727
-5.3999999999999985234 -66.432893849863030466
-5.2999999999999985179 -65.232840421962081095
-5.1999999999999985123 -64.032779044442233445
-5.0999999999999985068 -62.832708533616669576
-4.9999999999999985012 -61.632627529277033184
-4.8999999999999984956 -60.432534468282272197
-4.7999999999999984901 -59.232427554167236429
-4.6999999999999984845 -58.03230472216399058
-4.599999999999998479 -56.832163598929965619
-4.4999999999999984734 -55.632001456167554141
-4.3999999999999984679 -54.431815157187737395
-4.2999999999999984623 -53.231601095316935782
-4.1999999999999984568 -52.031355122866845477
-4.0999999999999984512 -50.831072469173352398
-3.9999999999999984457 -49.630747645959742324
-3.8999999999999984401 -48.430374337981978065
-3.7999999999999984346 -47.229945276556259556
-3.699999999999998429 -46.029452093145644278
-3.5999999999999984235 -44.828885149668317104
-3.4999999999999984179 -43.628233341573446793
-3.3999999999999984124 -42.42748386897582009
-3.2999999999999984068 -41.226621970221589651
-3.1999999999999984013 -40.025630611123029689
-3.0999999999999983957 -38.824490121696313653
-2.9999999999999983902 -37.623177770481349327
-2.8999999999999983846 -36.421667264316626968
-2.7999999999999983791 -35.219928158640679137
-2.6999999999999983735 -34.017925159810434154
-2.599999999999998368 -32.815617296299354525
-2.4999999999999983624 -31.61295692960970203
-2.3999999999999983569 -30.409888567794527426
-2.2999999999999983513 -29.206347433918923022
-2.1999999999999983458 -28.00225772757439538
-2.0999999999999983402 -26.797530498193904651
-1.9999999999999983347 -25.592061022193525105
-1.8999999999999983291 -24.385725538581493537
-1.7999999999999983236 -23.178377144572639114
-1.699999999999998318 -21.969840576065434004
-1.5999999999999983125 -20.759905485094976463
-1.4999999999999983069 -19.548317657261356862
-1.3999999999999983014 -18.334767352763842799
-1.2999999999999982958 -17.118873546866985218
-1.1999999999999982903 -15.900162186167989005
-1.0999999999999982847 -14.678035476043244327
-0.99999999999999827915 -13.451727307889983171
1.0 -13.451727307889983171
1.1000000000000017264 -12.30027283861995271
1.2000000000000017319 -11.284744876164790536
1.3000000000000017375 -10.382297966103024908
1.4000000000000017431 -9.5752002931389033849
1.5000000000000017486 -8.8494185038127159298
1.6000000000000017542 -8.1936605808691649609
1.7000000000000017597 -7.5987097127539550789
1.8000000000000017653 -7.0569491282661122754
1.9000000000000017708 -6.562015814156106643
2.0000000000000017764 -6.1085433643148163194
2.1000000000000017819 -5.6919677995620468007
2.2000000000000017875 -5.3083787172549103022
2.300000000000001793 -4.9544036154317250822
2.4000000000000017986 -4.6271168540971397948
2.5000000000000018041 -4.3239671555899349774
2.6000000000000018097 -4.0427192241469564137
2.7000000000000018152 -3.7814062404857878478
2.8000000000000018208 -3.5382908242383102379
2.9000000000000018263 -3.311832661163007778
3.0000000000000018319 -3.1006614329790478815
3.1000000000000018374 -2.9035540123300258425
3.200000000000001843 -2.7194151260519302017
3.3000000000000018485 -2.5472608692231739312
3.4000000000000018541 -2.3862045865971895809
3.5000000000000018596 -2.2354447387243198093
3.6000000000000018652 -2.09425444601626477
3.7000000000000018707 -1.9619724616102026818
3.8000000000000018763 -1.8379953679296893211
3.9000000000000018818 -1.721770825867312176
4.0000000000000018874 -1.612791732164816529
4.1000000000000018929 -1.5105911617783403523
4.2000000000000018985 -1.4147379892084860391
4.300000000000001904 -1.3248330969727817032
4.4000000000000019096 -1.2405060913391701163
4.5000000000000019151 -1.1614124556483747846
4.6000000000000019207 -1.0872310804010888017
4.7000000000000019262 -1.0176621170351918324
4.725 -1.00095729766638
4.73 1.00235539725516
4.8000000000000019318 1.0491973959627235612
4.9000000000000019373 1.1176121547298686875
5.0000000000000019429 1.1877260881396463625
5.1000000000000019484 1.2594696134100016178
5.200000000000001954 1.3327735851999484252
5.3000000000000019595 1.4075695948373787052
5.4000000000000019651 1.4837902354435283738
5.5000000000000019706 1.5613693340228857653
5.6000000000000019762 1.640242151852016767
5.7000000000000019817 1.7203455547276976752
5.8000000000000019873 1.8016181548185396093
5.9000000000000019929 1.884000426003187571
6.0000000000000019984 1.9674347946725089498
6.100000000000002004 2.0518657080259057448
6.2000000000000020095 2.1372396819061143545
6.3000000000000020151 2.2235053301977020533
6.4000000000000020206 2.3106133777669397314
6.5000000000000020262 2.3985166588488734987
6.6000000000000020317 2.4871701026983507439
6.7000000000000020373 2.5765307082174031573
6.8000000000000020428 2.6665575091582578754
6.9000000000000020484 2.7572115313817603659
7.0000000000000020539 2.8484557435287637131
7.1000000000000020595 2.9402550023398271525
7.200000000000002065 3.0325759937382616451
7.3000000000000020706 3.1253871706753260652
7.4000000000000020761 3.2186586886251315797
7.5000000000000020817 3.3123623395119399311
7.6000000000000020872 3.4064714847540178829
7.7000000000000020928 3.5009609880176787904
7.8000000000000020983 3.5958071481907730342
7.9000000000000021039 3.6909876330092911215
8.0000000000000021094 3.7864814137008440104
8.100000000000002115 3.8822687009474031262
8.2000000000000021205 3.9783308824132350077
8.3000000000000021261 4.0746504620354993181
8.4000000000000021316 4.1712110012306324477
8.5000000000000021372 4.2679970621321698936
8.6000000000000021427 4.3649941529419524492
8.7000000000000021483 4.4621886754481408548
8.8000000000000021538 4.5595678747389080165
8.9000000000000021594 4.6571197911194033126
9.0000000000000021649 4.7548332142220261171
9.1000000000000021705 4.8526976392855102711
9.200000000000002176 4.9507032255653489797
9.3000000000000021816 5.0488407568290415462
9.4000000000000021871 5.1471016038812490758
9.5000000000000021927 5.2454776890573993596
9.6000000000000021982 5.3439614526203557218
9.7000000000000022038 5.4425458209907325526
9.8000000000000022093 5.5412241767393833847
9.9000000000000022149 5.6399903302689561594
10.00000000000000222 5.7388384931113330189
10.100000000000002226 5.8377632527676479076
10.200000000000002232 5.9367595490180757158
10.300000000000002237 6.0358226516294682032
10.400000000000002243 6.1349481393917991251
10.500000000000002248 6.2341318804138509545
10.600000000000002254 6.333370013613049326
10.700000000000002259 6.4326589313347154639
10.800000000000002265 6.5319952630388526073
10.90000000000000227 6.631375859995816024
11.000000000000002276 6.7307977809332093301
11.100000000000002282 6.8302582785801792272
11.200000000000002287 6.9297547870568082461
11.300000000000002293 7.0292849100592233012
11.400000000000002298 7.1288464097933014916
11.500000000000002304 7.2284371966124039632
11.600000000000002309 7.3280553193165438188
11.700000000000002315 7.4276989560726585389
11.80000000000000232 7.5273664059193994934
11.900000000000002326 7.6270560808174261929
12.000000000000002331 7.7267664982153958363
12.100000000000002337 7.8264962740955657782
12.200000000000002343 7.9262441164723020764
12.300000000000002348 8.0260088193132346704
12.400000000000002354 8.125789256855951981
12.500000000000002359 8.2255843782956839316
12.600000000000002365 8.3253932028231349052
12.70000000000000237 8.4252148149837651569
12.800000000000002376 8.5250483603437514247
12.900000000000002381 8.6248930414411917534
13.000000000000002387 8.7247481140015306776
13.100000000000002393 8.8246128834037712802
13.200000000000002398 8.9244867013818527632
13.300000000000002404 9.0243689629387747159
13.400000000000002409 9.1242591034664249781
13.500000000000002415 9.2241565960631978873
13.60000000000000242 9.3240609490132710291
13.700000000000002426 9.4239717034528183874
13.800000000000002431 9.5238884311717215315
13.900000000000002437 9.6238107325753815668
14.000000000000002442 9.7237382347734328553
14.100000000000002448 9.8236705898034429443
14.200000000000002454 9.9236074729588904735
14.300000000000002459 10.023548581246719228
14.400000000000002465 10.123493631928898919
14.50000000000000247 10.223442361179136799
14.600000000000002476 10.323394522814496353
14.700000000000002481 10.423349887112805293
14.800000000000002487 10.523308239722320652
14.900000000000002492 10.623269380629979742
15.000000000000002498 10.723233123203996555
15.100000000000002504 10.823199293296842571
15.200000000000002509 10.923167728412553397
15.300000000000002515 11.023138276929979988
15.40000000000000252 11.123110797372457862
15.500000000000002526 11.223085157735664671
15.600000000000002531 11.323061234838010295
15.700000000000002537 11.423038913756348363
15.800000000000002542 11.523018087247801681
15.900000000000002548 11.622998655252364907
16.000000000000002554 11.722980524406210737
16.100000000000002559 11.822963607599941239
16.200000000000002565 11.922947823540354133
16.30000000000000257 12.022933096388597899
16.400000000000002576 12.122919355387592476
16.500000000000002581 12.22290653450200449
16.600000000000002587 12.322894572129955707
16.700000000000002592 12.422883410780806039
16.800000000000002598 12.522872996822947082
16.900000000000002603 12.622863280211811066
17.000000000000002609 12.722854214255491512
17.100000000000002615 12.822845755384646099
17.20000000000000262 12.922837862954076246
17.300000000000002626 13.022830499020558526
17.400000000000002631 13.122823628216004511
17.500000000000002637 13.222817217511367579
17.600000000000002642 13.322811236090063275
17.700000000000002648 13.422805655218557919
17.800000000000002653 13.522800448054898526
17.900000000000002659 13.622795589595180405
18.000000000000002665 13.722791056485498473
18.10000000000000267 13.82278682693956724
18.200000000000002676 13.922782880619664582
18.300000000000002681 14.022779198573000924
18.400000000000002687 14.122775763093605387
18.500000000000002692 14.222772557669159261
18.600000000000002698 14.32276956689300412
18.700000000000002703 14.42276677641861047
18.800000000000002709 14.522764172801838504
18.900000000000002714 14.62276174351694985
19.00000000000000272 14.72275947694528531
19.100000000000002726 14.822757362124957358
19.200000000000002731 14.922755388944344023
19.300000000000002737 15.022753547874652796
19.400000000000002742 15.122751830149930715
19.500000000000002748 15.222750227432075445
19.600000000000002753 15.322748731984535808
19.700000000000002759 15.422747336761986959
19.800000000000002764 15.522746034940037914
19.90000000000000277 15.622744820256944972
20.000000000000002776 15.722743686976042058
20.100000000000002781 15.822742629567037729
20.200000000000002787 15.922741642978267613
20.300000000000002792 16.022740722468379751
20.400000000000002798 16.122739863531010819
20.500000000000002803 16.222739062181102673
20.600000000000002809 16.322738314539664077
20.700000000000002814 16.422737616905162744
20.80000000000000282 16.522736965907875156
20.900000000000002826 16.622736358610394449
21.000000000000002831 16.722735791939200966
