404
-20.999999999999999389 -274.68983657741660725
-20.899999999999999384 -273.38983657741658271
-20.799999999999999378 -272.08983657741655012
-20.699999999999999373 -270.7898365774165142
-20.599999999999999367 -269.48983657741647983
-20.499999999999999362 -268.18983657741644288
-20.399999999999999356 -266.88983657741640116
-20.299999999999999351 -265.58983657741636341
-20.199999999999999345 -264.28983657741631511
-20.099999999999999339 -262.98983657741624159
-19.999999999999999334 -261.68983657741616595
-19.899999999999999328 -260.38983657741609475
-19.799999999999999323 -259.08983657741600598
-19.699999999999999317 -257.78983657741592326
-19.599999999999999312 -256.48983657741578832
-19.499999999999999306 -255.18983657741561876
-19.399999999999999301 -253.88983657741542666
-19.299999999999999295 -252.58983657741521138
-19.199999999999999289 -251.2898365774149609
-19.099999999999999284 -249.98983657741470264
-18.999999999999999278 -248.68983657741438843
-18.899999999999999273 -247.38983657741403993
-18.799999999999999267 -246.08983657741366405
-18.699999999999999262 -244.78983657741322002
-18.599999999999999256 -243.4898365774127198
-18.499999999999999251 -242.18983657741207215
-18.399999999999999245 -240.88983657741134612
-18.299999999999999239 -239.58983657741053896
-18.199999999999999234 -238.28983657740961561
-18.099999999999999228 -236.98983657740859201
-17.999999999999999223 -235.68983657740740601
-17.899999999999999217 -234.38983657740596562
-17.799999999999999212 -233.08983657740433488
-17.699999999999999206 -231.78983657740250637
-17.599999999999999201 -230.48983657740043477
-17.499999999999999195 -229.18983657739795477
-17.39999999999999919 -227.88983657739516043
-17.299999999999999184 -226.58983657739200045
-17.199999999999999178 -225.28983657738824877
-17.099999999999999173 -223.98983657738403106
-16.999999999999999167 -222.68983657737917709
-16.899999999999999162 -221.38983657737355399
-16.799999999999999156 -220.08983657736719811
-16.699999999999999151 -218.78983657735976152
-16.599999999999999145 -217.48983657735134076
-16.49999999999999914 -216.18983657734155697
-16.399999999999999134 -214.88983657733036916
-16.299999999999999128 -213.58983657731759775
-16.199999999999999123 -212.2898365773027775
-16.099999999999999117 -210.989836577285813
-15.999999999999999112 -209.6898365772663702
-15.899999999999999106 -208.38983657724402938
-15.799999999999999101 -207.08983657721834911
-15.699999999999999095 -205.78983657718882962
-15.59999999999999909 -204.48983657715492072
-15.499999999999999084 -203.18983657711598216
-15.399999999999999079 -201.88983657707123744
-15.299999999999999073 -200.58983657701991948
-15.199999999999999067 -199.28983657696086596
-15.099999999999999062 -197.98983657689311922
-14.999999999999999056 -196.68983657681520609
-14.899999999999999051 -195.38983657672576175
-14.799999999999999045 -194.08983657662302716
-14.69999999999999904 -192.78983657650498245
-14.599999999999999034 -191.48983657636939247
-14.499999999999999029 -190.18983657621365918
-14.399999999999999023 -188.88983657603478948
-14.299999999999999017 -187.58983657582930258
-14.199999999999999012 -186.2898365755932134
-14.099999999999999006 -184.98983657532207098
-13.999999999999999001 -183.68983657501061351
-13.899999999999998995 -182.38983657465278072
-13.79999999999999899 -181.08983657424178761
-13.699999999999998984 -179.7898365737696625
-13.599999999999998979 -178.48983657322738716
-13.499999999999998973 -177.18983657260440158
-13.399999999999998967 -175.88983657188883317
-13.299999999999998962 -174.58983657106684459
-13.199999999999998956 -173.2898365701226033
-13.099999999999998951 -171.98983656903798856
-12.999999999999998945 -170.68983656779210103
-12.89999999999999894 -169.38983656636091764
-12.799999999999998934 -168.08983656471693506
-12.699999999999998929 -166.78983656282849948
-12.599999999999998923 -165.48983656065922993
-12.499999999999998918 -164.18983655816744588
-12.399999999999998912 -162.88983655530508914
-12.299999999999998906 -161.5898365520171014
-12.199999999999998901 -160.28983654824027166
-12.099999999999998895 -158.98983654390172159
-11.99999999999999889 -157.68983653891808362
-11.899999999999998884 -156.3898365331933829
-11.799999999999998879 -155.08983652661744525
-11.699999999999998873 -153.78983651906368525
-11.599999999999998868 -152.48983651038670125
-11.499999999999998862 -151.18983650041941256
-11.399999999999998856 -149.88983648897002633
-11.299999999999998851 -148.58983647581818419
-11.199999999999998845 -147.28983646071063631
-11.09999999999999884 -145.98983644335658521
-10.999999999999998834 -144.68983642342207577
-10.899999999999998829 -143.38983640052331373
-10.799999999999998823 -142.08983637421954793
-10.699999999999998818 -140.78983634400444406
-10.599999999999998812 -139.48983630929640985
-10.499999999999998807 -138.18983626942737046
-10.399999999999998801 -136.88983622362982881
-10.299999999999998795 -135.58983617102224409
-10.19999999999999879 -134.28983611059205189
-10.099999999999998784 -132.98983604117595885
-9.9999999999999987788 -131.68983596143782003
-9.8999999999999987732 -130.38983586984271246
-9.7999999999999987677 -129.0898357646275595
-9.6999999999999987621 -127.78983564376710066
-9.5999999999999987566 -126.48983550493475977
-9.499999999999998751 -125.18983534545832888
-9.3999999999999987454 -123.88983516226800682
-9.2999999999999987399 -122.58983495183741035
-9.1999999999999987343 -121.28983471011611097
-9.0999999999999987288 -119.9898344324511906
-8.9999999999999987232 -118.68983411349774962
-8.8999999999999987177 -117.38983374711631134
-8.7999999999999987121 -116.08983332625437303
-8.6999999999999987066 -114.78983284281061202
-8.599999999999998701 -113.48983228747908999
-8.4999999999999986955 -112.18983164957020551
-8.3999999999999986899 -110.88983091680465533
-8.2999999999999986844 -109.58983007507706457
-8.1999999999999986788 -108.28982910818475855
-8.0999999999999986733 -106.9898279975155046
-7.9999999999999986677 -105.68982672168945911
-7.8999999999999986622 -104.38982525614733605
-7.7999999999999986566 -103.08982357267775328
-7.6999999999999986511 -101.78982163887411678
-7.5999999999999986455 -100.48981941751054684
-7.49999999999999864 -99.189816865825279041
-7.3999999999999986344 -97.889813934697286333
-7.2999999999999986289 -96.589810567700474331
-7.1999999999999986233 -95.289806700016980517
-7.0999999999999986178 -93.989802257189375195
-6.9999999999999986122 -92.689797153686250636
-6.8999999999999986067 -91.389791291255305523
-6.7999999999999986011 -90.089784557030757345
-6.6999999999999985956 -88.78977682135922743
-6.59999999999999859 -87.489767935301978882
-6.4999999999999985845 -86.189757727765347172
-6.3999999999999985789 -84.889746002203549694
-6.2999999999999985734 -83.589732532830924463
-6.1999999999999985678 -82.289717060269221706
-6.0999999999999985623 -80.989699286546649857
-5.9999999999999985567 -79.68967886935138256
-5.8999999999999985512 -78.389655415427749552
-5.7999999999999985456 -77.089628472987560471
-5.6999999999999985401 -75.789597522988309887
-5.5999999999999985345 -74.489561969109065438
-5.499999999999998529 -73.189521126227918508
-5.3999999999999985234 -71.889474207176245979
-5.2999999999999985179 -70.589420307509845652
-5.1999999999999985123 -69.289358387998776567
-5.0999999999999985068 -67.98928725448964005
-4.9999999999999985012 -66.689205534743598771
-4.8999999999999984956 -65.389111651789832262
-4.7999999999999984901 -64.089003793263930325
-4.6999999999999984845 -62.788879876116556986
-4.599999999999998479 -61.488737505981894737
-4.4999999999999984734 -60.188573930382300297
-4.3999999999999984679 -58.888385984812187856
-4.2999999999999984623 -57.588170030591488171
-4.1999999999999984568 -56.287921883194660926
-4.0999999999999984512 -54.987636729548533467
-3.9999999999999984457 -53.687309032536858685
-3.8999999999999984401 -52.386932420648950515
-3.7999999999999984346 -51.086499560349624031
-3.699999999999998429 -49.786002008318896097
-3.5999999999999984235 -48.485430040189954271
-3.4999999999999984179 -47.184772451790234742
-3.3999999999999984124 -45.884016328128245153
-3.2999999999999984068 -44.583146774437529679
-3.1999999999999984013 -43.282146602441778114
-3.0999999999999983957 -41.980995963584237817
-2.9999999999999983902 -40.679671919187755345
-2.8999999999999983846 -39.378147935274879015
-2.7999999999999983791 -38.07639328694270423
-2.6999999999999983735 -36.774372353552999074
-2.599999999999998368 -35.472043781309430588
-2.4999999999999983624 -34.169359483676472255
-2.3999999999999983569 -32.866263442039104722
-2.2999999999999983513 -31.562690258277995895
-2.1999999999999983458 -30.258563396496286259
-2.0999999999999983402 -28.95379303145992555
-1.9999999999999983347 -27.648273394153322041
-1.8999999999999983291 -26.341879466837254935
-1.7999999999999983236 -25.034462825971727706
-1.699999999999998318 -23.725846353319113554
-1.5999999999999983125 -22.415817420727442956
-1.4999999999999983069 -21.104118981779661547
-1.3999999999999983014 -19.790437739062095635
-1.2999999999999982958 -18.474388139782037697
-1.1999999999999982903 -17.15549027926756614
-1.0999999999999982847 -15.833138667126303835
-0.99999999999999827915 -14.506556861274254492
1.0 -14.506556861274254492
1.1000000000000017264 -13.26127432004933013
1.2000000000000017319 -12.163309820621459239
1.3000000000000017375 -11.187902513603275702
1.4000000000000017431 -10.315832642747585946
1.5000000000000017486 -9.5318881899888778771
1.6000000000000017542 -8.8238277620802209452
1.7000000000000017597 -8.1816587320132867542
1.8000000000000017653 -7.5971222675577980078
1.9000000000000017708 -7.0633179959695721945
2.0000000000000017764 -6.5744252506776593288
2.1000000000000017819 -6.1254925710269061473
2.2000000000000017875 -5.712276355721952466
2.300000000000001793 -5.3311155098602811366
2.4000000000000017986 -4.9788328396055404698
2.5000000000000018041 -4.6526565852704408669
2.6000000000000018097 -4.3501572961617696898
2.7000000000000018152 -4.0691965201182647636
2.8000000000000018208 -3.8078846851360517073
2.9000000000000018263 -3.5645462045136807664
3.0000000000000018319 -3.3376903158681874195
3.1000000000000018374 -3.1259865185821439972
3.200000000000001843 -2.9282437381629197036
3.3000000000000018485 -2.743392543660362811
3.4000000000000018541 -2.5704698928247629795
3.5000000000000018596 -2.4086059915574174952
3.6000000000000018652 -2.2570129386310110766
3.7000000000000018707 -2.1149748905379242421
3.8000000000000018763 -1.9818395298722499573
3.9000000000000018818 -1.8570106577979350752
4.0000000000000018874 -1.7399417598692416257
4.1000000000000018929 -1.6301304169726838174
4.2000000000000018985 -1.5271134510997922374
4.300000000000001904 -1.4304627102501858791
4.4000000000000019096 -1.339781408878991745
4.5000000000000019151 -1.2547009505700647349
4.6000000000000019207 -1.174878168478137883
4.7000000000000019262 -1.099992926845938401
4.8000000000000019318 -1.0297460337806526486
4.84 -1.00288267401968
4.845 1.00042721294462
4.9000000000000019373 1.0370713442073526905
5.0000000000000019429 1.1050709873374426708
5.1000000000000019484 1.1747845170996961687
5.200000000000001954 1.2461425941393825572
5.3000000000000019595 1.3190762082852211678
5.4000000000000019651 1.393516988262957072
5.5000000000000019706 1.469397477099015307
5.6000000000000019762 1.5466513741782503988
5.7000000000000019817 1.6252137452007473375
5.8000000000000019873 1.7050212015263398506
5.9000000000000019929 1.7860120505957696035
6.0000000000000019984 1.8681264192714352215
6.100000000000002004 1.9513063520498609451
6.2000000000000020095 2.0354958861632425446
6.3000000000000020151 2.1206411056132556215
6.4000000000000020206 2.2066901761706299609
6.5000000000000020262 2.2935933633344895624
6.6000000000000020317 2.3813030351803094678
6.7000000000000020373 2.4697736519408829337
6.8000000000000020428 2.5589617440639600984
6.9000000000000020484 2.6488258803800418869
7.0000000000000020539 2.7393266278948199905
7.1000000000000020595 2.830426504599810717
7.200000000000002065 2.9220899265719578456
7.3000000000000020706 3.0142831505117244464
7.4000000000000020761 3.1069742127520998103
7.5000000000000020817 3.200132865657931547
7.6000000000000020872 3.2937305122277739321
7.7000000000000020928 3.3877401396110936739
7.8000000000000020983 3.4821362521597038377
7.9000000000000021039 3.5768948045468621301
8.0000000000000021094 3.6719931354090155307
8.100000000000002115 3.7674099018941165056
8.2000000000000021205 3.8631250154358759192
8.3000000000000021261 3.9591195790161089604
8.4000000000000021316 4.0553758261268094318
8.5000000000000021372 4.1518770615968890512
8.6000000000000021427 4.2486076044108393902
8.7000000000000021483 4.3455527326103348868
8.8000000000000021538 4.4426986303406230168
8.9000000000000021594 4.5400323370776562108
9.0000000000000021649 4.6375416990499358779
9.1000000000000021705 4.7352153228497048881
9.200000000000002176 4.8330425312140581688
9.3000000000000021816 4.9310133209418436968
9.4000000000000021871 5.0291183229026962456
9.5000000000000021927 5.1273487640859865908
9.6000000000000021982 5.2256964316304223949
9.7000000000000022038 5.324153638769849857
9.8000000000000022093 5.4227131926273292778
9.9000000000000022149 5.5213683637873415059
10.00000000000000222 5.6201128575730064318
10.100000000000002226 5.7189407869555098101
10.200000000000002232 5.8178466470228149927
10.300000000000002237 5.9168252909354045091
10.400000000000002243 6.015871907295591658
10.500000000000002248 6.1149819988627097321
10.600000000000002254 6.21415136254312232
10.700000000000002259 6.3133760705903591368
10.800000000000002265 6.412652452949524305
10.90000000000000227 6.5119770806841385948
11.000000000000002276 6.6113467504263701995
11.100000000000002282 6.7107584697911258971
11.200000000000002287 6.810209443701628314
11.300000000000002293 6.9096970615724911484
11.400000000000002298 7.0092188852995329901
11.500000000000002304 7.1087726380105991579
11.600000000000002309 7.2083561935309215592
11.700000000000002315 7.3079675665199349554
11.80000000000000232 7.4076049032397415235
11.900000000000002326 7.5072664729157330704
12.000000000000002331 7.6069506596533249081
12.100000000000002337 7.7066559548775558274
12.200000000000002343 7.8063809502601802789
12.300000000000002348 7.9061243311083140862
12.400000000000002354 8.0058848701788188082
12.500000000000002359 8.1056614219011602494
12.600000000000002365 8.2054529169718744152
12.70000000000000237 8.3052583573058429542
12.800000000000002376 8.405076811318278045
12.900000000000002381 8.5049074095123210151
13.000000000000002387 8.6047493403641007485
13.100000000000002393 8.7046018464681274844
13.200000000000002398 8.8044642209471029891
13.300000000000002404 8.9043358040893263011
13.400000000000002409 9.0042159802153916425
13.500000000000002415 9.1041041747463169123
13.60000000000000242 9.203999851470217956
13.700000000000002426 9.3039025099837755243
13.800000000000002431 9.4038116833108364363
13.900000000000002437 9.5037269356728266651
14.000000000000002442 9.6036478604083414773
14.100000000000002448 9.7035740780342595403
14.200000000000002454 9.8035052344304992611
14.300000000000002459 9.9034409991483266239
14.400000000000002465 10.003381063833165595
14.50000000000000247 10.103325140744068106
14.600000000000002476 10.203272961386758906
14.700000000000002481 10.303224275215604607
14.800000000000002487 10.403178848446865665
14.900000000000002492 10.503136462935282228
15.000000000000002498 10.603096915123042295
15.100000000000002504 10.703060015074155195
15.200000000000002509 10.803025585554200582
15.300000000000002515 10.902993461196542534
15.40000000000000252 11.002963487691650409
15.500000000000002526 11.102935521057504123
15.600000000000002531 11.202909426945174665
15.700000000000002537 11.302885079998794914
15.800000000000002542 11.402862363257212274
15.900000000000002548 11.502841167577784987
16.000000000000002554 11.602821391124851763
16.100000000000002559 11.702802938881553932
16.200000000000002565 11.802785722195012453
16.30000000000000257 11.902769658337035234
16.400000000000002576 12.002754670120073195
16.500000000000002581 12.10274068553175285
16.600000000000002587 12.202727637368404906
16.700000000000002592 12.30271546292577787
16.800000000000002598 12.402704103720292877
16.900000000000002603 12.502693505145586819
17.000000000000002609 12.602683616278392981
17.100000000000002615 12.702674389611644442
17.20000000000000262 12.802665780776647031
17.300000000000002626 12.902657748428313779
17.400000000000002631 13.002650253964173397
17.500000000000002637 13.102643261339563407
17.600000000000002642 13.20263673698710202
17.700000000000002648 13.302630649523866153
17.800000000000002653 13.402624969716816004
17.900000000000002659 13.502619670236582278
18.000000000000002665 13.602614725654759952
18.10000000000000267 13.70261011216717407
18.200000000000002676 13.802605807648014931
18.300000000000002681 13.902601791360259366
18.400000000000002687 14.002598044043291657
18.500000000000002692 14.102594547652973003
18.600000000000002698 14.202591285404637407
18.700000000000002703 14.30258824160967106
18.800000000000002709 14.402585401651748588
18.900000000000002714 14.502582751880033494
19.00000000000000272 14.602580279517248081
19.100000000000002726 14.7025779727589537
19.200000000000002731 14.802575820451913895
19.300000000000002737 14.902573812297917295
19.400000000000002742 15.00257193859556689
19.500000000000002748 15.10257019041767678
19.600000000000002753 15.202568559239159618
19.700000000000002759 15.302567037332912642
19.800000000000002764 15.402565617354397576
19.90000000000000277 15.502564292469999359
20.000000000000002776 15.602563056281349791
20.100000000000002781 15.702561902909813531
20.200000000000002787 15.802560826716548151
20.300000000000002792 15.902559822616730245
20.400000000000002798 16.002558885776533949
20.500000000000002803 16.1025580116370046
20.600000000000002809 16.202557196141067225
20.700000000000002814 16.302556435180217037
20.80000000000000282 16.402555725198106289
20.900000000000002826 16.502555062702860375
21.000000000000002831 16.602554444578997718
