624
-20.999999999999999389 -295.74230399731078482
-20.899999999999999384 -294.34230399731076124
-20.799999999999999378 -292.9423039973107312
-20.699999999999999373 -291.5423039973106962
-20.599999999999999367 -290.1423039973106773
-20.499999999999999362 -288.74230399731061487
-20.399999999999999356 -287.34230399731056786
-20.299999999999999351 -285.94230399731052722
-20.199999999999999345 -284.54230399731047469
-20.099999999999999339 -283.14230399731041262
-19.999999999999999334 -281.74230399731034781
-19.899999999999999328 -280.34230399731024381
-19.799999999999999323 -278.94230399731011371
-19.699999999999999317 -277.54230399731000307
-19.599999999999999312 -276.14230399730986171
-19.499999999999999306 -274.74230399730971722
-19.399999999999999301 -273.34230399730952529
-19.299999999999999295 -271.94230399730932774
-19.199999999999999289 -270.54230399730911486
-19.099999999999999284 -269.14230399730884735
-18.999999999999999278 -267.74230399730856456
-18.899999999999999273 -266.34230399730820499
-18.799999999999999267 -264.94230399730778905
-18.699999999999999262 -263.54230399730733791
-18.599999999999999256 -262.14230399730678042
-18.499999999999999251 -260.74230399730615635
-18.399999999999999245 -259.34230399730544337
-18.299999999999999239 -257.94230399730464754
-18.199999999999999234 -256.54230399730374401
-18.099999999999999228 -255.14230399730267929
-17.999999999999999223 -253.74230399730145231
-17.899999999999999217 -252.34230399730001212
-17.799999999999999212 -250.9423039972983903
-17.699999999999999206 -249.54230399729657323
-17.599999999999999201 -248.14230399729443764
-17.499999999999999195 -246.74230399729196771
-17.39999999999999919 -245.342303997289125
-17.299999999999999184 -243.94230399728593229
-17.199999999999999178 -242.54230399728222071
-17.099999999999999173 -241.1423039972779017
-16.999999999999999167 -239.74230399727304321
-16.899999999999999162 -238.34230399726738733
-16.799999999999999156 -236.94230399726092166
-16.699999999999999151 -235.54230399725349494
-16.599999999999999145 -234.14230399724493458
-16.49999999999999914 -232.74230399723515672
-16.399999999999999134 -231.34230399722385166
-16.299999999999999128 -229.9423039972109462
-16.199999999999999123 -228.54230399719609503
-16.099999999999999117 -227.14230399717897139
-15.999999999999999112 -225.74230399715937846
-15.899999999999999106 -224.34230399713685178
-15.799999999999999101 -222.94230399711097787
-15.699999999999999095 -221.54230399708122493
-15.59999999999999909 -220.14230399704706077
-15.499999999999999084 -218.74230399700783572
-15.399999999999999079 -217.34230399696278377
-15.299999999999999073 -215.94230399691102579
-15.199999999999999067 -214.54230399685157052
-15.099999999999999062 -213.1423039967832223
-14.999999999999999056 -211.74230399670480432
-14.899999999999999051 -210.34230399661465354
-14.799999999999999045 -208.9423039965111504
-14.69999999999999904 -207.54230399639222148
-14.599999999999999034 -206.14230399625561911
-14.499999999999999029 -204.74230399609868976
-14.399999999999999023 -203.34230399591842669
-14.299999999999999017 -201.94230399571133834
-14.199999999999999012 -200.54230399547350506
-14.099999999999999006 -199.14230399520025743
-13.999999999999999001 -197.74230399488640205
-13.899999999999998995 -196.34230399452588314
-13.79999999999999899 -194.94230399411180352
-13.699999999999998984 -193.54230399363606882
-13.599999999999998979 -192.1423039930896683
-13.499999999999998973 -190.74230399246197442
-13.399999999999998967 -189.34230399174090599
-13.299999999999998962 -187.94230399091267531
-13.199999999999998956 -186.5423039899612732
-13.099999999999998951 -185.14230398886836792
-12.999999999999998945 -183.74230398761298893
-12.89999999999999894 -182.34230398617090607
-12.799999999999998934 -180.94230398451444019
-12.699999999999998929 -179.54230398261164461
-12.599999999999998923 -178.1423039804258611
-12.499999999999998918 -176.74230397791508968
-12.399999999999998912 -175.34230397503094389
-12.299999999999998906 -173.94230397171797313
-12.199999999999998901 -172.54230396791233532
-12.099999999999998895 -171.1423039635408171
-11.99999999999999889 -169.74230395851927247
-11.899999999999998884 -168.34230395275099441
-11.799999999999998879 -166.94230394612502552
-11.699999999999998873 -165.54230393851376973
-11.599999999999998868 -164.14230392977073042
-11.499999999999998862 -162.74230391972763502
-11.399999999999998856 -161.3423039081911097
-11.299999999999998851 -159.94230389493914643
-11.199999999999998845 -158.54230387971662752
-11.09999999999999884 -157.14230386223054723
-10.999999999999998834 -155.74230384214431303
-10.899999999999998829 -154.34230381907130949
-10.799999999999998823 -152.94230379256733931
-10.699999999999998818 -151.54230376212230139
-10.599999999999998812 -150.14230372715019415
-10.499999999999998807 -148.74230368697766155
-10.399999999999998801 -147.34230364083162157
-10.299999999999998795 -145.94230358782372938
-10.19999999999999879 -144.54230352693365558
-10.099999999999998784 -143.14230345698931589
-9.9999999999999987788 -141.74230337664435651
-9.8999999999999987732 -140.34230328435220162
-9.7999999999999987677 -138.9423031783363759
-9.6999999999999987621 -137.54230305655612253
-9.5999999999999987566 -136.14230291666730073
-9.499999999999998751 -134.74230275597727413
-9.3999999999999987454 -133.34230257139279354
-9.2999999999999987399 -131.94230235936087847
-9.1999999999999987343 -130.54230211580012178
-9.0999999999999987288 -129.14230183602211718
-8.9999999999999987232 -127.74230151464144721
-8.8999999999999987177 -126.34230114547185609
-8.7999999999999987121 -124.94230072140710884
-8.6999999999999987066 -123.54230023428429138
-8.599999999999998701 -122.14229967472670986
-8.4999999999999986955 -120.74229903196334668
-8.3999999999999986899 -119.34229829362133958
-8.2999999999999986844 -117.94229744548819885
-8.1999999999999986788 -116.54229647123777519
-8.0999999999999986733 -115.14229535211633126
-7.9999999999999986677 -113.74229406658109683
-7.8999999999999986622 -112.34229258988607178
-7.7999999999999986566 -110.94229089360513549
-7.6999999999999986511 -109.54228894508505269
-7.5999999999999986455 -108.14228670681657704
-7.49999999999999864 -106.74228413571266102
-7.3999999999999986344 -105.34228118227824608
-7.2999999999999986289 -103.94227778965793815
-7.1999999999999986233 -102.54227389254053902
-7.0999999999999986178 -101.14226941590188955
-6.9999999999999986122 -99.742264273559629053
-6.8999999999999986067 -98.342258366513676622
-6.7999999999999986011 -96.942251581039040403
-6.6999999999999985956 -95.542243786495696911
-6.59999999999999859 -94.14223483281103066
-6.4999999999999985845 -92.742224547589124224
-6.3999999999999985789 -91.342212732788084557
-6.2999999999999985734 -89.942199160903216765
-6.1999999999999985678 -88.542183570581797882
-6.0999999999999985623 -87.142165661583338221
-5.9999999999999985567 -85.742145088989624087
-5.8999999999999985512 -84.342121456550558658
-5.7999999999999985456 -82.942094309037379754
-5.6999999999999985401 -81.542063123454585259
-5.5999999999999985345 -80.14202729893899033
-5.499999999999998529 -78.741986145149416
-5.3999999999999985234 -77.341938868919478497
-5.2999999999999985179 -75.941884558912780019
-5.1999999999999985123 -74.541822167978006949
-5.0999999999999985068 -73.141750492857493593
-4.9999999999999985012 -71.741668150847676744
-4.8999999999999984956 -70.34157355294766466
-4.7999999999999984901 -68.941464872962557064
-4.6999999999999984845 -67.541340011940156715
-4.599999999999998479 -66.141196557226383246
-4.4999999999999984734 -64.741031735308581936
-4.3999999999999984679 -63.34084235748220304
-4.2999999999999984623 -61.940624757222240873
-4.1999999999999984568 -60.540374717954618642
-4.0999999999999984512 -59.140087389708942398
-3.9999999999999984457 -57.73975719287469192
-3.8999999999999984401 -56.339377706982708885
-3.7999999999999984346 -54.938941542066552393
-3.699999999999998429 -53.538440189728227918
-3.5999999999999984235 -52.137863850508159102
-3.4999999999999984179 -50.73720123352694996
-3.3999999999999984124 -49.336439323599439665
-3.2999999999999984068 -47.935563110078615882
-3.1999999999999984013 -46.534555270530038167
-3.0999999999999983957 -45.133395800899077149
-2.9999999999999983902 -43.732061582036861067
-2.8999999999999983846 -42.330525870192171619
-2.7999999999999983791 -40.928757696203803698
-2.6999999999999983735 -39.526721154455425525
-2.599999999999998368 -38.124374557904892962
-2.4999999999999983624 -36.721669429309633575
-2.3999999999999983569 -35.318549290608284631
-2.2999999999999983513 -33.914948201553071323
-2.1999999999999983458 -32.510788984052771238
-2.0999999999999983402 -31.105981048737051577
-1.9999999999999983347 -29.700417712701972195
-1.8999999999999983291 -28.293972858820608193
-1.7999999999999983236 -26.88649673215561487
-1.699999999999998318 -25.477810589739341101
-1.5999999999999983125 -24.067699803319020898
-1.4999999999999983069 -22.655904839474575394
-1.3999999999999983014 -21.242109272535931483
-1.2999999999999982958 -19.825923562297337533
-1.1999999999999982903 -18.406862642934467488
-1.0999999999999982847 -16.984314223303139776
-0.99999999999999827915 -15.557492710577580017
1.0 -15.557492710577580017
1.1000000000000017264 -14.218420516348313443
1.2000000000000017319 -13.038059971029928007
1.3000000000000017375 -11.989734715710821725
1.4000000000000017431 -11.052736969599316157
1.5000000000000017486 -10.210676010866821748
1.6000000000000017542 -9.4503610938290733163
1.7000000000000017597 -8.7610238822764276042
1.8000000000000017653 -8.1337636889585030588
1.9000000000000017708 -7.5611430963498176165
2.0000000000000017764 -7.0368875972860548978
2.1000000000000017819 -6.5556587562354948316
2.2000000000000017875 -6.112880333602812364
2.300000000000001793 -5.7046032111446580718
2.4000000000000017986 -5.3273991690700067329
2.5000000000000018041 -4.978276400511030687
2.6000000000000018097 -4.654611595928799494
2.7000000000000018152 -4.3540947923858144254
2.8000000000000018208 -4.0746841528381253423
2.9000000000000018263 -3.8145685426532603612
3.0000000000000018319 -3.5721362856795787316
3.1000000000000018374 -3.345948864505619752
3.200000000000001843 -3.1347186157798758017
3.3000000000000018485 -2.9372896870516651677
3.4000000000000018541 -2.752621684552100681
3.5000000000000018596 -2.5797755647164631945
3.6000000000000018652 -2.4179014157103960348
3.7000000000000018707 -2.266227846038545616
3.8000000000000018763 -2.1240527510287160763
3.9000000000000018818 -1.9907352688484732732
4.0000000000000018874 -1.8656887689840148259
4.1000000000000018929 -1.7483747402829185509
4.2000000000000018985 -1.6382974646116543502
4.300000000000001904 -1.5349993773152856402
4.4000000000000019096 -1.4380570280211669822
4.5000000000000019151 -1.3470775656523923651
4.6000000000000019207 -1.2616956803401830757
4.7000000000000019262 -1.1815709426191838607
4.8000000000000019318 -1.1063854871085886309
4.9000000000000019373 -1.0358419939946840568
4.95 -1.00222325056918
4.955 1.00108073647673
5.0000000000000019429 1.0309897735710200449
5.1000000000000019484 1.0987436275654597749
5.200000000000001954 1.1682194678925717053
5.3000000000000019595 1.239348191913542702
5.4000000000000019651 1.3120609530186508098
5.5000000000000019706 1.3862894770495828688
5.6000000000000019762 1.4619663443187064452
5.7000000000000019817 1.5390252381132166578
5.8000000000000019873 1.6174011608663337588
5.9000000000000019929 1.697030619432892098
6.0000000000000019984 1.7778517811179522537
6.100000000000002004 1.8598046022725533186
6.2000000000000020095 1.9428309313890825477
6.3000000000000020151 2.0268745887028519844
6.4000000000000020206 2.111881424340137377
6.5000000000000020262 2.1977993570496759717
6.6000000000000020317 2.2845783955205634391
6.7000000000000020373 2.3721706442288980079
6.8000000000000020428 2.4605302956739643527
6.9000000000000020484 2.5496136107675608185
7.0000000000000020539 2.6393788890302671281
7.1000000000000020595 2.7297864301317478156
7.200000000000002065 2.8207984881909398105
7.3000000000000020706 2.9123792201295020835
7.4000000000000020761 3.0044946292500255512
7.5000000000000020817 3.0971125050929677288
7.6000000000000020872 3.1902023605119996555
7.7000000000000020928 3.2837353667993869495
7.8000000000000020983 3.3776842875921742946
7.9000000000000021039 3.4720234121947781792
8.0000000000000021094 3.5667284888669804075
8.100000000000002115 3.6617766585464205123
8.2000000000000021205 3.7571463894019272376
8.3000000000000021261 3.8528174125492261034
8.4000000000000021316 3.9487706592009155242
8.5000000000000021372 4.044988199471881703
8.6000000000000021427 4.1414531830135505183
8.7000000000000021483 4.2381497816104047527
8.8000000000000021538 4.3350631338377033275
8.9000000000000021594 4.4321792918460889905
9.0000000000000021649 4.5294851703151493134
9.1000000000000021705 4.6269684975928991699
9.200000000000002176 4.7246177690206179967
9.3000000000000021816 4.8224222024249027278
9.4000000000000021871 4.9203716957470535635
9.5000000000000021927 5.0184567867669560763
9.6000000000000021982 5.1166686148716140214
9.7000000000000022038 5.214998884809968972
9.8000000000000022093 5.3134398323714586947
9.9000000000000022149 5.4119841919203966275
10.00000000000000222 5.510625165717245314
10.100000000000002226 5.6093563949533293074
10.200000000000002232 5.7081719324286086684
10.300000000000002237 5.8070662167968707424
10.400000000000002243 5.9060340483078628458
10.500000000000002248 6.0050705659736100011
10.600000000000002254 6.1041712260890533781
10.700000000000002259 6.2033317820379898088
10.800000000000002265 6.3025482653170877084
10.90000000000000227 6.4018169677144392574
11.000000000000002276 6.5011344245789916186
11.100000000000002282 6.6004973991210116751
11.200000000000002287 6.6999028676860259576
11.300000000000002293 6.7993480059465837091
11.400000000000002298 6.8988301759599167763
11.500000000000002304 6.9983469140398125808
11.600000000000002309 7.0978959193949660894
11.700000000000002315 7.197475043490418081
11.80000000000000232 7.2970822800846233824
11.900000000000002326 7.3967157559052497388
12.000000000000002331 7.4963737219227478278
12.100000000000002337 7.5960545451858173731
12.200000000000002343 7.6957567011821729855
12.300000000000002348 7.7954787666949893075
12.400000000000002354 7.8952194131231406384
12.500000000000002359 7.9949774002324658119
12.600000000000002365 8.0947515703185806942
12.70000000000000237 8.1945408427456832092
12.800000000000002376 8.2943442088455404048
12.900000000000002381 8.394160727151512627
13.000000000000002387 8.4939895189386645778
13.100000000000002393 8.5938297640660321969
13.200000000000002398 8.6936806970846876289
13.300000000000002404 8.7935416036052603826
13.400000000000002409 8.8934118169050844394
13.500000000000002415 8.9932907147587249693
13.60000000000000242 9.0931777164753363286
13.700000000000002426 9.1930722801394139774
13.800000000000002431 9.2929739000230470503
13.900000000000002437 9.3928821041794409643
14.000000000000002442 9.4927964521902919744
14.100000000000002448 9.5927165330646785303
14.200000000000002454 9.6926419632773703635
14.300000000000002459 9.7925723849381427646
14.400000000000002465 9.8925074640755673289
14.50000000000000247 9.9924468890493070426
14.600000000000002476 10.09239036905401366
14.700000000000002481 10.192337632729404525
14.800000000000002487 10.292288426865378546
14.900000000000002492 10.392242515182454053
15.000000000000002498 10.492199677208350926
15.100000000000002504 10.592159707215816911
15.200000000000002509 10.692122413240064123
15.300000000000002515 10.792087616165103525
15.40000000000000252 10.892055148851520742
15.500000000000002526 10.992024855346557089
15.600000000000002531 11.091996590133145052
15.700000000000002537 11.191970217430035386
15.800000000000002542 11.291945610546547608
15.900000000000002548 11.391922651262598211
16.000000000000002554 11.491901229277887808
16.100000000000002559 11.591881241671733818
16.200000000000002565 11.691862592416994628
16.30000000000000257 11.791845191901495122
16.400000000000002576 11.891828956522118095
16.500000000000002581 11.991813808273601264
16.600000000000002587 12.091799674361067808
16.700000000000002592 12.191786486875565585
16.800000000000002598 12.291774182442583805
16.900000000000002603 12.391762701938594735
17.000000000000002609 12.491751990201387843
17.100000000000002615 12.591741995747903174
17.20000000000000262 12.69173267054736056
17.300000000000002626 12.791723969799363853
17.400000000000002631 12.891715851678926687
17.500000000000002637 12.991708277171413523
17.600000000000002642 13.091701209894190113
17.700000000000002648 13.191694615861647887
17.800000000000002653 13.291688463402849867
17.900000000000002659 13.391682722940783173
18.000000000000002665 13.491677366886348224
18.10000000000000267 13.591672369483577765
18.200000000000002676 13.691667706741329265
18.300000000000002681 13.791663356243397705
18.400000000000002687 13.891659297084153871
18.500000000000002692 13.991655509744311382
18.600000000000002698 14.091651976021644848
18.700000000000002703 14.19164867894462172
18.800000000000002709 14.291645602628299233
18.900000000000002714 14.39164273233692393
19.00000000000000272 14.491640054291640079
19.100000000000002726 14.591637555545502669
19.200000000000002731 14.6916352241457342
19.300000000000002737 14.791633048839967711
19.400000000000002742 14.891631019264141968
19.500000000000002748 14.991629125550098978
19.600000000000002753 15.09162735868275349
19.700000000000002759 15.191625710103282354
19.800000000000002764 15.291624171922881501
19.90000000000000277 15.391622736807247401
20.000000000000002776 15.491621397766252492
20.100000000000002781 15.591620148357203072
20.200000000000002787 15.691618982683163702
20.300000000000002792 15.791617894998530535
20.400000000000002798 15.891616880200196528
20.500000000000002803 15.991615933304932568
20.600000000000002809 16.091615049931552393
20.700000000000002814 16.191614225549796472
20.80000000000000282 16.291613456501492745
20.900000000000002826 16.39161273892927383
21.000000000000002831 16.491612069444477131
