404
-20.999999999999999389 -316.79121359779171218
-20.899999999999999384 -315.29121359779169101
-20.799999999999999378 -313.79121359779164135
-20.699999999999999373 -312.29121359779160557
-20.599999999999999367 -310.79121359779156636
-20.499999999999999362 -309.29121359779153045
-20.399999999999999356 -307.79121359779149085
-20.299999999999999351 -306.29121359779144207
-20.199999999999999345 -304.79121359779138506
-20.099999999999999339 -303.2912135977913316
-19.999999999999999334 -301.79121359779123453
-19.899999999999999328 -300.29121359779114028
-19.799999999999999323 -298.7912135977910489
-19.699999999999999317 -297.29121359779095059
-19.599999999999999312 -295.79121359779085024
-19.499999999999999306 -294.29121359779070223
-19.399999999999999301 -292.79121359779052642
-19.299999999999999295 -291.29121359779033419
-19.199999999999999289 -289.79121359779011767
-19.099999999999999284 -288.29121359778982321
-18.999999999999999278 -286.79121359778949438
-18.899999999999999273 -285.29121359778912303
-18.799999999999999267 -283.79121359778869973
-18.699999999999999262 -282.29121359778821763
-18.599999999999999256 -280.79121359778770061
-18.499999999999999251 -279.29121359778706873
-18.399999999999999245 -277.79121359778640563
-18.299999999999999239 -276.29121359778561889
-18.199999999999999234 -274.79121359778469444
-18.099999999999999228 -273.29121359778356544
-17.999999999999999223 -271.79121359778232243
-17.899999999999999217 -270.29121359778087003
-17.799999999999999212 -268.79121359777926743
-17.699999999999999206 -267.29121359777747062
-17.599999999999999201 -265.79121359777530806
-17.499999999999999195 -264.29121359777277131
-17.39999999999999919 -262.7912135977699296
-17.299999999999999184 -261.2912135977667258
-17.199999999999999178 -259.79121359776299469
-17.099999999999999173 -258.2912135977586456
-16.999999999999999167 -256.79121359775372705
-16.899999999999999162 -255.29121359774809971
-16.799999999999999156 -253.7912135977415188
-16.699999999999999151 -252.29121359773407669
-16.599999999999999145 -250.79121359772547162
-16.49999999999999914 -249.29121359771556895
-16.399999999999999134 -247.79121359770426306
-16.299999999999999128 -246.29121359769120497
-16.199999999999999123 -244.79121359767625327
-16.099999999999999117 -243.29121359765909161
-15.999999999999999112 -241.79121359763929483
-15.899999999999999106 -240.29121359761666792
-15.799999999999999101 -238.79121359759061771
-15.699999999999999095 -237.29121359756062521
-15.59999999999999909 -235.79121359752625342
-15.499999999999999084 -234.29121359748676548
-15.399999999999999079 -232.7912135974414179
-15.299999999999999073 -231.29121359738930272
-15.199999999999999067 -229.79121359732945119
-15.099999999999999062 -228.29121359726066939
-14.999999999999999056 -226.79121359718175551
-14.899999999999999051 -225.29121359709097564
-14.799999999999999045 -223.79121359698677975
-14.69999999999999904 -222.29121359686705737
-14.599999999999999034 -220.79121359672958734
-14.499999999999999029 -219.2912135965715723
-14.399999999999999023 -217.79121359639010851
-14.299999999999999017 -216.29121359618167816
-14.199999999999999012 -214.79121359594232807
-14.099999999999999006 -213.2912135956672378
-13.999999999999999001 -211.79121359535132917
-13.899999999999998995 -210.29121359498837522
-13.79999999999999899 -208.79121359457149639
-13.699999999999998984 -207.29121359409264395
-13.599999999999998979 -205.79121359354267732
-13.499999999999998973 -204.29121359291072058
-13.399999999999998967 -202.79121359218491867
-13.299999999999998962 -201.29121359135117796
-13.199999999999998956 -199.79121359039354246
-13.099999999999998951 -198.29121358929334764
-12.999999999999998945 -196.79121358802962859
-12.89999999999999894 -195.29121358657808207
-12.799999999999998934 -193.79121358491059402
-12.699999999999998929 -192.29121358299515177
-12.599999999999998923 -190.79121358079491403
-12.499999999999998918 -189.29121357826749915
-12.399999999999998912 -187.7912135753641961
-12.299999999999998906 -186.29121357202929829
-12.199999999999998901 -184.79121356819840385
-12.099999999999998895 -183.29121356379792465
-11.99999999999999889 -181.79121355874306454
-11.899999999999998884 -180.2912135529365825
-11.799999999999998879 -178.79121354626667518
-11.699999999999998873 -177.29121353860494537
-11.599999999999998868 -175.79121352980392885
-11.499999999999998862 -174.29121351969434017
-11.399999999999998856 -172.79121350808125807
-11.299999999999998851 -171.29121349474145624
-11.199999999999998845 -169.79121347941800357
-11.09999999999999884 -168.2912134618160321
-10.999999999999998834 -166.79121344159662739
-10.899999999999998829 -165.29121341837065213
-10.799999999999998823 -163.79121339169101615
-10.699999999999998818 -162.29121336104417118
-10.599999999999998812 -160.79121332584019701
-10.499999999999998807 -159.29121328540143793
-10.399999999999998801 -157.79121323894946272
-10.299999999999998795 -156.29121318559017969
-10.19999999999999879 -154.79121312429644949
-10.099999999999998784 -153.29121305388844602
-9.9999999999999987788 -151.79121297301085198
-9.8999999999999987732 -150.29121288010692324
-9.7999999999999987677 -148.79121277338826231
-9.6999999999999987621 -147.29121265080071489
-9.5999999999999987566 -145.79121250998458748
-9.499999999999998751 -144.29121234822935704
-9.3999999999999987454 -142.79121216242122633
-9.2999999999999987399 -141.29121194898373384
-9.1999999999999987343 -139.79121170380837277
-9.0999999999999987288 -138.29121142217570864
-8.9999999999999987232 -136.79121109866455626
-8.8999999999999987177 -135.29121072704774418
-8.7999999999999987121 -133.79121030017180946
-8.6999999999999987066 -132.29120980981984697
-8.599999999999998701 -130.79120924655284201
-8.4999999999999986955 -129.29120859952850474
-8.3999999999999986899 -127.79120785629204003
-8.2999999999999986844 -126.29120700253649076
-8.1999999999999986788 -124.79120602182760015
-8.0999999999999986733 -123.29120489528728687
-7.9999999999999986677 -121.79120360123011992
-7.8999999999999986622 -120.29120211474586616
-7.7999999999999986566 -118.79120040722001272
-7.6999999999999986511 -117.29119844578282788
-7.5999999999999986455 -115.79119619267647711
-7.49999999999999864 -114.29119360452810722
-7.3999999999999986344 -112.79119063151474864
-7.2999999999999986289 -111.29118721640393067
-7.1999999999999986233 -109.79118329345141751
-7.0999999999999986178 -108.29117878713576831
-6.9999999999999986122 -106.79117361070320166
-6.8999999999999986067 -105.29116766449720345
-6.7999999999999986011 -103.791160834038847
-6.6999999999999985956 -102.29115298782178635
-6.59999999999999859 -100.79114397477844943
-6.4999999999999985845 -99.291133621369670853
-6.3999999999999985789 -97.791121728240345316
-6.2999999999999985734 -96.291108066377212892
-6.1999999999999985678 -94.791092372694150667
-6.0999999999999985623 -93.291074344959477766
-5.9999999999999985567 -91.791053635967174567
-5.8999999999999985512 -90.291029846838846861
-5.7999999999999985456 -88.79100251932577818
-5.6999999999999985401 -87.290971126962530615
-5.5999999999999985345 -85.790935064899142549
-5.499999999999998529 -84.290893638212963502
-5.3999999999999985234 -82.790846048473311807
-5.2999999999999985179 -81.290791378293581004
-5.1999999999999985123 -79.790728573569407064
-5.0999999999999985068 -78.290656423051666516
-4.9999999999999985012 -76.79057353485060846
-4.8999999999999984956 -75.290478309405703182
-4.7999999999999984901 -73.790368908380999848
-4.6999999999999984845 -72.290243218864516164
-4.599999999999998479 -70.790098812147877821
-4.4999999999999984734 -69.289932896252692509
-4.3999999999999984679 -67.789742261230586944
-4.2999999999999984623 -66.289523216111358177
-4.1999999999999984568 -64.789271516184818536
-4.0999999999999984512 -63.288982279086052841
-3.9999999999999984457 -61.788649887895348087
-3.8999999999999984401 -60.288267879156439684
-3.7999999999999984346 -58.787828813351797028
-3.699999999999998429 -57.287324124937209984
-3.5999999999999984235 -55.786743948507718952
-3.4999999999999984179 -54.286076917033849651
-3.3999999999999984124 -52.785309927327500802
-3.2999999999999984068 -51.284427866950580512
-3.1999999999999984013 -49.78341329560915159
-3.0999999999999983957 -48.282246072623039405
-2.9999999999999983902 -46.780902920252140593
-2.8999999999999983846 -45.27935691037250719
-2.7999999999999983791 -43.777576859099668728
-2.6999999999999983735 -42.275526610241317561
-2.599999999999998368 -40.773164183663907423
-2.4999999999999983624 -39.27044075839618797
-2.3999999999999983569 -37.767299452039674749
-2.2999999999999983513 -36.263673847064283479
-2.1999999999999983458 -34.759486199757513518
-2.0999999999999983402 -33.254645247396678638
-1.9999999999999983347 -31.749043501319022764
-1.8999999999999983291 -30.242553874478731093
-1.7999999999999983236 -28.735025436495923647
-1.699999999999998318 -27.226278008833482559
-1.5999999999999983125 -25.716095194392604844
-1.4999999999999983069 -24.204215258039142864
-1.3999999999999983014 -22.690319001476227318
-1.2999999999999982958 -21.174013345744792432
-1.1999999999999982903 -19.654808637793189777
-1.0999999999999982847 -18.132086531814579215
-0.99999999999999827915 -16.605053272648547661
1.0 -16.605053272648547661
1.1000000000000017264 -15.172223130374641387
1.2000000000000017319 -13.909500003294293192
1.3000000000000017375 -12.788291927551839992
1.4000000000000017431 -11.786403019260890033
1.5000000000000017486 -10.886263798238538927
1.6000000000000017542 -10.073734147488203396
1.7000000000000017597 -9.3372700538535441928
1.8000000000000017653 -8.6673290750374944114
1.9000000000000017708 -8.0559369304924741824
2.0000000000000017764 -7.4963655434185233108
2.1000000000000017819 -6.9828898607971173598
2.2000000000000017875 -6.5106014336491582897
2.300000000000001793 -6.0752635939726867284
2.4000000000000017986 -5.673197577804387785
2.5000000000000018041 -5.3011919790585128109
2.6000000000000018097 -4.9564300008495061695
2.7000000000000018152 -4.6364304261457864119
2.8000000000000018208 -4.3389992647679492733
2.9000000000000018263 -4.0621897824727896064
3.0000000000000018319 -3.8042691676241855467
3.1000000000000018374 -3.563690499874536765
3.200000000000001843 -3.3390689926062050906
3.3000000000000018485 -3.1291617135692383531
3.4000000000000018541 -2.9328501651255000309
3.5000000000000018596 -2.7491252403630935887
3.6000000000000018652 -2.5770741740967245707
3.7000000000000018707 -2.4158691859618249528
3.8000000000000018763 -2.2647575722260252749
3.9000000000000018818 -2.1230530480721164221
4.0000000000000018874 -1.9901281764432628939
4.1000000000000018929 -1.8654077458070079806
4.2000000000000018985 -1.7483629794831262757
4.300000000000001904 -1.6385064750940730417
4.4000000000000019096 -1.5353877854336864709
4.5000000000000019151 -1.4385895624962150325
4.6000000000000019207 -1.3477241952000854923
4.7000000000000019262 -1.2624308789305255352
4.8000000000000019318 -1.1823730617192144041
4.9000000000000019373 -1.1072362178852806009
5.0000000000000019429 -1.0367259054124730359
5.05 -1.00311875469635
5.055 1.00018345437056
5.1000000000000019484 1.030046973140959563
5.200000000000001954 1.0977013435146380246
5.3000000000000019595 1.1670802089691119093
5.4000000000000019651 1.2381146824371686221
5.5000000000000019706 1.3107360909435841567
5.6000000000000019762 1.3848762955329153352
5.7000000000000019817 1.4604679767753479188
5.8000000000000019873 1.537444886691721715
5.9000000000000019929 1.6157420682407487192
6.0000000000000019984 1.695296043775005388
6.100000000000002004 1.7760449740902554489
6.2000000000000020095 1.8579287898645274474
6.3000000000000020151 1.9408892974074713774
6.4000000000000020206 2.0248702607195671305
6.5000000000000020262 2.1098174618987758487
6.6000000000000020317 2.1956787419324289251
6.7000000000000020373 2.2824040238812356267
6.8000000000000020428 2.3699453204040462759
6.9000000000000020484 2.4582567274924131982
7.0000000000000020539 2.5472944061879775787
7.1000000000000020595 2.6370165539470999545
7.200000000000002065 2.7273833672011053549
7.3000000000000020706 2.8183569965391518747
7.4000000000000020761 2.9099014958186696456
7.5000000000000020817 3.0019827663864934268
7.6000000000000020872 3.0945684974750782899
7.7000000000000020928 3.1876281037242017723
7.8000000000000020983 3.2811326606701465681
7.9000000000000021039 3.3750548389417976751
8.0000000000000021094 3.4693688378082512431
8.100000000000002115 3.5640503186353394105
8.2000000000000021205 3.6590763387266657019
8.3000000000000021261 3.7544252859530038789
8.4000000000000021316 3.8500768145072166351
8.5000000000000021372 3.9460117820623483163
8.6000000000000021427 4.0422121885583645986
8.7000000000000021483 4.1386611167961452431
8.8000000000000021538 4.235342674975336779
8.9000000000000021594 4.3322419412784323103
9.0000000000000021649 4.4293449105704574839
9.1000000000000021705 4.5266384432576472876
9.200000000000002176 4.6241102163257818955
9.3000000000000021816 4.7217486765583649613
9.4000000000000021871 4.8195429959188663972
9.5000000000000021927 4.9174830290681742544
9.6000000000000021982 5.0155592729760890553
9.7000000000000022038 5.1137628285772256812
9.8000000000000022093 5.2120853644149569733
9.9000000000000022149 5.3105190822100933282
10.00000000000000222 5.4090566842884596595
10.100000000000002226 5.5076913427971958918
10.200000000000002232 5.6064166706389228445
10.300000000000002237 5.7052266940508027313
10.400000000000002243 5.8041158267558812836
10.500000000000002248 5.903078845614138474
10.600000000000002254 6.0021108677022481495
10.700000000000002259 6.1012073287506400662
10.800000000000002265 6.2003639628700411142
10.90000000000000227 6.2995767835004796679
11.000000000000002276 6.398842065517223518
11.100000000000002282 6.4981563284320039321
11.200000000000002287 6.5975163206290747767
11.300000000000002293 6.6969190045774235092
11.400000000000002298 6.7963615429647185879
11.500000000000002304 6.8958412856997835098
11.600000000000002309 6.9953557577326819547
11.700000000000002315 7.0949026476448004732
11.80000000000000232 7.1944797969633565299
11.900000000000002326 7.2940851901556287841
12.000000000000002331 7.3937169452639117697
12.100000000000002337 7.4933733051402250508
12.200000000000002343 7.5930526292454765364
12.300000000000002348 7.6927533859777346216
12.400000000000002354 7.7924741454951062321
12.500000000000002359 7.8922135730062421575
12.600000000000002365 7.9919704224957317566
12.70000000000000237 8.0917435308567399223
12.800000000000002376 8.1915318124088197343
12.900000000000002381 8.2913342537714224951
13.000000000000002387 8.3911499090761757184
13.100000000000002393 8.4909778954900580291
13.200000000000002398 8.5908173890328469359
13.300000000000002404 8.6906676206728803468
13.400000000000002409 8.790527872675038861
13.500000000000002415 8.8903974751922583454
13.60000000000000242 8.9902758030822101904
13.700000000000002426 9.0901622729332680006
13.800000000000002431 9.1900563402853349612
13.900000000000002437 9.2899574970387068767
14.000000000000002442 9.3898652690310006485
14.100000000000002448 9.4897792137785349819
14.200000000000002454 9.5896989183575790293
14.300000000000002459 9.6896239974440932688
14.400000000000002465 9.7895540914637393787
14.50000000000000247 9.8894888648790046063
14.600000000000002476 9.9894280045824543911
14.700000000000002481 10.089371218402302855
14.800000000000002487 10.18931823370432418
14.900000000000002492 10.28926879608301596
15.000000000000002498 10.389222668152768292
15.100000000000002504 10.489179628401939779
15.200000000000002509 10.589139470134866043
15.300000000000002515 10.689102000487458947
15.40000000000000252 10.789067039497443898
15.500000000000002526 10.889034419240613477
15.600000000000002531 10.989003983027109217
15.700000000000002537 11.088975584658045367
15.800000000000002542 11.188949087713724251
15.900000000000002548 11.288924364901225159
16.000000000000002554 11.388901297451761048
16.100000000000002559 11.488879774543867528
16.200000000000002565 11.588859692772190732
16.30000000000000257 11.688840955650917201
16.400000000000002576 11.78882347315392048
16.500000000000002581 11.888807161284764541
16.600000000000002587 11.988791941658955825
16.700000000000002592 12.088777741155183571
16.800000000000002598 12.188764491535460143
16.900000000000002603 12.288752129131808042
17.000000000000002609 12.388740594533842287
17.100000000000002615 12.488729832319220546
17.20000000000000262 12.588719790778049657
17.300000000000002626 12.688710421641366433
17.400000000000002631 12.788701679892448252
17.500000000000002637 12.888693523518188965
17.600000000000002642 12.98868591332403427
17.700000000000002648 13.088678812742447506
17.800000000000002653 13.188672187649452716
17.900000000000002659 13.288666006200913272
18.000000000000002665 13.388660238683679146
18.10000000000000267 13.4886548573762838
18.200000000000002676 13.588649836450317553
18.300000000000002681 13.688645151724381268
18.400000000000002687 13.788640780727011448
18.500000000000002692 13.888636702449934944
18.600000000000002698 13.988632897244604731
18.700000000000002703 14.088629346869785381
18.800000000000002709 14.188626034257299017
18.900000000000002714 14.288622943472963764
19.00000000000000272 14.388620059663537202
19.100000000000002726 14.488617368973853404
19.200000000000002731 14.58861485846121955
19.300000000000002737 14.688612516073130366
19.400000000000002742 14.788610330536278323
19.500000000000002748 14.888608291349167023
19.600000000000002753 14.988606388751174592
19.700000000000002759 15.088604613507530853
19.800000000000002764 15.188602957219199597
19.90000000000000277 15.288601411789804276
20.000000000000002776 15.388599969861368526
20.100000000000002781 15.488598624507801545
20.200000000000002787 15.58859736926927534
20.300000000000002792 15.688596198010048877
20.400000000000002798 15.788595105232783233
20.500000000000002803 15.888594085647564685
20.600000000000002809 15.988593134393973261
20.700000000000002814 16.088592246721503174
20.80000000000000282 16.18859141852878658
20.900000000000002826 16.288590645866630147
21.000000000000002831 16.388589924895000941
