404
-20.999999999999999389 -42.415037499278751135
-20.899999999999999384 -42.215037499278739244
-20.799999999999999378 -42.01503749927872168
-20.699999999999999373 -41.815037499278704195
-20.599999999999999367 -41.615037499278681851
-20.499999999999999362 -41.415037499278662305
-20.399999999999999356 -41.215037499278632452
-20.299999999999999351 -41.015037499278603067
-20.199999999999999345 -40.815037499278567447
-20.099999999999999339 -40.615037499278526363
-19.999999999999999334 -40.415037499278478299
-19.899999999999999328 -40.215037499278424394
-19.799999999999999323 -40.015037499278361032
-19.699999999999999317 -39.815037499278293951
-19.599999999999999312 -39.615037499278205667
-19.499999999999999306 -39.415037499278116631
-19.399999999999999301 -39.215037499278008277
-19.299999999999999295 -39.015037499277881771
-19.199999999999999289 -38.815037499277735795
-19.099999999999999284 -38.615037499277573994
-18.999999999999999278 -38.415037499277386952
-18.899999999999999273 -38.215037499277165916
-18.799999999999999267 -38.015037499276920043
-18.699999999999999262 -37.815037499276633438
-18.599999999999999256 -37.615037499276304574
-18.499999999999999251 -37.415037499275927593
-18.399999999999999245 -37.215037499275492702
-18.299999999999999239 -37.015037499274994583
-18.199999999999999234 -36.815037499274423492
-18.099999999999999228 -36.615037499273765733
-17.999999999999999223 -36.41503749927300623
-17.899999999999999217 -36.215037499272143972
-17.799999999999999212 -36.015037499271145666
-17.699999999999999206 -35.815037499270003599
-17.599999999999999201 -35.615037499268686534
-17.499999999999999195 -35.415037499267176725
-17.39999999999999919 -35.215037499265446512
-17.299999999999999184 -35.015037499263451841
-17.199999999999999178 -34.815037499261164686
-17.099999999999999173 -34.615037499258535728
-16.999999999999999167 -34.41503749925551441
-16.899999999999999162 -34.215037499252045839
-16.799999999999999156 -34.015037499248061685
-16.699999999999999151 -33.815037499243484679
-16.599999999999999145 -33.615037499238228422
-16.49999999999999914 -33.415037499232188126
-16.399999999999999134 -33.215037499225244493
-16.299999999999999128 -33.015037499217278869
-16.199999999999999123 -32.815037499208131206
-16.099999999999999117 -32.615037499197611911
-15.999999999999999112 -32.415037499185537212
-15.899999999999999106 -32.215037499171661939
-15.799999999999999101 -32.015037499155724507
-15.699999999999999095 -31.815037499137413359
-15.59999999999999909 -31.615037499116384584
-15.499999999999999084 -31.415037499092228774
-15.399999999999999079 -31.21503749906447885
-15.299999999999999073 -31.01503749903260326
-15.199999999999999067 -30.815037498995988565
-15.099999999999999062 -30.61503749895392993
-14.999999999999999056 -30.415037498905616028
-14.899999999999999051 -30.215037498850118067
-14.799999999999999045 -30.015037498786367028
-14.69999999999999904 -29.815037498713136253
-14.599999999999999034 -29.615037498629022994
-14.499999999999999029 -29.415037498532390537
-14.399999999999999023 -29.215037498421392905
-14.299999999999999017 -29.015037498293889869
-14.199999999999999012 -28.815037498147431629
-14.099999999999999006 -28.615037497979193701
-13.999999999999999001 -28.415037497785939556
-13.899999999999998995 -28.215037497563946176
-13.79999999999999899 -28.015037497308940246
-13.699999999999998984 -27.815037497016022381
-13.599999999999998979 -27.615037496679544014
-13.499999999999998973 -27.415037496293032431
-13.399999999999998967 -27.215037495849045978
-13.299999999999998962 -27.015037495339042959
-13.199999999999998956 -26.815037494753200481
-13.099999999999998951 -26.615037494080244642
-12.999999999999998945 -26.415037493307215603
-12.89999999999999894 -26.215037492419247835
-12.799999999999998934 -26.01503749139923861
-12.699999999999998929 -25.815037490227561802
-12.599999999999998923 -25.615037488881648878
-12.499999999999998918 -25.41503748733560133
-12.399999999999998912 -25.215037485559663935
-12.299999999999998906 -25.015037483519644619
-12.199999999999998901 -24.815037481176274268
-12.099999999999998895 -24.615037478484455183
-11.99999999999999889 -24.415037475392363175
-11.899999999999998884 -24.215037471840482187
-11.799999999999998879 -24.015037467760444538
-11.699999999999998873 -23.815037463073710014
-11.599999999999998868 -23.615037457690066163
-11.499999999999998862 -23.415037451505882322
-11.399999999999998856 -23.2150374444021247
-11.299999999999998851 -23.015037436242049784
-11.199999999999998845 -22.815037426868571542
-11.09999999999999884 -22.615037416101285316
-10.999999999999998834 -22.41503740373292019
-10.899999999999998829 -22.215037389525404268
-10.799999999999998823 -22.015037373205248888
-10.699999999999998818 -21.81503735445830797
-10.599999999999998812 -21.61503733292373556
-10.499999999999998807 -21.415037308187003897
-10.399999999999998801 -21.215037279771962642
-10.299999999999998795 -21.015037247131649246
-10.19999999999999879 -20.815037209637775761
-10.099999999999998784 -20.615037166568624946
-9.9999999999999987788 -20.415037117095162057
-9.8999999999999987732 -20.215037060265074588
-9.7999999999999987677 -20.015036994984447855
-9.6999999999999987621 -19.815036919996699063
-9.5999999999999987566 -19.615036833858394074
-9.499999999999998751 -19.415036734911463542
-9.3999999999999987454 -19.215036621251277517
-9.2999999999999987399 -19.015036490690015247
-9.1999999999999987343 -18.815036340714501872
-9.0999999999999987288 -18.615036168437874054
-8.9999999999999987232 -18.415035970543989027
-8.8999999999999987177 -18.215035743223598636
-8.7999999999999987121 -18.015035482101033014
-8.6999999999999987066 -17.815035182149960263
-8.599999999999998701 -17.615034837596636825
-8.4999999999999986955 -17.415034441808779971
-8.3999999999999986899 -17.215033987167890515
-8.2999999999999986844 -17.015033464922608135
-8.1999999999999986788 -16.815032865020259853
-8.0999999999999986733 -16.615032175913353344
-7.9999999999999986677 -16.41503138433729656
-7.8999999999999986622 -16.215030475055059679
-7.7999999999999986566 -16.015029430563891902
-7.6999999999999986511 -15.815028230758401951
-7.5999999999999986455 -15.615026852543540205
-7.49999999999999864 -15.415025269390044663
-7.3999999999999986344 -15.215023450823747439
-7.2999999999999986289 -15.015021361839012831
-7.1999999999999986233 -14.815018962224868904
-7.0999999999999986178 -14.61501620579096005
-6.9999999999999986122 -14.41501303947843399
-6.8999999999999986067 -14.215009402338558964
-6.7999999999999986011 -14.015005224359476897
-6.6999999999999985956 -13.815000425118493234
-6.59999999999999859 -13.614994912233934743
-6.4999999999999985845 -13.414988579586791801
-6.3999999999999985789 -13.214981305277887134
-6.2999999999999985734 -13.014972949281260215
-6.1999999999999985678 -12.814963350748540081
-6.0999999999999985623 -12.614952324912447477
-5.9999999999999985567 -12.414939659529790851
-5.8999999999999985512 -12.214925110795375112
-5.7999999999999985456 -12.014908398648243519
-5.6999999999999985401 -11.814889201379760856
-5.5999999999999985345 -11.614867149439671358
-5.499999999999998529 -11.41484181832083112
-5.3999999999999985234 -11.214812720385513884
-5.2999999999999985179 -11.014779295475705779
-5.1999999999999985123 -10.814740900126491179
-5.0999999999999985068 -10.614696795174497129
-4.9999999999999985012 -10.414646131522494635
-4.8999999999999984956 -10.214587933785550454
-4.7999999999999984901 -10.014521081503185919
-4.6999999999999984845 -9.81444428755492432
-4.599999999999998479 -9.6143560733624130732
-4.4999999999999984734 -9.4142547403991868232
-4.3999999999999984679 -9.2141383374571644626
-4.2999999999999984623 -9.014004623037014174
-4.1999999999999984568 -8.8138510221344501738
-4.0999999999999984512 -8.6136745765852632715
-3.9999999999999984457 -8.4134718880065559012
-3.8999999999999984401 -8.213239052226637916
-3.7999999999999984346 -8.0129715839293837232
-3.699999999999998429 -7.8126643300466371975
-3.5999999999999984235 -7.6123113702104359118
-3.4999999999999984179 -7.4119059023211005999
-3.3999999999999984124 -7.2114401109915423602
-3.2999999999999984068 -7.0109050162868343902
-3.1999999999999984013 -6.8102902997828747379
-3.0999999999999983957 -6.6095841045104853475
-2.9999999999999983902 -6.4087728048208977619
-2.8999999999999983846 -6.207840741592618014
-2.7999999999999983791 -6.006769917483602142
-2.6999999999999983735 -5.8055396460981853979
-2.599999999999998368 -5.6041261479642053775
-2.4999999999999983624 -5.402502085076039752
-2.3999999999999983569 -5.2006360244214199024
-2.2999999999999983513 -4.9984918193357239141
-2.1999999999999983458 -4.7960278956672185328
-2.0999999999999983402 -4.5931964275307961202
-1.9999999999999983347 -4.3899423847986833003
-1.8999999999999983291 -4.1862024313279586841
-1.7999999999999983236 -3.9819036491305476039
-1.699999999999998318 -3.7769620590905081922
-1.5999999999999983125 -3.5712809032124421995
-1.4999999999999983069 -3.3647486464629306295
-1.3999999999999983014 -3.1572366476670073364
-1.2999999999999982958 -2.9485964381345619745
-1.1999999999999982903 -2.7386565330206253154
-1.0999999999999982847 -2.5272186829073709466
-0.99999999999999827915 -2.3140534503908617802
1.0 -2.3140534503908617802
1.1000000000000017264 -2.1129129991677903332
1.2000000000000017319 -1.9346828061189826044
1.3000000000000017375 -1.7756305961164453763
1.4000000000000017431 -1.6328595755265192788
1.5000000000000017486 -1.5040750415759753727
1.6000000000000017542 -1.3874270032961088496
1.7000000000000017597 -1.28140100807815176
1.8000000000000017653 -1.1847405358288323589
1.9000000000000017708 -1.0963906449813112706
2.0000000000000017764 -1.0154562746954062964
2.02 -1.00008983505623
2.03 1.00753467495144
2.1000000000000017819 1.0613303737399951553
2.2000000000000017875 1.1394218909684868464
2.300000000000001793 1.2188932034241621416
2.4000000000000017986 1.2996607148700830862
2.5000000000000018041 1.3816457584048036715
2.6000000000000018097 1.464774263249687723
2.7000000000000018152 1.5489764617170828143
2.8000000000000018208 1.6341866278314103345
2.9000000000000018263 1.7203428411517841975
3.0000000000000018319 1.8073867709163675286
3.1000000000000018374 1.8952634768187917354
3.200000000000001843 1.9839212236275716095
3.3000000000000018485 2.0733113075405035762
3.4000000000000018541 2.1633878926794067787
3.5000000000000018596 2.2541078565164978132
3.6000000000000018652 2.3454306433124225984
3.7000000000000018707 2.4373181248608143278
3.8000000000000018763 2.52973446799286761
3.9000000000000018818 2.6226460084116522203
4.0000000000000018874 2.716021130510060797
4.1000000000000018929 2.8098301528864866703
4.2000000000000018985 2.9040452193149232939
4.300000000000001904 2.9986401949554347161
4.4000000000000019096 3.0935905676109240219
4.5000000000000019151 3.18887335384917523
4.6000000000000019207 3.2844670098177648797
4.7000000000000019262 3.3803513465843150899
4.8000000000000019318 3.4765074498382111192
4.9000000000000019373 3.5729176037915541821
5.0000000000000019429 3.6695652191184534279
5.1000000000000019484 3.7664347647731888809
5.200000000000001954 3.8635117035284775376
5.3000000000000019595 3.9607824310773299941
5.4000000000000019651 4.0582342185425676751
5.5000000000000019706 4.1558551582417515886
5.6000000000000019762 4.2536341125567536043
5.7000000000000019817 4.3515606657605365689
5.8000000000000019873 4.4496250786578973778
5.9000000000000019929 4.5478182458992737687
6.0000000000000019984 4.646131655832349977
6.100000000000002004 4.7445573527593754928
6.2000000000000020095 4.8430879014726440575
6.3000000000000020151 4.9417163539464572414
6.4000000000000020206 5.0404362180669043038
6.5000000000000020262 5.139241428286799183
6.6000000000000020317 5.2381263180973460108
6.7000000000000020373 5.3370855942132697919
6.8000000000000020428 5.4361143123729761555
6.9000000000000020484 5.5352078546585840309
7.0000000000000020539 5.6343619082482263036
7.1000000000000020595 5.7335724455138219186
7.200000000000002065 5.8328357053851889964
7.3000000000000020706 5.9321481759032206913
7.4000000000000020761 6.0315065778898611962
7.5000000000000020817 6.1309078496677354235
7.6000000000000020872 6.2303491327627607302
7.7000000000000020928 6.3298277585309426225
7.8000000000000020983 6.4293412356502392004
7.9000000000000021039 6.528887238423894464
8.0000000000000021094 6.6284635958450533569
8.100000000000002115 6.7280682813727109453
8.2000000000000021205 6.8276994033760847091
8.3000000000000021261 6.9273551962025079664
8.4000000000000021316 7.0270340118314449176
8.5000000000000021372 7.1267343120749491244
8.6000000000000021427 7.2264546612911763505
8.7000000000000021483 7.3261937195764172922
8.8000000000000021538 7.4259502364056225396
8.9000000000000021594 7.5257230446927601688
9.0000000000000021649 7.6255110552413750805
9.1000000000000021705 7.7253132515639239609
9.200000000000002176 7.8251286850422244382
9.3000000000000021816 7.9249564704084347357
9.4000000000000021871 8.0247957815253296999
9.5000000000000021927 8.1246458474461390901
9.6000000000000021982 8.2245059487357307909
9.7000000000000022038 8.3243754140378504125
9.8000000000000022093 8.4242536168644164353
9.9000000000000022149 8.5241399726069683825
10.00000000000000222 8.6240339357383660883
10.100000000000002226 8.7239349972061868493
10.200000000000002232 8.8238426819967549519
10.300000000000002237 8.9237565468627262438
10.400000000000002243 9.0236761782024218787
10.500000000000002248 9.1236011900765620004
10.600000000000002254 9.2235312223622625172
10.700000000000002259 9.3234659390293139903
10.800000000000002265 9.4234050265259618655
10.90000000000000227 9.5233481922811068002
11.000000000000002276 9.6232951632984606974
11.100000000000002282 9.723245684848597735
11.200000000000002287 9.8231995192479904389
11.300000000000002293 9.9231564447197854749
11.400000000000002298 10.023116254329833737
11.500000000000002304 10.12307875499075404
11.600000000000002309 10.223043766540417942
11.700000000000002315 10.323011120874206414
11.80000000000000232 10.422980661142167485
11.900000000000002326 10.522952240988844281
12.000000000000002331 10.622925723856954016
12.100000000000002337 10.722900982336569286
12.200000000000002343 10.822877897535115221
12.300000000000002348 10.922856358530627078
12.400000000000002354 11.022836261820705396
12.500000000000002359 11.122817510828954429
12.600000000000002365 11.222800015456748005
12.70000000000000237 11.322783691623341591
12.800000000000002376 11.422768460885756645
12.900000000000002381 11.52275425004929463
13.000000000000002387 11.622740990824892017
13.100000000000002393 11.722728619491993016
13.200000000000002398 11.822717076588904886
13.300000000000002404 11.922706306652328055
13.400000000000002409 12.02269625791829053
13.500000000000002415 12.122686882094457816
13.60000000000000242 12.222678134118605169
13.700000000000002426 12.322669971952214028
13.800000000000002431 12.422662356365740317
13.900000000000002437 12.522655250762815776
14.000000000000002442 12.62264862097858974
14.100000000000002448 12.722642435171956762
14.200000000000002454 12.822636663592438487
14.300000000000002459 12.922631278515607457
14.400000000000002465 13.022626254053532701
14.50000000000000247 13.122621566058573389
14.600000000000002476 13.222617191997818101
14.700000000000002481 13.322613110855421626
14.800000000000002487 13.422609303006332952
14.900000000000002492 13.522605750158936132
15.000000000000002498 13.622602435220664102
15.100000000000002504 13.722599342287787604
15.200000000000002509 13.822596456465230301
15.300000000000002515 13.922593763908194196
15.40000000000000252 14.022591251648171753
15.500000000000002526 14.122588907618369709
15.600000000000002531 14.222586720589248941
15.700000000000002537 14.32258468000565658
15.800000000000002542 14.422582776040460721
15.900000000000002548 14.522580999619543343
16.000000000000002554 14.622579342136463526
16.100000000000002559 14.722577795665310455
16.200000000000002565 14.822576352741798731
16.30000000000000257 14.922575006438244843
16.400000000000002576 15.022573750313759272
16.500000000000002581 15.122572578289501548
16.600000000000002587 15.222571484788452192
16.700000000000002592 15.322570464510060553
16.800000000000002598 15.422569512518662155
16.900000000000002603 15.522568624271390789
17.000000000000002609 15.622567795523726006
17.100000000000002615 15.722567022338231176
17.20000000000000262 15.822566300828372526
17.300000000000002626 15.922565627682714523
17.400000000000002631 16.022564999654138969
17.500000000000002637 16.122564413655777079
17.600000000000002642 16.22256386681049133
17.700000000000002648 16.32256335669655134
17.800000000000002653 16.422562880660925372
17.900000000000002659 16.522562436671077218
18.000000000000002665 16.622562022306599862
18.10000000000000267 16.722561635587848598
18.200000000000002676 16.822561274897922899
18.300000000000002681 16.922560938350214802
18.400000000000002687 17.022560624320222989
18.500000000000002692 17.122560331176111715
18.600000000000002698 17.222560057919335045
18.700000000000002703 17.322559802714250623
18.800000000000002709 17.422559564806850886
18.900000000000002714 17.522559342711098453
19.00000000000000272 17.622559135706700249
19.100000000000002726 17.72255894229820721
19.200000000000002731 17.822558761855657537
19.300000000000002737 17.92255859351046661
19.400000000000002742 18.022558436562202504
19.500000000000002748 18.12255829024940561
19.600000000000002753 18.222558153367208662
19.700000000000002759 18.322558026081094962
19.800000000000002764 18.422557907009395017
19.90000000000000277 18.522557796005234967
20.000000000000002776 18.622557692263349272
20.100000000000002781 18.722557595889294295
20.200000000000002787 18.822557505419772703
20.300000000000002792 18.922557421450449674
20.400000000000002798 19.022557342492359564
20.500000000000002803 19.122557269169546858
20.600000000000002809 19.222557201092088319
20.700000000000002814 19.32255713741062622
20.80000000000000282 19.422557078238104848
20.900000000000002826 19.522557021838012406
21.000000000000002831 19.622556970251081448
