601
-21 -358.880086009296675555361381429
-20.9499999999999999972244424384 -358.030086009296664699050800377
-20.8999999999999999944488848769 -357.180086009296653066931811957
-20.8499999999999999916733273153 -356.330086009296640603321960507
-20.7999999999999999888977697537 -355.48008600929662724854226772
-20.7499999999999999861222121922 -354.630086009296612938630388375
-20.6999999999999999833466546306 -353.780086009296597605033178263
-20.6499999999999999805710970691 -352.930086009296581174277196648
-20.5999999999999999777955395075 -352.080086009296563567615559546
-20.5499999999999999750199819459 -351.230086009296544700649446447
-20.4999999999999999722444243844 -350.380086009296524482922441258
-20.4499999999999999694688668228 -349.530086009296502817485757697
-20.3999999999999999666933092612 -348.680086009296479600432259398
-20.3499999999999999639177516997 -347.830086009296454720397035038
-20.2999999999999999611421941381 -346.980086009296428058022128003
-20.2499999999999999583666365766 -346.130086009296399485382847852
-20.199999999999999955591079015 -345.280086009296368865372906165
-20.1499999999999999528155214534 -344.43008600929633605104542147
-20.0999999999999999500399638919 -343.5800860092963008849066258
-20.0499999999999999472644063303 -342.730086009296263198158878135
-19.9999999999999999444888487687 -341.880086009296222809889346289
-19.9499999999999999417132912072 -341.030086009296179526200457693
-19.8999999999999999389377336456 -340.18008600929613313927793962
-19.8499999999999999361621760841 -339.330086009296083426391969422
-19.7999999999999999333866185225 -338.48008600929603014882663387
-19.7499999999999999306110609609 -337.630086009295973050732552081
-19.6999999999999999278355033994 -336.780086009295911857897147217
-19.6499999999999999250599458378 -335.93008600929584627642665633
-19.5999999999999999222843882762 -335.080086009295775991333543487
-19.5499999999999999195088307147 -334.230086009295700665022526645
-19.4999999999999999167332731531 -333.380086009295619935667941433
-19.4499999999999999139577155916 -332.530086009295533415474642713
-19.39999999999999991118215803 -331.680086009295440688814085027
-19.3499999999999999084066004684 -330.830086009295341310226623077
-19.2999999999999999056310429069 -329.980086009295234802280430406
-19.2499999999999999028554853453 -329.130086009295120653276745243
-19.1999999999999999000799277837 -328.28008600929499831479041391
-19.1499999999999998973043702222 -327.430086009294867199033910509
-19.0999999999999998945288126606 -326.58008600929472667603216317
-19.049999999999999891753255099 -325.730086009294576070594607804
-18.9999999999999998889776975375 -324.880086009294414659069915663
-18.9499999999999998862021399759 -324.030086009294241665867796468
-18.8999999999999998834265824144 -323.180086009294056259731159294
-18.8499999999999998806510248528 -322.330086009293857549740713543
-18.7999999999999998778754672912 -321.480086009293644581032806289
-18.7499999999999998750999097297 -320.630086009293416330209913983
-18.6999999999999998723243521681 -319.780086009293171700421729261
-18.6499999999999998695487946065 -318.930086009292909516093200311
-18.599999999999999866773237045 -318.080086009292628517274183382
-18.5499999999999998639976794834 -317.23008600929232735358355028
-18.4999999999999998612221219219 -316.380086009292004577718643493
-18.4499999999999998584465643603 -315.53008600929165863849888244
-18.3999999999999998556710067987 -314.680086009291287873410085251
-18.3499999999999998528954492372 -313.8300860092908905006136707
-18.2999999999999998501198916756 -312.980086009290464610382332905
-18.249999999999999847344334114 -312.130086009290008155921024736
-18.1999999999999998445687765525 -311.28008600928951894352913142
-18.1499999999999998417932189909 -310.43008600928899462205654929
-18.0999999999999998390176614294 -309.580086009288432671602990788
-18.0499999999999998362421038678 -308.730086009287830391406199465
-17.9999999999999998334665463062 -307.880086009287184886860860228
-17.9499999999999998306909887447 -307.030086009286493055605811834
-17.8999999999999998279154311831 -306.180086009285751572612690447
-17.8499999999999998251398736215 -305.330086009284956874204333512
-17.79999999999999982236431606 -304.48008600928410514092612914
-17.7499999999999998195887584984 -303.630086009283192279187982928
-17.6999999999999998168132009368 -302.780086009282213901588665172
-17.6499999999999998140376433753 -301.93008600928116530582796835
-17.5999999999999998112620858137 -301.080086009280041452105317132
-17.5499999999999998084865282522 -300.230086009278836938896198374
-17.4999999999999998057109706906 -299.380086009277545976989981608
-17.449999999999999802935413129 -298.530086009276162361664344025
-17.3999999999999998001598555675 -297.680086009274679442862557579
-17.3499999999999997973842980059 -296.830086009273090093230296733
-17.2999999999999997946087404443 -295.98008600927138667385833722
-17.2499999999999997918331828828 -295.130086009269560997566489667
-17.1999999999999997890576253212 -294.280086009267604289552294017
-17.1499999999999997862820677597 -293.430086009265507145215334483
-17.0999999999999997835065101981 -292.580086009263259484954459551
-17.0499999999999997807309526365 -291.730086009260850505720641948
-16.999999999999999777955395075 -290.880086009258268629092619611
-16.9499999999999997751798375134 -290.030086009255501445625745623
-16.8999999999999997724042799518 -289.180086009252535655206562406
-16.8499999999999997696287223903 -288.330086009249357003126417175
-16.7999999999999997668531648287 -287.480086009245950211566859427
-16.7499999999999997640776072672 -286.630086009242298906167508163
-16.6999999999999997613020497056 -285.780086009238385537323440676
-16.649999999999999758526492144 -284.930086009234191295833822411
-16.5999999999999997557509345825 -284.08008600922969602249634692
-16.5499999999999997529753770209 -283.230086009224878111212955726
-16.4999999999999997501998194593 -282.38008600921971440514112019
-16.4499999999999997474242618978 -281.530086009214180085391541292
-16.3999999999999997446487043362 -280.680086009208248551737297917
-16.3499999999999997418731467747 -279.830086009201891294761077654
-16.2999999999999997390975892131 -278.980086009195077758825971637
-16.2499999999999997363220316515 -278.130086009187775195211208839
-16.19999999999999973354647409 -277.280086009179948504706933471
-16.1499999999999997307709165284 -276.430086009171560068911464514
-16.0999999999999997279953589668 -275.580086009162569569420175385
-16.0499999999999997252198014053 -274.730086009152933794036933408
-15.9999999999999997224442438437 -273.880086009142606429076663248
-15.9499999999999997196686862821 -273.030086009131537836760746121
-15.8999999999999997168931287206 -272.18008600911967481663531597
-15.849999999999999714117571159 -271.330086009106960349865720602
-15.7999999999999997113420135975 -270.480086009093333325178110844
-15.7499999999999997085664560359 -269.630086009078728245130908525
-15.6999999999999997057908984743 -268.780086009063074911304360583
-15.6499999999999997030153409128 -267.93008600904629808689505732
-15.5999999999999997002397833512 -267.080086009028317135093690832
-15.5499999999999996974642257896 -266.230086009009045631507932883
-15.4999999999999996946886682281 -265.380086008988390948767560573
-15.4499999999999996919131106665 -264.530086008966253811315253357
-15.399999999999999689137553105 -263.680086008942527818243183812
-15.3499999999999996863619955434 -262.830086008917098931881938071
-15.2999999999999996835864379818 -261.98008600888984492968369202
-15.2499999999999996808108804203 -261.130086008860634816765144852
-15.1999999999999996780353228587 -260.280086008829328196286624499
-15.1499999999999996752597652971 -259.430086008795774594641120944
-15.0999999999999996724842077356 -258.580086008759812738209799408
-15.049999999999999669708650174 -257.730086008721269778207751894
-14.9999999999999996669330926125 -256.88008600867996045989424367
-14.9499999999999996641575350509 -256.030086008635686232154301757
-14.8999999999999996613819774893 -255.180086008588234293171890061
-14.8499999999999996586064199278 -254.330086008537376567607742913
-14.7999999999999996558308623662 -253.480086008482868610365709032
-14.7499999999999996530553048046 -252.630086008424448431678608945
-14.6999999999999996502797472431 -251.780086008361835237866434728
-14.6499999999999996475041896815 -250.93008600829472808171440386
-14.5999999999999996447286321199 -250.080086008222804415983970912
-14.5499999999999996419530745584 -249.230086008145718543104313781
-14.4999999999999996391775169968 -248.380086008063099953592807283
-14.4499999999999996364019594353 -247.530086007974551545218177891
-14.3999999999999996336264018737 -246.680086007879647714346828438
-14.3499999999999996308508443121 -245.830086007777932310298475847
-14.2999999999999996280752867506 -244.980086007668916442878805332
-14.249999999999999625299729189 -244.130086007552076132551146515
-14.1999999999999996225241716274 -243.280086007426849791952828406
-14.1499999999999996197486140659 -242.430086007292635526651236003
-14.0999999999999996169730565043 -241.580086007148788242165774972
-14.0499999999999996141974989428 -240.73008600699461654335077666
-13.9999999999999996114219413812 -239.880086006829379411236367834
-13.9499999999999996086463838196 -239.030086006652282641354691152
-13.8999999999999996058708262581 -238.180086006462475026432452371
-13.8499999999999996030952686965 -237.330086006259044265102078372
-13.7999999999999996003197111349 -236.480086006041012576966890701
-13.7499999999999995975441535734 -235.630086005807332002944302859
-13.6999999999999995947685960118 -234.780086005556879368298352304
-13.6499999999999995919930384503 -233.930086005288450884151609202
-13.5999999999999995892174808887 -233.080086005000756361528870961
-13.5499999999999995864419233271 -232.230086004692413010122702512
-13.4999999999999995836663657656 -231.380086004361938791974865903
-13.449999999999999580890808204 -230.530086004007745298128405318
-13.3999999999999995781152506424 -229.680086003628130114012332616
-13.3499999999999995753396930809 -228.830086003221268636863473718
-13.2999999999999995725641355193 -227.980086002785205305856276175
-13.2499999999999995697885779578 -227.130086002317844202788584029
-13.1999999999999995670130203962 -226.280086001816938978145989928
-13.1499999999999995642374628346 -225.430086001280082054124834894
-13.0999999999999995614619052731 -224.580086000704693052718658057
-13.0499999999999995586863477115 -223.730086000088006393248198198
-12.9999999999999995559107901499 -222.880085999427057999723013493
-12.9499999999999995531352325884 -222.030085998718671054144227774
-12.8999999999999995503596750268 -221.180085997959440727272266137
-12.8499999999999995475841174652 -220.330085997145717813468669046
-12.7999999999999995448085599037 -219.480085996273591190953549447
-12.7499999999999995420330023421 -218.630085995338869023174663577
-12.6999999999999995392574447806 -217.780085994337058610933267655
-12.649999999999999536481887219 -216.930085993263344798426846477
-12.5999999999999995337063296574 -216.080085992112566829418255546
-12.5499999999999995309307720959 -215.230085990879193542291408107
-12.4999999999999995281552145343 -214.380085989557296784769556805
-12.4499999999999995253796569727 -213.530085988140522920515091146
-12.3999999999999995226040994112 -212.680085986622062290658466816
-12.3499999999999995198285418496 -211.830085984994616483474319209
-12.2999999999999995170529842881 -210.980085983250363254887745571
-12.2499999999999995142774267265 -210.130085981380918931202530937
-12.1999999999999995115018691649 -209.280085979377298113341471408
-12.1499999999999995087263116034 -208.430085977229870488918747531
-12.0999999999999995059507540418 -207.580085974928314544563179207
-12.0499999999999995031751964802 -206.730085972461567956012335582
-11.9999999999999995003996389187 -205.880085969817774417529267013
-11.9499999999999994976240813571 -205.030085966984226655079319769
-11.8999999999999994948485237956 -204.180085963947305349361827032
-11.849999999999999492072966234 -203.33008596069241367513227728
-11.7999999999999994892974086724 -202.480085957203907142180350176
-11.7499999999999994865218511109 -201.630085953465018400746705764
-11.6999999999999994837462935493 -200.780085949457776649958070544
-11.6499999999999994809707359877 -199.930085945162921261919648991
-11.5999999999999994781951784262 -199.080085940559809206301515965
-11.5499999999999994754196208646 -198.230085935626315830457779727
-11.4999999999999994726440633031 -197.380085930338728518180720464
-11.4499999999999994698685057415 -196.530085924671632715963298723
-11.3999999999999994670929481799 -195.680085918597789778957866925
-11.3499999999999994643173906184 -194.83008591208800604950027126
-11.2999999999999994615418330568 -193.980085905110992538927809908
-11.2499999999999994587662754952 -193.130085897633214538254160567
-11.1999999999999994559907179337 -192.280085889618730434857310624
-11.1499999999999994532151603721 -191.430085881029018960455039107
-11.0999999999999994504396028105 -190.580085871822794040037231729
-11.049999999999999447664045249 -189.730085861955806351827979648
-10.9999999999999994448884876874 -188.880085851380630644476554689
-10.9499999999999994421129301259 -188.030085840046437789217942078
-10.8999999999999994393373725643 -187.180085827898750471371581095
-10.8499999999999994365618150027 -186.330085814879181346908629066
-10.7999999999999994337862574412 -185.480085800925152405535422962
-10.7499999999999994310106998796 -184.630085785969594191408730409
-10.699999999999999428235142318 -183.780085769940623435782641308
-10.6499999999999994254595847565 -182.930085752761197552122166426
-10.5999999999999994226840271949 -182.080085734348744333005987166
-10.5499999999999994199084696334 -181.230085714614765068945742551
-10.4999999999999994171329120718 -180.380085693464409181498770524
-10.4499999999999994143573545102 -179.530085670796018326131234634
-10.3999999999999994115817969487 -178.680085646500637773540873121
-10.3499999999999994088062393871 -177.830085620461492720867764274
-10.2999999999999994060306818255 -176.980085592553427015651426124
-10.249999999999999403255124264 -176.130085562642301594722897146
-10.1999999999999994004795667024 -175.280085530584349746582638256
-10.1499999999999993977040091409 -174.430085496225486098278260966
-10.0999999999999993949284515793 -173.580085459400566005362496074
-10.0499999999999993921528940177 -172.730085419932591785112113708
-9.99999999999999938937733645616 -171.880085377631861977676554767
-9.9499999999999993866017788946 -171.030085332295059545972411345
-9.89999999999999938382622133304 -170.180085283704274631629973935
-9.84999999999999938105066377148 -169.330085231625957169719684584
-9.79999999999999937827510620991 -168.48008517580979432782700885
-9.74999999999999937549954864835 -167.63008511598750737368287085
-9.69999999999999937272399108679 -166.780085051871562188255881689
-9.64999999999999936994843352522 -165.930084983153787226109857387
-9.59999999999999936717287596366 -165.080084909503892279929556196
-9.5499999999999993643973184021 -164.230084830567880929279808543
-9.49999999999999936162176084053 -163.380084745966349042595259106
-9.44999999999999935884620327897 -162.530084655292661153642092726
-9.39999999999999935607064571741 -161.680084558110995946615148844
-9.34999999999999935329508815585 -160.830084453954251454810300636
-9.29999999999999935051953059428 -159.98008434232179990341662225
-9.24999999999999934774397303272 -159.130084222677081404162024684
-9.19999999999999934496841547116 -158.280084094445024934843005723
-9.14999999999999934219285790959 -157.43008395700928420644743396
-9.09999999999999933941730034803 -156.580083809709275130644609749
-9.04999999999999933664174278647 -155.730083651837000646587929307
-8.99999999999999933386618522491 -154.880083482633647643663355788
-8.94999999999999933109062766334 -154.030083301285939621102786702
-8.89999999999999932831507010178 -153.180083106922227550992953552
-8.84999999999999932553951254022 -152.330082898608300152496336356
-8.79999999999999932276395497865 -151.480082675342893436003055242
-8.74999999999999931998839741709 -150.630082436052877929958575495
-8.69999999999999931721283985553 -149.780082179588100453301141947
-8.64999999999999931443728229397 -148.930081904715855635334353502
-8.5999999999999993116617247324 -148.080081610114960604456722753
-8.54999999999999930888616717084 -147.230081294369404358898579112
-8.49999999999999930611060960928 -146.380080955961541287287520139
-8.44999999999999930333505204771 -145.530080593264796114625650799
-8.39999999999999930055949448615 -144.680080204535845199554791094
-8.34999999999999929778393692459 -143.830079787906236590289049225
-8.29999999999999929500837936303 -142.980079341373408547171743853
-8.24999999999999929223282180146 -142.130078862791063346455507732
-8.1999999999999992894572642399 -141.280078349858850078662991702
-8.14999999999999928668170667834 -140.430077800111306830808149374
-8.09999999999999928390614911677 -139.580077210906009078813845441
-8.04999999999999928113059155521 -138.730076579410867297463624644
-7.99999999999999927835503399365 -137.880075902590512701747140961
-7.94999999999999927557947643209 -137.030075177191705645743387883
-7.89999999999999927280391887052 -136.180074399727696502050545628
-7.84999999999999927002836130896 -135.330073566461463803503052344
-7.7999999999999992672528037474 -134.480072673387749025161283531
-7.74999999999999926447724618583 -133.63007171621380159220220866
-7.69999999999999926170168862427 -132.78007069033874149037690634
-7.64999999999999925892613106271 -131.930069590831440200102539913
-7.59999999999999925615057350115 -131.08006841240681354081741822
-7.54999999999999925337501593958 -130.230067149400412364409663654
-7.49999999999999925059945837802 -129.380065795741188838290063346
-7.44999999999999924782390081646 -128.530064344922307270287366856
-7.39999999999999924504834325489 -127.680062789969859006384041136
-7.34999999999999924227278569333 -126.830061123409330832669625956
-7.29999999999999923949722813177 -125.980059337229665485729564139
-7.2499999999999992367216705702 -125.130057422844741268401585321
-7.19999999999999923394611300864 -124.280055371052085323977127097
-7.14999999999999923117055544708 -123.430053171988621780941597082
-7.09999999999999922839499788552 -122.580050815083241677250679189
-7.04999999999999922561944032395 -121.730048289005966238194036162
-6.99999999999999922284388276239 -120.880045581613458640259563952
-6.94999999999999922006832520083 -120.030042679890621764749299942
-6.89999999999999921729276763926 -119.180039569888000542980944038
-6.8499999999999992145172100777 -118.330036236654687227162351732
-6.79999999999999921174165251614 -117.480032664166406188054580267
-6.74999999999999920896609495458 -116.630028835248431535609072161
-6.69999999999999920619053739301 -115.780024731492965867249050978
-6.64999999999999920341497983145 -114.93002033317058164724120557
-6.59999999999999920063942226989 -114.080015619135297977402794991
-6.54999999999999919786386470832 -113.230010566722834692095068572
-6.49999999999999919508830714676 -112.380005151641552646342424187
-6.4499999999999991923127495852 -111.529999347855553600834363095
-6.39999999999999918953719202364 -110.679993127459375065040442941
-6.34999999999999918676163446207 -109.829986460543674649938981607
-6.29999999999999918398607690051 -108.979979315051254700839816921
-6.24999999999999918121051933895 -108.129971656622731008916583535
-6.19999999999999917843496177738 -107.279963448431099001104324056
-6.14999999999999917565940421582 -106.429954651004396727677672884
-6.09999999999999917288384665426 -105.57994522203560593132563733
-6.0499999999999991701082890927 -104.729935116178870196027362685
-5.99999999999999916733273153113 -103.879924284831042320853241212
-5.94999999999999916455717396957 -103.029912675897501300627158957
-5.89999999999999916178161640801 -102.179900233541102253110271446
-5.84999999999999915900605884644 -101.329886897913039912944195441
-5.79999999999999915623050128488 -100.479872604864317486525939212
-5.74999999999999915345494372332 -99.6298572856364172656605148134
-5.69999999999999915067938616176 -98.7798408665296669305667583547
-5.64999999999999914790382860019 -97.9298232685476853936191551241
-5.59999999999999914512827103863 -97.0798044070161737592727581173
-5.54999999999999914235271347707 -96.2297841911741898703755305533
-5.4999999999999991395771559155 -95.3797625237359082919199956338
-5.44999999999999913680159835394 -94.5297393004207207088476772975
-5.39999999999999913402604079238 -93.6797144094493737814189166471
-5.34999999999999913125048323082 -92.8296877310036716387435909816
-5.29999999999999912847492566925 -91.9796591366470874530108931688
-5.24999999999999912569936810769 -91.1296284887034318971787067866
-5.19999999999999912292381054613 -90.2795956395905146316866539945
-5.14999999999999912014825298456 -89.4295604311055070775865102153
-5.099999999999999117372695423 -88.5795226936584692932038792276
-5.04999999999999911459713786144 -87.7294822454502393395033308459
-4.99999999999999911182158029987 -86.8794388915905985256622944267
-4.94999999999999910904602273831 -86.0293924231523186568761667084
-4.89999999999999910627046517675 -85.1793426161563659878717662734
-4.84999999999999910349490761519 -84.3292892304831789686386543656
-4.79999999999999910071935005362 -83.4792320087045508089897031696
-4.74999999999999909794379249206 -82.6291706748302309246778761207
-4.6999999999999990951682349305 -81.7791049329629087582303189169
-4.64999999999999909239267736893 -80.9290344658547563229153190544
-4.59999999999999908961711980737 -80.0789589333581788303589338308
-4.54999999999999908684156224581 -79.2288779707628523301419392642
-4.49999999999999908406600468425 -78.3787911870105094396579151505
-4.44999999999999908129044712268 -77.5286981627782645840286567881
-4.39999999999999907851488956112 -76.6785984484205438407815978638
-4.34999999999999907573933199956 -75.8284915617588961089547031634
-4.29999999999999907296377443799 -74.9783769857081059232131335442
-4.24999999999999907018821687643 -74.1282541657260971707615394479
-4.19999999999999906741265931487 -73.2781225070741038515490418317
-4.14999999999999906463710175331 -72.427981371872480610779578613
-4.09999999999999906186154419174 -71.5778300759363228662468267956
-4.04999999999999905908598663018 -70.727667885373753660853171331
-3.99999999999999905631042906862 -69.8774940129283003643255222187
-3.94999999999999905353487150705 -69.0273076140452160907807731479
-3.89999999999999905075931394549 -68.1771077826398836487119435271
-3.84999999999999904798375638393 -67.3268935465445576234886842137
-3.79999999999999904520819882237 -66.4766638626076343411975919511
-3.7499999999999990424326412608 -65.6264176114173691089313314888
-3.69999999999999903965708369924 -64.776153591619461649978972117
-3.64999999999999903688152613768 -63.9258705137951772682322719051
-3.59999999999999903410596857611 -63.0755669938636325568070497815
-3.54999999999999903133041101455 -62.2252415459685157813029798597
-3.49999999999999902855485345299 -61.374892574805793931844793433
-3.44999999999999902577929589143 -60.524518367344835741005525788
-3.39999999999999902300373832986 -59.6741170838908010756553478225
-3.3499999999999990202281807683 -58.8236867484310528179883652911
-3.29999999999999901745262320674 -57.9732252382026696146932762674
-3.24999999999999901467706564517 -57.1227302724117983517113474844
-3.19999999999999901190150808361 -56.2721994000284935162710722221
-3.14999999999999900912595052205 -55.4216299865727422303002754702
-3.09999999999999900635039296048 -54.5710191997984475894484461269
-3.04999999999999900357483539892 -53.7203639941720984076239877221
-2.99999999999999900079927783736 -52.8696610940315269002927365137
-2.9499999999999989980237202758 -52.0189069752973563445704835762
-2.89999999999999899524816271423 -51.1680978455952451216403078906
-2.84999999999999899247260515267 -50.3172296226305801509692093296
-2.79999999999999898969704759111 -49.4662979106385541409264201904
-2.74999999999999898692149002954 -48.6152979747112151305213014453
-2.69999999999999898414593246798 -47.7642247127786756641682426861
-2.64999999999999898137037490642 -46.9130726249937058731861264691
-2.59999999999999897859481734486 -46.062003270202748948999101966
-2.54999999999999897581925978329 -45.2106372309616507455415710235
-2.49999999999999897304370222173 -44.3590817152396759712921766618
-2.44999999999999897026814466017 -43.5075501279273067233204848253
-2.3999999999999989674925870986 -42.6559049565934053220530259171
-2.34999999999999896471702953704 -41.8041374855629636063903727662
-2.29999999999999896194147197548 -40.9522382851264233483623512091
-2.24999999999999895916591441392 -40.1001971459863590128028013692
-2.19999999999999895639035685235 -39.2480030065869444245870662447
-2.14999999999999895361479929079 -38.3956438723839651848350131229
-2.09999999999999895083924172923 -37.543106725962177802594695823
-2.04999999999999894806368416766 -36.6903774267273454846410946374
-1.9999999999999989452881266061 -35.8374405986860903245195687659
-1.94999999999999894251256904454 -34.984279504570044159373162165
-1.89999999999999893973701148298 -34.1308759042519379583736712181
-1.84999999999999893696145392141 -33.2772098950279896148835364899
-1.79999999999999893418589635985 -32.4232597308876973530239153238
-1.74999999999999893141033879829 -31.5690016173391083915126833947
-1.69999999999999892863478123672 -30.7144094776793873845531251703
-1.64999999999999892585922367516 -29.8594546857642230396368985735
-1.5999999999999989230836661136 -29.0041057592925896320795078243
-1.54999999999999892030810855204 -28.1483280063297045713170230342
-1.49999999999999891753255099047 -27.2920831161668964922329322677
-1.44999999999999891475699342891 -26.4353286835643400771728866968
-1.39999999999999891198143586735 -25.5780176528094827056032926222
-1.34999999999999890920587830578 -24.7200976646720972301327432158
-1.29999999999999890643032074422 -23.8615102850023492506923513287
-1.24999999999999890365476318266 -23.0021900880641470153904308662
-1.1999999999999989008792056211 -22.1420635602517603570724342833
-1.14999999999999889810364805953 -21.2810477799381446013444822818
-1.09999999999999889532809049797 -20.4190488158965250624193149323
-1.04999999999999889255253293641 -19.5559597686409666874348317816
1 -18.6916583541119776071065349706
1.10000000000000000555111512313 -17.0713876137781069471263313944
1.20000000000000001110223024625 -15.6440189438102251155594058734
1.30000000000000001665334536938 -14.3771289546741017361226562006
1.4000000000000000222044604925 -13.2455453663490548123225149806
1.50000000000000002775557561563 -12.229341025189487833671738495
1.60000000000000003330669073875 -11.3124769650733627382029674926
1.70000000000000003885780586188 -10.48185779016350092736045502
1.80000000000000004440892098501 -9.72665763296903838211142374028
1.90000000000000004996003610813 -9.03782872485092910533665883032
2.00000000000000005551115123126 -8.40773627551354651098304883982
2.10000000000000006106226635438 -7.82988263140470979902429100035
2.20000000000000006661338147751 -7.29869576634555054004259225013
2.30000000000000007216449660064 -6.80937871041981161958239050098
2.40000000000000007771561172376 -6.3577114163887219783332236129
2.50000000000000008326672684689 -5.94008579209041759138667749572
2.60000000000000008881784197001 -5.55328540634047150912152954789
2.70000000000000009436895709314 -5.19448749108792366511144306549
2.80000000000000009992007221626 -4.86119445060708112117328722326
2.90000000000000010547118733939 -4.55118871801332851731724827876
3.00000000000000011102230246252 -4.26249519027951810907988142733
3.10000000000000011657341758564 -3.99334970972610717036599380486
3.20000000000000012212453270877 -3.74217240588777532070926488605
3.30000000000000012767564783189 -3.50754497545135110969747661298
3.40000000000000013322676295502 -3.28819118069366427406327807461
3.50000000000000013877787807814 -3.08296000334493841545126493857
3.60000000000000014432899320127 -2.89081101174496288642167683151
3.7000000000000001498801083244 -2.71080159246634341323697735875
3.80000000000000015543122344752 -2.5420757692975491357164947684
3.90000000000000016098233857065 -2.3838543873391265304111768462
4.00000000000000016653345369377 -2.23542648173574697793738360684
4.1000000000000001720845688169 -2.09614168226793307201764806819
4.20000000000000017763568394003 -1.96540352908561076044674864354
4.30000000000000018318679906315 -1.84266359321092254931534892071
4.40000000000000018873791418628 -1.72741630958429922141230050045
4.5000000000000001942890293094 -1.61919444154183127667217671249
4.60000000000000019984014443253 -1.5175651045716033221210380241
4.70000000000000020539125955565 -1.42212628464590044592588364137
4.80000000000000021094237467878 -1.3325037928233483825351598007
4.90000000000000021649348980191 -1.24834860347483467983342933149
5.00000000000000022204460492503 -1.16933452861652919375822665286
5.10000000000000022759572004816 -1.09515618556147350231514265153
5.20000000000000023314683517128 -1.02552721950267301573566874272
5.30000000000000023869795029441 1.04095167474263914211333778472
5.40000000000000024424906541753 1.1087708962891978062208404946
5.50000000000000024980018054066 1.17830590009585164200915688946
5.60000000000000025535129566379 1.24948815644529916994196378484
5.70000000000000026090241078691 1.32224934455560042254528019788
5.80000000000000026645352591004 1.39652167167875795431323682429
5.90000000000000027200464103316 1.47223815788385733777108478984
6.00000000000000027755575615629 1.54933288734771905963321123299
6.10000000000000028310687127941 1.62774122728501785828205837884
6.20000000000000028865798640254 1.70740001591760893682294778036
6.30000000000000029420910152567 1.78824772110418339406981775707
6.40000000000000029976021664879 1.87022457142428705308142911802
6.50000000000000030531133177192 1.95327266163562981941811181047
6.60000000000000031086244689504 2.03733603450287358222732384897
6.70000000000000031641356201817 2.12236074103348786227488621632
6.8000000000000003219646771413 2.20829488115647633440311682465
6.90000000000000032751579226442 2.2950886268479665108768748252
7.00000000000000033306690738755 2.38269422964914053225554025038
7.10000000000000033861802251067 2.4710660144419914792861860373
7.2000000000000003441691376338 2.5601603612518572198305712588
7.30000000000000034972025275692 2.64993567673714157480759598303
7.40000000000000035527136788005 2.74035235691012084072203423256
7.50000000000000036082248300318 2.83137274251176673493148492192
7.6000000000000003663735981263 2.92296106834107663263471111949
7.70000000000000037192471324943 3.0150834077179549134378350126
7.80000000000000037747582837255 3.10770761314021873875602781051
7.90000000000000038302694349568 3.20080325408135101275515704955
8.0000000000000003885780586188 3.29434155276734458341198655059
8.10000000000000039412917374193 3.38829531866918617351783731364
8.20000000000000039968028886506 3.48263888235273691276009570937
8.30000000000000040523140398818 3.57734802924025695129512725597
8.40000000000000041078251911131 3.67239993375767453736061013141
8.50000000000000041633363423443 3.76777309426883700953354418933
8.60000000000000042188474935756 3.86344726913220145270190758779
8.70000000000000042743586448069 3.95940341415643324149015470356
8.80000000000000043298697960381 4.05562362167882231949004604497
8.90000000000000043853809472694 4.15209106144389672843960778529
9.00000000000000044408920985006 4.24878992341868141969748586973
9.10000000000000044964032497319 4.34570536264527701069055916059
9.20000000000000045519144009631 4.4428234462003770806324789951
9.30000000000000046074255521944 4.54013110230457180335489800487
9.40000000000000046629367034257 4.63761607160138356203521037442
9.50000000000000047184478546569 4.73526686060655020499406548326
9.60000000000000047739590058882 4.83307269731174067315993739725
9.70000000000000048294701571194 4.9310234889133080783588936711
9.80000000000000048849813083507 5.02910978162553545787104467603
9.90000000000000049404924595819 5.12732272252881438759199018211
10.0000000000000004996003610813 5.22565402339604750588969431003
10.1000000000000005051514762044 5.32409592643503912972936157234
10.2000000000000005107025913276 5.42264117188051396489349976285
10.3000000000000005162537064507 5.52128296736648556453783962241
10.4000000000000005218048215738 5.62001495900780802144863220281
10.5000000000000005273559366969 5.71883120411873036903214536845
10.6000000000000005329070518201 5.81772614549599533881000332951
10.7000000000000005384581669432 5.91669458719436097989211938147
10.8000000000000005440092820663 6.01573167172326864949293790991
10.9000000000000005495603971895 6.1148328585946410036293014146
11.0000000000000005551115123126 6.21399390415338796660108959096
11.1000000000000005606626274357 6.31321084262405721483152292721
11.2000000000000005662137425588 6.41247996830912813560693792755
11.300000000000000571764857682 6.51179781887666276940869024007
11.4000000000000005773159728051 6.61116115967734977208361806276
11.5000000000000005828670879282 6.71056696903337049443767722514
11.6000000000000005884182030513 6.81001242444394830836586118189
11.7000000000000005939693181745 6.90949488965488689433512260498
11.8000000000000005995204332976 7.00901190254183841829623016419
11.9000000000000006050715484207 7.10856116375945034209836199236
12.0000000000000006106226635438 7.2081405261109053844876432627
12.100000000000000616173778667 7.30774798459468114969437658982
12.2000000000000006217248937901 7.40738166708760494338360461247
12.3000000000000006272760089132 7.50703982562545822238046002132
12.4000000000000006328271240363 7.60672082824448872408603420642
12.5000000000000006383782391595 7.70642315134921289303882612975
12.6000000000000006439293542826 7.80614537257383437228703103037
12.7000000000000006494804694057 7.9058861641064647587963305911
12.8000000000000006550315845288 8.00564428644711015008922521829
12.900000000000000660582699652 8.10541858257208160206917357576
13.0000000000000006661338147751 8.20520797247910045984559986811
13.1000000000000006716849298982 8.30501144808890209636338801994
13.2000000000000006772360450213 8.40482806848059577602192299301
13.3000000000000006827871601445 8.50465695543941634003503999635
13.4000000000000006883382752676 8.60449728929680761049135054923
13.5000000000000006938893903907 8.70434830504401042742034977243
13.6000000000000006994405055138 8.80420928870149278433439007739
13.700000000000000704991620637 8.90407957392765840519696783337
13.8000000000000007105427357601 9.00395853885130614085760927417
13.9000000000000007160938508832 9.10384560311328859511477763302
14.0000000000000007216449660064 9.20374022510373724207422007327
14.1000000000000007271960811295 9.30364189938208575215331760365
14.2000000000000007327471962526 9.40355015426793603471057015115
14.3000000000000007382983113757 9.50346454959157529457764819723
14.4000000000000007438494264989 9.6033846745936697743306876432
14.500000000000000749400541622 9.70331014596433431581233320976
14.6000000000000007549516567451 9.80324060601240883482022953769
14.7000000000000007605027718682 9.90317572095636557964435757319
14.8000000000000007660538869914 10.003115179328826858652678316
14.9000000000000007716050021145 10.1030586904871938984955081394
15.0000000000000007771561172376 10.2030059832233756595148660595
15.1000000000000007827072323607 10.3029568044660637188822586926
15.2000000000000007882583474839 10.4029109180694275700758605175
15.300000000000000793809462607 10.5028681036825056217273776395
15.4000000000000007993605777301 10.6028281556939424611736923412
15.5000000000000008049116928532 10.7027908822470741419053036957
15.6000000000000008104628079764 10.8027561043206918382724233507
15.7000000000000008160139230995 10.9027236548711215822935647827
15.8000000000000008215650382226 11.0026933780315452747193856481
15.9000000000000008271161533457 11.1026651283647569889766958767
16.0000000000000008326672684689 11.2026387701657999337752846546
16.100000000000000838218383592 11.3026141768111644110464189639
16.2000000000000008437694987151 11.4025912301514467383655168931
16.3000000000000008493206138382 11.5025698199445743750349883085
16.4000000000000008548717289614 11.6025498433268943157552583232
16.5000000000000008604228440845 11.7025312043196010568128358914
16.6000000000000008659739592076 11.8025138133681479058034518494
16.7000000000000008715250743307 11.9024975869124418561270094222
16.8000000000000008770761894539 12.0024824469857683938547423221
16.900000000000000882627304577 12.1024683208405291147260668018
17.0000000000000008881784197001 12.2024551405990025288087223468
17.1000000000000008937295348233 12.3024428429274575061820937527
17.2000000000000008992806499464 12.4024313687320600182306488059
17.3000000000000009048317650695 12.5024206628751176702327335142
17.4000000000000009103828801926 12.6024106739103034835796433857
17.5000000000000009159339953158 12.7024013538355909210320070185
17.6000000000000009214851104389 12.8023926578627166778534601669
17.700000000000000927036225562 12.9023845442020666802358201389
17.8000000000000009325873406851 13.0023769738619544094449471745
17.9000000000000009381384558083 13.102369910461329450973540909
18.0000000000000009436895709314 13.2023633200550183756823135717
18.1000000000000009492406860545 13.3023571709706599964417951715
18.2000000000000009547918011776 13.4023514336565529914770067615
18.3000000000000009603429163008 13.5023460805396861083624377108
18.4000000000000009658940314239 13.6023410858932699070558873161
18.500000000000000971445146547 13.7023364257131344969837847444
18.6000000000000009769962616701 13.8023320776024001873657200724
18.7000000000000009825473767933 13.9023280206638676029129651077
18.8000000000000009880984919164 14.0023242353996108067401342818
18.9000000000000009936496070395 14.1023207036172914943961160431
19.0000000000000009992007221626 14.2023174083427445413772335739
19.1000000000000010047518372858 14.302314333738415254533314997
19.2000000000000010103029524089 14.4023114650272567384953534543
19.300000000000001015854067532 14.502308788421721975259444445
19.4000000000000010214051826551 14.6023062910575096531298772392
19.5000000000000010269562977783 14.702303960931745586863971146
19.6000000000000010325074129014 14.802301786845302852858704795
19.7000000000000010380585280245 14.9022997583489836231444373995
19.8000000000000010436096431476 15.0022978656933042146322757611
19.9000000000000010491607582708 15.1022960997816421640289887481
20.0000000000000010547118733939 15.2022944521265202767337875762
20.100000000000001060262988517 15.3022929148088176570167271588
20.2000000000000010658141036402 15.4022914804397117788687310377
20.3000000000000010713652187633 15.5022901421251687693351530641
20.4000000000000010769163338864 15.6022888934328113116493644848
20.5000000000000010824674490095 15.7022877283610049926415983182
20.6000000000000010880185641327 15.802286641310014572380143183
20.7000000000000010935696792558 15.9022856270550915948321312369
20.8000000000000010991207943789 16.00228468072136403413279203
20.900000000000001104671909502 16.1022837977604073262722143643
21.0000000000000011102230246252 16.2022829739283842121293298076
