601
-21 -379.920727993794020769532665828
-20.9499999999999999972244424384 -379.020727993794009860677092566
-20.8999999999999999944488848769 -378.120727993793998172440987282
-20.8499999999999999916733273153 -377.220727993793985648885510561
-20.7999999999999999888977697537 -376.320727993793972230056898789
-20.7499999999999999861222121922 -375.420727993793957851698299149
-20.6999999999999999833466546306 -374.520727993793942444940922004
-20.6499999999999999805710970691 -373.620727993793925935973026223
-20.5999999999999999777955395075 -372.720727993793908245685146442
-20.5499999999999999750199819459 -371.820727993793889289289857045
-20.4999999999999999722444243844 -370.9207279937938689759142453
-20.4499999999999999694688668228 -370.02072799379384720816313488
-20.3999999999999999666933092612 -369.120727993793823881650960415
-20.3499999999999999639177516997 -368.220727993793798884500043073
-20.2999999999999999611421941381 -367.320727993793772096802855631
-20.2499999999999999583666365766 -366.42072799379374339004569245
-20.199999999999999955591079015 -365.520727993793712626490974258
-20.1499999999999999528155214534 -364.620727993793679658515218795
-20.0999999999999999500399638919 -363.720727993793644327899495329
-20.0499999999999999472644063303 -362.820727993793606465068952628
-19.9999999999999999444888487687 -361.92072799379356588827776523
-19.9499999999999999417132912072 -361.020727993793522402735580478
-19.8999999999999999389377336456 -360.120727993793475799671267635
-19.8499999999999999361621760841 -359.220727993793425855329469034
-19.7999999999999999333866185225 -358.320727993793372329895130228
-19.7499999999999999306110609609 -357.420727993793314966340839942
-19.6999999999999999278355033994 -356.520727993793253489191439629
-19.6499999999999999250599458378 -355.620727993793187603199964767
-19.5999999999999999222843882762 -354.720727993793116991928553892
-19.5499999999999999195088307147 -353.820727993793041316227504541
-19.4999999999999999167332731531 -352.920727993792960212605165787
-19.4499999999999999139577155916 -352.020727993792873291480832314
-19.39999999999999991118215803 -351.120727993792780135312242649
-19.3499999999999999084066004684 -350.220727993792680296588681455
-19.2999999999999999056310429069 -349.320727993792573295680039836
-19.2499999999999999028554853453 -348.420727993792458618531495239
-19.1999999999999999000799277837 -347.520727993792335714192730568
-19.1499999999999998973043702222 -346.620727993792203992169816779
-19.0999999999999998945288126606 -345.720727993792062819587030935
-19.049999999999999891753255099 -344.820727993791911518144968109
-18.9999999999999998889776975375 -343.920727993791749360860326444
-18.9499999999999998862021399759 -343.020727993791575568571695303
-18.8999999999999998834265824144 -342.120727993791389306194551731
-18.8499999999999998806510248528 -341.220727993791189678707465049
-18.7999999999999998778754672912 -340.320727993790975726850217456
-18.7499999999999998750999097297 -339.420727993790746422513163841
-18.6999999999999998723243521681 -338.520727993790500663795669997
-18.6499999999999998695487946065 -337.620727993790237269709877827
-18.599999999999999866773237045 -336.720727993789954974504341444
-18.5499999999999998639976794834 -335.820727993789652421580250976
-18.4999999999999998612221219219 -334.920727993789328156971002694
-18.4499999999999998584465643603 -334.0207279937889806223537753
-18.3999999999999998556710067987 -333.120727993788608147559522864
-18.3499999999999998528954492372 -332.220727993788208942545384001
-18.2999999999999998501198916756 -331.320727993787781088790923075
-18.249999999999999847344334114 -330.420727993787322530076849831
-18.1999999999999998445687765525 -329.520727993786831062601895813
-18.1499999999999998417932189909 -328.620727993786304324390344782
-18.0999999999999998390176614294 -327.720727993785739783939304907
-18.0499999999999998362421038678 -326.820727993785134728051156386
-17.9999999999999998334665463062 -325.920727993784486248792691684
-17.9499999999999998306909887447 -325.02072799378379122951826813
-17.8999999999999998279154311831 -324.120727993783046329889793765
-17.8499999999999998251398736215 -323.220727993782247969821545715
-17.79999999999999982236431606 -322.320727993781392312272652582
-17.7499999999999998195887584984 -321.420727993780475244804533713
-17.6999999999999998168132009368 -320.520727993779492359814652036
-17.6499999999999998140376433753 -319.620727993778438933351574882
-17.5999999999999998112620858137 -318.720727993777309902409518376
-17.5499999999999998084865282522 -317.820727993776099840593242662
-17.4999999999999998057109706906 -316.920727993774802932036332391
-17.449999999999999802935413129 -316.02072799377341294344750189
-17.3999999999999998001598555675 -315.120727993771923194150566868
-17.3499999999999997973842980059 -314.220727993770326523974081145
-17.2999999999999997946087404443 -313.320727993768615258836301428
-17.2499999999999997918331828828 -312.420727993766781173860065847
-17.1999999999999997890576253212 -311.5207279937648154538402996
-17.1499999999999997862820677597 -310.620727993762708650874136598
-17.0999999999999997835065101981 -309.720727993760450638950008232
-17.0499999999999997807309526365 -308.820727993758030565277433798
-16.999999999999999777955395075 -307.920727993755436798123581459
-16.9499999999999997751798375134 -307.020727993752656870905878563
-16.8999999999999997724042799518 -306.120727993749677422271955027
-16.8499999999999997696287223903 -305.220727993746484131878916764
-16.7999999999999997668531648287 -304.32072799374306165156327521
-16.7499999999999997640776072672 -303.420727993739393531570704347
-16.6999999999999997613020497056 -302.520727993735462141491051956
-16.649999999999999758526492144 -301.620727993731248585518582858
-16.5999999999999997557509345825 -300.720727993726732611630156386
-16.5499999999999997529753770209 -299.820727993721892514244807167
-16.4999999999999997501998194593 -298.920727993716705029896866977
-16.4499999999999997474242618978 -298.020727993711145225421185286
-16.3999999999999997446487043362 -297.120727993705186378113015917
-16.3499999999999997418731467747 -296.220727993698799847286563802
-16.2999999999999997390975892131 -295.320727993691954936614843885
-16.2499999999999997363220316515 -294.420727993684618746589195028
-16.19999999999999973354647409 -293.520727993676756016389302337
-16.1499999999999997307709165284 -292.620727993668328954403683442
-16.0999999999999997279953589668 -291.720727993659297056586043209
-16.0499999999999997252198014053 -290.820727993649616911774435047
-15.9999999999999997224442438437 -289.920727993639241993037504298
-15.9499999999999997196686862821 -289.020727993628122434044928989
-15.8999999999999997168931287206 -288.120727993616204789387192745
-15.849999999999999714117571159 -287.220727993603431777692677833
-15.7999999999999997113420135975 -286.320727993589742006307382442
-15.7499999999999997085664560359 -285.420727993575069676213947881
-15.6999999999999997057908984743 -284.520727993559344265771702539
-15.6499999999999997030153409128 -283.620727993542490191757633629
-15.5999999999999997002397833512 -282.720727993524426446079095688
-15.5499999999999996974642257896 -281.820727993505066206412132141
-15.4999999999999996946886682281 -280.920727993484316418893960843
-15.4499999999999996919131106665 -280.020727993462077350863854198
-15.399999999999999689137553105 -279.120727993438242111502683359
-15.3499999999999996863619955434 -278.220727993412696138067102479
-15.2999999999999996835864379818 -277.320727993385316645248981141
-15.2499999999999996808108804203 -276.420727993355972035013456314
-15.1999999999999996780353228587 -275.520727993324521264079017467
-15.1499999999999996752597652971 -274.620727993290813165999446837
-15.0999999999999996724842077356 -273.720727993254685724589232739
-15.049999999999999669708650174 -272.820727993215965295200208426
-14.9999999999999996669330926125 -271.920727993174465770106518312
-14.9499999999999996641575350509 -271.020727993129987683986372585
-14.8999999999999996613819774893 -270.120727993082317255201129183
-14.8499999999999996586064199278 -269.220727993031225358263654881
-14.7999999999999996558308623662 -268.320727992976466422557181661
-14.7499999999999996530553048046 -267.420727992917777252011400862
-14.6999999999999996502797472431 -266.52072799285487576006262219
-14.6499999999999996475041896815 -265.620727992787459613817641374
-14.5999999999999996447286321199 -264.720727992715204780904551985
-14.5499999999999996419530745584 -263.820727992637763972026006165
-14.4999999999999996391775169968 -262.920727992554764971729127541
-14.4499999999999996364019594353 -262.020727992465808849368998026
-14.3999999999999996336264018737 -261.120727992370468041666796001
-14.3499999999999996308508443121 -260.220727992268284297646488905
-14.2999999999999996280752867506 -259.320727992158766476072511972
-14.249999999999999625299729189 -258.420727992041388184801917475
-14.1999999999999996225241716274 -257.5207279919155852507046479
-14.1499999999999996197486140659 -256.620727991780753007991219722
-14.0999999999999996169730565043 -255.720727991636243391914287857
-14.0499999999999996141974989428 -254.82072799148136182387509912
-13.9999999999999996114219413812 -253.92072799131536387296323997
-13.9499999999999996086463838196 -253.020727991137451677883520372
-13.8999999999999996058708262581 -252.120727990946770112072147123
-13.8499999999999996030952686965 -251.22072799074240267356999065
-13.7999999999999996003197111349 -250.320727990523367079897806488
-13.7499999999999995975441535734 -249.420727990288610546760377582
-13.6999999999999995947685960118 -248.520727990037004727886881191
-13.6499999999999995919930384503 -247.620727989767340291686050335
-13.5999999999999995892174808887 -246.720727989478321108649065932
-13.5499999999999995864419233271 -245.820727989168558021562191764
-13.4999999999999995836663657656 -244.920727988836562168585957532
-13.449999999999999580890808204 -244.020727988480737827108567747
-13.3999999999999995781152506424 -243.120727988099374743977836141
-13.3499999999999995753396930809 -242.220727987690639915247245747
-13.2999999999999995725641355193 -241.320727987252568775925847921
-13.2499999999999995697885779578 -240.420727986783055757385922136
-13.1999999999999995670130203962 -239.520727986279844167042992066
-13.1499999999999995642374628346 -238.620727985740515341665324021
-13.0999999999999995614619052731 -237.720727985162477022178764202
-13.0499999999999995586863477115 -236.820727984542950894090920743
-12.9999999999999995559107901499 -235.920727983878959233648280211
-12.9499999999999995531352325884 -235.020727983167310595541589933
-12.8999999999999995503596750268 -234.120727982404584473368077924
-12.8499999999999995475841174652 -233.220727981587114859121678961
-12.7999999999999995448085599037 -232.320727980710972622690656909
-12.7499999999999995420330023421 -231.420727979771946626670425037
-12.6999999999999995392574447806 -230.520727978765523485720707295
-12.649999999999999536481887219 -229.620727977686865873181237407
-12.5999999999999995337063296574 -228.720727976530789270677645194
-12.5499999999999995309307720959 -227.820727975291737048965469215
-12.4999999999999995281552145343 -226.920727973963753760239391247
-12.4499999999999995253796569727 -226.020727972540456513538259142
-12.3999999999999995226040994112 -225.12072797101500429566293112
-12.3499999999999995198285418496 -224.220727969380065090149151569
-12.2999999999999995170529842881 -223.32072796762778063625409278
-12.2499999999999995142774267265 -222.420727965749728658571998549
-12.1999999999999995115018691649 -221.520727963736882385737023158
-12.1499999999999995087263116034 -220.620727961579567163641438393
-12.0999999999999995059507540418 -219.720727959267413954632253528
-12.0499999999999995031751964802 -218.820727956789309499181834759
-11.9999999999999995003996389187 -217.920727954133342900486380092
-11.9499999999999994976240813571 -217.020727951286748375252997925
-11.8999999999999994948485237956 -216.120727948235843895509013283
-11.849999999999999492072966234 -215.220727944965965426517414093
-11.7999999999999994892974086724 -214.320727941461396444715122952
-11.7499999999999994865218511109 -213.420727937705292396904296203
-11.6999999999999994837462935493 -212.520727933679599737612067574
-11.6499999999999994809707359877 -211.620727929364969155474197561
-11.5999999999999994781951784262 -210.720727924740662571567702696
-11.5499999999999994754196208646 -209.820727919784453462682471018
-11.4999999999999994726440633031 -208.92072791447252003043823556
-11.4499999999999994698685057415 -208.020727908779330702766862864
-11.3999999999999994670929481799 -207.120727902677521417425436103
-11.3499999999999994643173906184 -206.22072789613776409770592621
-11.2999999999999994615418330568 -205.320727889128625688172488581
-11.2499999999999994587662754952 -204.420727881616417072884108589
-11.1999999999999994559907179337 -203.52072787356503114993035153
-11.1499999999999994532151603721 -202.620727864935769283987602596
-11.0999999999999994504396028105 -201.720727855687155302741882494
-11.049999999999999447664045249 -200.820727845774736143153584608
-10.9999999999999994448884876874 -199.920727835150868189371516565
-10.9499999999999994421129301259 -199.020727823764488275330002435
-10.8999999999999994393373725643 -198.120727811560868251352931177
-10.8499999999999994365618150027 -197.220727798481351935088212837
-10.7999999999999994337862574412 -196.320727784463073182425384055
-10.7499999999999994310106998796 -195.420727769438653723301087911
-10.699999999999999428235142318 -194.520727753335879310035623686
-10.6499999999999994254595847565 -193.620727736077352621601190645
-10.5999999999999994226840271949 -192.720727717580121255497746433
-10.5499999999999994199084696334 -191.820727697755279019168504725
-10.4999999999999994171329120718 -190.920727676507538604548394941
-10.4499999999999994143573545102 -190.020727653734773591788365032
-10.3999999999999994115817969487 -189.120727629327527580775004436
-10.3499999999999994088062393871 -188.220727603168488091059908768
-10.2999999999999994060306818255 -187.320727575131922701466935022
-10.249999999999999403255124264 -186.420727545083074719143911396
-10.1999999999999994004795667024 -185.520727512877515473295929832
-10.1499999999999993977040091409 -184.620727478360450120344881083
-10.0999999999999993949284515793 -183.720727441365973623802070451
-10.0499999999999993921528940177 -182.820727401716273332643294452
-9.99999999999999938937733645616 -181.920727359220774325287251906
-9.9499999999999993866017788946 -181.020727313675223411164524956
-9.89999999999999938382622133304 -180.120727264860707387002906955
-9.84999999999999938105066377148 -179.22072721254260082892791365
-9.79999999999999937827510620991 -178.320727156469438362765436588
-9.74999999999999937549954864835 -177.420727096371705991908121715
-9.69999999999999937272399108679 -176.520727031960545673022675408
-9.64999999999999936994843352522 -175.620726962926366912861061672
-9.59999999999999936717287596366 -174.720726888937358712489251796
-9.5499999999999993643973184021 -173.820726809637894706213607785
-9.49999999999999936162176084053 -172.920726724646823829063553612
-9.44999999999999935884620327897 -172.020726633555638296410894409
-9.39999999999999935607064571741 -171.120726535926510089524622025
-9.34999999999999935329508815585 -170.220726431290186508738845324
-9.29999999999999935051953059428 -169.32072631914373467841039904
-9.24999999999999934774397303272 -168.420726198948124161703104447
-9.19999999999999934496841547116 -167.520726070125636064964856016
-9.14999999999999934219285790959 -166.620725932057086177318020285
-9.09999999999999933941730034803 -165.720725784078848797050387735
-9.04999999999999933664174278647 -164.82072562547966693817209643
-8.99999999999999933386618522491 -163.920725455497233583483430788
-8.94999999999999933109062766334 -163.020725273314527549737731201
-8.89999999999999932831507010178 -162.120725078055886350686179433
-8.84999999999999932553951254022 -161.220724868782797179279536713
-8.79999999999999932276395497865 -160.320724644489385774990409882
-8.74999999999999931998839741709 -159.42072440409758148958512772
-8.69999999999999931721283985553 -158.520724146451935307724539126
-8.64999999999999931443728229397 -157.620723870314065910012798585
-8.5999999999999993116617247324 -156.720723574356707077508118407
-8.54999999999999930888616717084 -155.820723257157327819647134493
-8.49999999999999930611060960928 -154.920722917191294552782808352
-8.44999999999999930333505204771 -154.020722552824542454198072258
-8.39999999999999930055949448615 -153.120722162305720755924697961
-8.34999999999999929778393692459 -152.220721743757774212596248816
-8.29999999999999929500837936303 -151.320721295168920265703527762
-8.24999999999999929223282180146 -150.420720814382978519930478068
-8.1999999999999992894572642399 -149.520720299089006031716090377
-8.14999999999999928668170667834 -148.620719746810188570791682238
-8.09999999999999928390614911677 -147.720719154891934436078101414
-8.04999999999999928113059155521 -146.820718520489113570727660822
-7.99999999999999927835503399365 -145.920717840552380608748993365
-7.94999999999999927557947643209 -145.020717111813516077711571265
-7.89999999999999927280391887052 -144.120716330769715257209438082
-7.84999999999999927002836130896 -143.220715493666749128252739299
-7.7999999999999992672528037474 -142.320714596480916420084050526
-7.74999999999999926447724618583 -141.420713634899699941848588473
-7.69999999999999926170168862427 -140.520712604301034148949746768
-7.64999999999999925892613106271 -139.620711499731084207624536754
-7.59999999999999925615057350115 -138.720710315880429653923210084
-7.54999999999999925337501593958 -137.820709047058538060174952784
-7.49999999999999925059945837802 -136.92070768716640588595242937
-7.44999999999999924782390081646 -136.020706229667234861597097451
-7.39999999999999924504834325489 -135.120704667555002787721016827
-7.34999999999999924227278569333 -134.220702993320777487834122177
-7.29999999999999923949722813177 -133.320701198916611774092665721
-7.2499999999999992367216705702 -132.420699275716845625271684622
-7.19999999999999923394611300864 -131.52069721447662927472661952
-7.14999999999999923117055544708 -130.62069500528746750348387619
-7.09999999999999922839499788552 -129.720692637529571064400001065
-7.04999999999999922561944032395 -128.820690099820785757492057283
-6.99999999999999922284388276239 -127.920687379961853158874581176
-6.94999999999999922006832520083 -127.020684464877739295533508088
-6.89999999999999921729276763926 -126.120681340554748568789200485
-6.8499999999999992145172100777 -125.220677991973119867740294814
-6.79999999999999921174165251614 -124.320674403034779980374615569
-6.74999999999999920896609495458 -123.420670556485905997147473545
-6.69999999999999920619053739301 -122.52066643383392329449362829
-6.64999999999999920341497983145 -121.620662015258538760252738003
-6.59999999999999920063942226989 -120.720657279516380046455188829
-6.54999999999999919786386470832 -119.820652203838780664546027126
-6.49999999999999919508830714676 -118.920646763822217520470275036
-6.4499999999999991923127495852 -118.020640933310871857168541542
-6.39999999999999918953719202364 -117.12063468427074635262247861
-6.34999999999999918676163446207 -116.220627986654730121980222192
-6.29999999999999918398607690051 -115.320620808257959387416198534
-6.24999999999999918121051933895 -114.42061311456277438862936524
-6.19999999999999917843496177738 -113.520604868572522472870449301
-6.14999999999999917565940421582 -112.620596030633402970597085987
-6.09999999999999917288384665426 -111.720586558243491156181018738
-6.0499999999999991701082890927 -110.820576405848016016245661029
-5.99999999999999916733273153113 -109.920565524619899381988692225
-5.94999999999999916455717396957 -109.020553862224491882225286344
-5.89999999999999916178161640801 -108.120541362567363769978965695
-5.84999999999999915900605884644 -107.22052796552392556722199617
-5.79999999999999915623050128488 -106.320513606649564228198271995
-5.74999999999999915345494372332 -105.420498216868884675719374811
-5.69999999999999915067938616176 -104.520481722142543613716855707
-5.64999999999999914790382860019 -103.620464043110051919457571845
-5.59999999999999914512827103863 -102.720445094706803082401490177
-5.54999999999999914235271347707 -101.820424785753457447916435141
-5.4999999999999991395771559155 -100.920403018515674754850739569
-5.44999999999999913680159835394 -100.020379688232039881102937072
-5.39999999999999913402604079238 -99.1203546826078680232702801721
-5.34999999999999913125048323082 -98.2203278812724048594974494982
-5.29999999999999912847492566925 -97.3202991551967536284818761496
-5.24999999999999912569936810769 -96.4202683660696634701968614627
-5.19999999999999912292381054613 -95.5202353656281006936046234245
-5.14999999999999912014825298456 -94.6201999949392956433525506566
-5.099999999999999117372695423 -93.7201620836307112028610259747
-5.04999999999999911459713786144 -92.8201214490641132478749924876
-4.99999999999999911182158029987 -91.9200778954496369737146992316
-4.94999999999999910904602273831 -91.0200312128954342374620703476
-4.89999999999999910627046517675 -90.1199811763881539993513896615
-4.84999999999999910349490761519 -89.2199275446991485546701336647
-4.79999999999999910071935005362 -88.3198700592109102611029182926
-4.74999999999999909794379249206 -87.4198084426578244113144898888
-4.6999999999999990951682349305 -86.5197423977748710591086920789
-4.64999999999999909239267736893 -85.6196716058474189925978689542
-4.59999999999999908961711980737 -84.7195957251547253718896986278
-4.54999999999999908684156224581 -83.8195143892991811888632827526
-4.49999999999999908406600468425 -82.9194272054127216647054694835
-4.44999999999999908129044712268 -82.0193337522311475591908963794
-4.39999999999999907851488956112 -81.1192335780263732355407755174
-4.34999999999999907573933199956 -80.2191261983858247885494310895
-4.29999999999999907296377443799 -79.3190110938273505890333819834
-4.24999999999999907018821687643 -78.4188877072370705416768149035
-4.19999999999999906741265931487 -77.518755441116571756613305762
-4.14999999999999906463710175331 -76.6186136546247489030105325565
-4.09999999999999906186154419174 -75.7184616603983779826914515867
-4.04999999999999905908598663018 -74.8182987211341922725894403298
-3.99999999999999905631042906862 -73.9181240459137871285068910171
-3.94999999999999905353487150705 -73.0179367862511031920456429018
-3.89999999999999905075931394549 -72.1177360318405106532227925952
-3.84999999999999904798375638393 -71.2175208059816241024116709986
-3.79999999999999904520819882237 -70.317290060654899554830377155
-3.7499999999999990424326412608 -69.4170426712197814284196742096
-3.69999999999999903965708369924 -68.5167774307046538061828094818
-3.64999999999999903688152613768 -67.6164930436550802316910366396
-3.59999999999999903410596857611 -66.7161881195037589131966263264
-3.54999999999999903133041101455 -65.8158611654222406520990311729
-3.49999999999999902855485345299 -64.9155105786107152727918525182
-3.44999999999999902577929589143 -64.0151346379780233504078204002
-3.39999999999999902300373832986 -63.1147314951594415699834831391
-3.3499999999999990202281807683 -62.2142991648146624185130042439
-3.29999999999999901745262320674 -61.3138355141426735186992131873
-3.24999999999999901467706564517 -60.4133382515438597757221879863
-3.19999999999999901190150808361 -59.5128049143525114874356811286
-3.14999999999999900912595052205 -58.6122328555549182800448121578
-3.09999999999999900635039296048 -57.7116192293992400581551884848
-3.04999999999999900357483539892 -56.810960975793230282010038358
-2.99999999999999900079927783736 -55.9102548033744787384989432007
-2.9499999999999989980237202758 -55.0094971711249479853414623889
-2.89999999999999899524816271423 -54.10868426838697463054675832
-2.84999999999999899247260515267 -53.2078119931213295874674646497
-2.79999999999999898969704759111 -52.3068759282290702029933617922
-2.74999999999999898692149002954 -51.4058713157374061894858121641
-2.69999999999999898414593246798 -50.5047930286252088053997202998
-2.64999999999999898137037490642 -49.6036355400356072058437329228
-2.59999999999999897859481734486 -48.7023928895907296246601925415
-2.54999999999999897581925978329 -47.8010586464863359533531033269
-2.49999999999999897304370222173 -46.8996258690009868971880676375
-2.44999999999999897026814466017 -45.9980870600044655174594200969
-2.3999999999999989674925870986 -45.0964341179921612627421939404
-2.34999999999999896471702953704 -44.1946582831045376132321810984
-2.29999999999999896194147197548 -43.2927500775118065938739645571
-2.24999999999999895916591441392 -42.3906992394513067029123974766
-2.19999999999999895639035685235 -41.4884946500961152822947485961
-2.14999999999999895361479929079 -40.586124252304800437532868488
-2.09999999999999895083924172923 -39.6835749601498427995433118417
-2.04999999999999894806368416766 -38.7808325579410789490718701338
-1.9999999999999989452881266061 -37.8778815872442578776206413914
-1.94999999999999894251256904454 -36.974705220135623611907177558
-1.89999999999999893973701148298 -36.0714756895945132245508904158
-1.84999999999999893696145392141 -35.1676012637748795582178834535
-1.79999999999999893418589635985 -34.2636317936827593921293240545
-1.74999999999999893141033879829 -33.3593527767397829387348939684
-1.69999999999999892863478123672 -32.4547379861374359221554199195
-1.64999999999999892585922367516 -31.5497586285533283131106952692
-1.5999999999999989230836661136 -30.6443830349962705542706171028
-1.54999999999999892030810855204 -29.7385763044546962753885012318
-1.49999999999999891753255099047 -28.8322998913532067691836778675
-1.44999999999999891475699342891 -27.9255111257452493725010256312
-1.39999999999999891198143586735 -27.0181626525256618666522975072
-1.34999999999999890920587830578 -26.1102017725541816947143356655
-1.29999999999999890643032074422 -25.2015696641927278057257010952
-1.24999999999999890365476318266 -24.2922004580336003972084540616
-1.1999999999999989008792056211 -23.3820201300553020118966737921
-1.14999999999999889810364805953 -22.470945168412534142963526465
-1.09999999999999889532809049797 -21.5588809555806785962623232293
-1.04999999999999889255253293641 -20.6457197892299137881162398359
1 -19.7313384399333016829294287588
1.10000000000000000555111512313 -18.0173776039057309175280171762
1.20000000000000001110223024625 -16.5077181547168064242444057897
1.30000000000000001665334536938 -15.1680209099995421100007790423
1.4000000000000000222044604925 -13.9716253191370555687441392801
1.50000000000000002775557561563 -12.8974253271214537341713579663
1.60000000000000003330669073875 -11.9284324898493395819181833811
1.70000000000000003885780586188 -11.0507756849306503723665015411
1.80000000000000004440892098501 -10.2529873262900691521776475237
1.90000000000000004996003610813 -9.52548293891819081800951695223
2.00000000000000005551115123126 -8.86017447311415961146747973872
2.10000000000000006106226635438 -8.25017814662661485151323215386
2.20000000000000006661338147751 -7.68959039993372262163914957103
2.30000000000000007216449660064 -7.1733137847703830428776978534
2.40000000000000007771561172376 -6.69692002850274986442898492269
2.50000000000000008326672684689 -6.25654116168456318264940740927
2.60000000000000008881784197001 -5.84878209204855230656639737311
2.70000000000000009436895709314 -5.47064974727330989954872309629
2.80000000000000009992007221626 -5.11949514088077415918994562207
2.90000000000000010547118733939 -4.79296560272990949252008470335
3.00000000000000011102230246252 -4.48896506469757655295280823421
3.10000000000000011657341758564 -4.20562077461335609725277649377
3.20000000000000012212453270877 -3.94125517538210057661039181126
3.30000000000000012767564783189 -3.69436196411715592462090515384
3.40000000000000013322676295502 -3.46358556041054394318855773101
3.50000000000000013877787807814 -3.24770337917654191218164367541
3.60000000000000014432899320127 -3.04561043291180302263417627676
3.7000000000000001498801083244 -2.85630588882808421777097223953
3.80000000000000015543122344752 -2.6788812842555419382330033243
3.90000000000000016098233857065 -2.51251016375440818559103463902
4.00000000000000016653345369377 -2.3564389473198332046774035207
4.1000000000000001720845688169 -2.20997887400926429220740327362
4.20000000000000017763568394003 -2.07249889178441010870287942418
4.30000000000000018318679906315 -1.94341938438758611821031382617
4.40000000000000018873791418628 -1.8222066413079466258567311688
4.5000000000000001942890293094 -1.70836798863230919115396220862
4.60000000000000019984014443253 -1.60144750781710075198818317306
4.70000000000000020539125955565 -1.50102227691297382715120622695
4.80000000000000021094237467878 -1.40669907506879022320984167218
4.90000000000000021649348980191 -1.3181114966215277045088609667
5.00000000000000022204460492503 -1.23491742600222526715969834464
5.10000000000000022759572004816 -1.15679682922040164792810072578
5.20000000000000023314683517128 -1.08344982192789493239525681263
5.30000000000000023869795029441 -1.01459497805873241557167189536
5.40000000000000024424906541753 1.05182977816458239837190068477
5.50000000000000024980018054066 1.11988234409485357652885509489
5.60000000000000025535129566379 1.18964062382004274994139367207
5.70000000000000026090241078691 1.26103623795145971367953009087
5.80000000000000026645352591004 1.33400104590206148694870402535
5.90000000000000027200464103316 1.40846746133818330829548654722
6.00000000000000027755575615629 1.48436873342440229236820667376
6.10000000000000028310687127941 1.56163919470842382131575049062
6.20000000000000028865798640254 1.64021447680095459264931292815
6.30000000000000029420910152567 1.72003169527079784650467662271
6.40000000000000029976021664879 1.80102960539326700183948958646
6.50000000000000030531133177192 1.88314873055885928612610040804
6.60000000000000031086244689504 1.96633146526977835422762708244
6.70000000000000031641356201817 2.05052215472700460161295218146
6.8000000000000003219646771413 2.13566715304414972390033330894
6.90000000000000032751579226442 2.22171486212109681788965638058
7.00000000000000033306690738755 2.30861575317565341278590490758
7.10000000000000033861802251067 2.39632237287048297505784423238
7.2000000000000003441691376338 2.48478933589065248798328313549
7.30000000000000034972025275692 2.5739733057291547302527343155
7.40000000000000035527136788005 2.66383296532822241459887923511
7.50000000000000036082248300318 2.75432897910713810445111868752
7.6000000000000003663735981263 2.84542394778601913163968858587
7.70000000000000037192471324943 2.93708235729264785164242444949
7.80000000000000037747582837255 3.02927052291823793137124257363
7.90000000000000038302694349568 3.1219565297700109958946172431
8.0000000000000003885780586188 3.2151101704551034999893322471
8.10000000000000039412917374193 3.30870288082274355837879424238
8.20000000000000039968028886506 3.40270767449060879622970174473
8.30000000000000040523140398818 3.49709907678729106389896992283
8.40000000000000041078251911131 3.59185305865610656615304167801
8.50000000000000041633363423443 3.68694697098616144157162898918
8.60000000000000042188474935756 3.78235947976451987763880123376
8.70000000000000042743586448069 3.87807050237831205131026873921
8.80000000000000043298697960381 3.97406114533736112295991875161
8.90000000000000043853809472694 4.0703136436360374147696206412
9.00000000000000044408920985006 4.16681130192715709691329548248
9.10000000000000044964032497319 4.26353843764040119994984387786
9.20000000000000045519144009631 4.36048032614249744193701217956
9.30000000000000046074255521944 4.45762314800584210308458965415
9.40000000000000046629367034257 4.55495393842591150993004500701
9.50000000000000047184478546569 4.65246053880530812131110097312
9.60000000000000047739590058882 4.75013155050321082671851226513
9.70000000000000048294701571194 4.84795629073298259202509740832
9.80000000000000048849813083507 4.94592475057738621008117205253
9.90000000000000049404924595819 5.04402755507995217377299436202
10.0000000000000004996003610813 5.14225592536223959155471797417
10.1000000000000005051514762044 5.24060164270976562141319503627
10.2000000000000005107025913276 5.33905701456401024141671666014
10.3000000000000005162537064507 5.43761484235391436935119361636
10.4000000000000005218048215738 5.53626839109748599804574207633
10.5000000000000005273559366969 5.6350113607023377611864666607
10.6000000000000005329070518201 5.73383785889304627244701028677
10.7000000000000005384581669432 5.83274237569301263843071785973
10.8000000000000005440092820663 5.93171975938889498451323575113
10.9000000000000005495603971895 6.03076519390657269401822565977
11.0000000000000005551115123126 6.12987417752889673723915673459
11.1000000000000005606626274357 6.22904250288710134262274422755
11.2000000000000005662137425588 6.32826623815963044956426681549
11.300000000000000571764857682 6.42754170941420854705621302233
11.4000000000000005773159728051 6.52686548403120878916304112821
11.5000000000000005828670879282 6.62623435514869832605876871077
11.6000000000000005884182030513 6.72564532707193483934710806747
11.7000000000000005939693181745 6.82509560159251835928525144787
11.8000000000000005995204332976 6.92458256516484267607414175199
11.9000000000000006050715484207 7.02410377688991956442607695457
12.0000000000000006106226635438 7.12365695725904898723675365578
12.100000000000000616173778667 7.22323997761216512190963157032
12.2000000000000006217248937901 7.32285085026799002062436277807
12.3000000000000006272760089132 7.4224877192853649960522495534
12.4000000000000006328271240363 7.5221488518172975469219382426
12.5000000000000006383782391595 7.62183263002135372896840739587
12.6000000000000006439293542826 7.72153754349203878336256566682
12.7000000000000006494804694057 7.82126218218274028659175719681
12.8000000000000006550315845288 7.92100522978665688735049155599
12.900000000000000660582699652 8.02076545754790154549995908032
13.0000000000000006661338147751 8.12054171847565152104282145676
13.1000000000000006716849298982 8.22033294193581921499724799879
13.2000000000000006772360450213 8.32013812859623986262564456614
13.3000000000000006827871601445 8.41995634570281593247841175734
13.4000000000000006883382752676 8.51978672266542610295879568998
13.5000000000000006938893903907 8.61962844693370131088673008753
13.6000000000000006994405055138 8.71948076014399420012629437235
13.700000000000000704991620637 8.81934295452002406418062150682
13.8000000000000007105427357601 8.91921436951076986783176136771
13.9000000000000007160938508832 9.01909438865021197786401060482
14.0000000000000007216449660064 9.11898243662449166545382969691
14.1000000000000007271960811295 9.2188779765329690774310550858
14.2000000000000007327471962526 9.31878050733051798548221078328
14.3000000000000007382983113757 9.41868956143920193125666846843
14.4000000000000007438494264989 9.5186047025182340429610782355
14.500000000000000749400541622 9.61852552338183437922716249775
14.6000000000000007549516567451 9.71845164405526664742005139854
14.7000000000000007605027718682 9.8183827099599629441908282535
14.8000000000000007660538869914 9.91831839021923307993217732538
14.9000000000000007716050021145 10.0182583760766062836001737794
15.0000000000000007771561172376 10.118202379419369750688225391
15.1000000000000007827072323607 10.2181501314003526084535908022
15.2000000000000007882583474839 10.3181013811514573460490596068
15.300000000000000793809462607 10.4180558945828654155460017597
15.4000000000000007993605777301 10.5180134532622412828353024108
15.5000000000000008049116928532 10.6179738533686313347381650532
15.6000000000000008104628079764 10.7179369047161022825849140926
15.7000000000000008160139230995 10.8179024298424895108144484
15.8000000000000008215650382226 10.9178702631589305883082447191
15.9000000000000008271161533457 11.017840250156144198674812055
16.0000000000000008326672684689 11.11781224666368128731714506
16.100000000000000838218383592 11.2177861181586244302649923881
16.2000000000000008437694987151 11.3177617391204443968298571722
16.3000000000000008493206138382 11.4177389924289406348080032018
16.4000000000000008548717289614 11.5177177688023959213848180755
16.5000000000000008604228440845 11.6176979662732656049162928136
16.6000000000000008659739592076 11.7176794896988995669483453756
16.7000000000000008715250743307 11.8176622503049610624571953822
16.8000000000000008770761894539 11.9176461652593617022022824279
16.900000000000000882627304577 12.0176311572746767304551833942
17.0000000000000008881784197001 12.1176171542371400863538873781
17.1000000000000008937295348233 12.217604088860445138382149116
17.2000000000000008992806499464 12.317591898362695030551909923
17.3000000000000009048317650695 12.4175805241649568205475775227
17.4000000000000009103828801926 12.5175699116099765345455502012
17.5000000000000009159339953158 12.6175600096997083882935618224
17.6000000000000009214851104389 12.7175507708504011764037548212
17.700000000000000927036225562 12.8175421506640686300637990294
17.8000000000000009325873406851 12.9175341077152487789478380344
17.9000000000000009381384558083 13.0175266033520303921868889136
18.0000000000000009436895709314 13.117519601510392758308094812
18.1000000000000009492406860545 13.2175130685409687153250581366
18.2000000000000009547918011776 13.317506973047400259083881251
18.3000000000000009603429163008 13.4175012857355115204576621289
18.4000000000000009658940314239 13.5174959792725756716784205304
18.500000000000000971445146547 13.617491028156000643531208227
18.6000000000000009769962616701 13.7174864085908036368238002744
18.7000000000000009825473767933 13.8174820983752865070085485574
18.8000000000000009880984919164 13.9174780767943633895644522429
18.9000000000000009936496070395 14.0174743245200286021174582153
19.0000000000000009992007221626 14.1174708235184870813804291524
19.1000000000000010047518372858 14.2174675569635015514463436159
19.2000000000000010103029524089 14.3174645091555404266502448945
19.300000000000001015854067532 14.4174616654463382689729342045
19.4000000000000010214051826551 14.5174590121685065792571917485
19.5000000000000010269562977783 14.6174565365698569270422116866
19.6000000000000010325074129014 14.7174542267521210310966520449
19.7000000000000010380585280245 14.817452071613773499590975757
19.8000000000000010436096431476 14.9174500607966826259870753813
19.9000000000000010491607582708 15.0174481846363330081450692055
20.0000000000000010547118733939 15.1174464341153809016171871657
20.100000000000001060262988517 15.2174448008203192155478948242
20.2000000000000010658141036402 15.3174432769010439875111951282
20.3000000000000010713652187633 15.4174418550331281033858354328
20.4000000000000010769163338864 15.5174405283826210266407705753
20.5000000000000010824674490095 15.6174392905732054303833128138
20.6000000000000010880185641327 15.7174381356555529432741583812
20.7000000000000010935696792558 15.8174370580787317811313148058
20.8000000000000010991207943789 15.9174360526635288903109949149
20.900000000000001104671909502 16.0174351145775584239773660553
21.0000000000000011102230246252 16.1174342393120369522155996212
