601
-21 -400.959202141608655856187923553
-20.9499999999999999972244424384 -400.009202141608644899678249237
-20.8999999999999999944488848769 -399.059202141608633160566954439
-20.8499999999999999916733273153 -398.109202141608620582684011071
-20.7999999999999999888977697537 -397.159202141608607105827873638
-20.7499999999999999861222121922 -396.209202141608592665476123274
-20.6999999999999999833466546306 -395.2592021416085771924753437
-20.6499999999999999805710970691 -394.309202141608560612708738506
-20.5999999999999999777955395075 -393.35920214160854284673989217
-20.5499999999999999750199819459 -392.409202141608523809430962577
-20.4999999999999999722444243844 -391.459202141608503409533469889
-20.4499999999999999694688668228 -390.509202141608481549249714922
-20.3999999999999999666933092612 -389.55920214160845812376271899
-20.3499999999999999639177516997 -388.609202141608433020732425918
-20.2999999999999999611421941381 -387.659202141608406119755744714
-20.2499999999999999583666365766 -386.709202141608377291787837647
-20.199999999999999955591079015 -385.75920214160834639852187216
-20.1499999999999999528155214534 -384.809202141608313291724255431
-20.0999999999999999500399638919 -383.859202141608277812522156416
-20.0499999999999999472644063303 -382.909202141608239790639890883
-19.9999999999999999444888487687 -381.959202141608199043580499161
-19.9499999999999999417132912072 -381.009202141608155375748582877
-19.8999999999999999389377336456 -380.059202141608108577510184662
-19.8499999999999999361621760841 -379.109202141608058424185192162
-19.7999999999999999333866185225 -378.159202141608004674967423394
-19.7499999999999999306110609609 -377.209202141607947071767202896
-19.6999999999999999278355033994 -376.259202141607885337970865554
-19.6499999999999999250599458378 -375.309202141607819177111225721
-19.5999999999999999222843882762 -374.359202141607748271442621309
-19.5499999999999999195088307147 -373.409202141607672280413683857
-19.4999999999999999167332731531 -372.459202141607590839030494015
-19.4499999999999999139577155916 -371.50920214160750355610225504
-19.39999999999999991118215803 -370.559202141607410012361052192
-19.3499999999999999084066004684 -369.609202141607309758446660759
-19.2999999999999999056310429069 -368.659202141607202312746716777
-19.2499999999999999028554853453 -367.709202141607087159081869319
-19.1999999999999999000799277837 -366.75920214160696374422478815
-19.1499999999999998973043702222 -365.809202141606831475241101978
-19.0999999999999998945288126606 -364.859202141606689716639486621
-19.049999999999999891753255099 -363.909202141606537787317205153
-18.9999999999999998889776975375 -362.959202141606374957286418872
-18.9499999999999998862021399759 -362.009202141606200444165534285
-18.8999999999999998834265824144 -361.059202141606013409418721905
-18.8499999999999998806510248528 -360.109202141605812954325532304
-18.7999999999999998778754672912 -359.159202141605598115661237545
-18.7499999999999998750999097297 -358.209202141605367861067135763
-18.6999999999999998723243521681 -357.259202141605121084088566482
-18.6499999999999998695487946065 -356.309202141604856598856787101
-18.599999999999999866773237045 -355.359202141604573134389149248
-18.5499999999999998639976794834 -354.409202141604269328480179051
-18.4999999999999998612221219219 -353.459202141603943721154199091
-18.4499999999999998584465643603 -352.509202141603594747648022358
-18.3999999999999998556710067987 -351.559202141603220730889989857
-18.3499999999999998528954492372 -350.609202141602819873439202705
-18.2999999999999998501198916756 -349.659202141602390248846204994
-18.249999999999999847344334114 -348.709202141601929792393592963
-18.1999999999999998445687765525 -347.759202141601436291172045615
-18.1499999999999998417932189909 -346.809202141600907373444077702
-18.0999999999999998390176614294 -345.859202141600340497244392426
-18.0499999999999998362421038678 -344.90920214159973293816204198
-17.9999999999999998334665463062 -343.959202141599081776245671453
-17.9499999999999998306909887447 -343.009202141598383881968906745
-17.8999999999999998279154311831 -342.059202141597635901188429772
-17.8499999999999998251398736215 -341.109202141596834239022442657
-17.79999999999999982236431606 -340.159202141595975042572033462
-17.7499999999999998195887584984 -339.209202141595054182402394517
-17.6999999999999998168132009368 -338.259202141594067232694883668
-17.6499999999999998140376433753 -337.309202141593009449974530229
-17.5999999999999998112620858137 -336.359202141591875750310740385
-17.5499999999999998084865282522 -335.409202141590660684881618275
-17.4999999999999998057109706906 -334.45920214158935841378445379
-17.449999999999999802935413129 -333.509202141587962677966498398
-17.3999999999999998001598555675 -332.559202141586466769141115556
-17.3499999999999997973842980059 -331.609202141584863497544709074
-17.2999999999999997946087404443 -330.659202141583145157379454576
-17.2499999999999997918331828828 -329.709202141581303489775736153
-17.1999999999999997890576253212 -328.759202141579329643096268834
-17.1499999999999997862820677597 -327.809202141577214130391110493
-17.0999999999999997835065101981 -326.859202141574946783799072631
-17.0499999999999997807309526365 -325.909202141572516705676362528
-16.999999999999999777955395075 -324.95920214156991221621755882
-16.9499999999999997751798375134 -324.009202141567120797317163126
-16.8999999999999997724042799518 -323.059202141564129032401900847
-16.8499999999999997696287223903 -322.109202141560922541944577865
-16.7999999999999997668531648287 -321.159202141557485914349543435
-16.7499999999999997640776072672 -320.209202141553802631877563441
-16.6999999999999997613020497056 -319.259202141549854991254065314
-16.649999999999999758526492144 -318.309202141545624018579161773
-16.5999999999999997557509345825 -317.359202141541089378130472344
-16.5499999999999997529753770209 -316.409202141536229274620407597
-16.4999999999999997501998194593 -315.459202141531020348438120219
-16.4499999999999997474242618978 -314.50920214152543756337260818
-16.3999999999999997446487043362 -313.559202141519454086277316234
-16.3499999999999997418731467747 -312.609202141513041158097849191
-16.2999999999999997390975892131 -311.65920214150616795564289758
-16.2499999999999997363220316515 -310.709202141498801443433984
-16.19999999999999973354647409 -309.759202141490906214921952776
-16.1499999999999997307709165284 -308.809202141482444322307017245
-16.0999999999999997279953589668 -307.859202141473375094144402562
-16.0499999999999997252198014053 -306.909202141463654939858913898
-15.9999999999999997224442438437 -305.959202141453237140228838286
-15.9499999999999997196686862821 -305.009202141442071622832150598
-15.8999999999999997168931287206 -304.05920214143010472137571614
-15.849999999999999714117571159 -303.109202141417278917750716734
-15.7999999999999997113420135975 -302.159202141403532565574501501
-15.7499999999999997085664560359 -301.209202141388799593890078959
-15.6999999999999997057908984743 -300.259202141373009189599095621
-15.6499999999999997030153409128 -299.309202141356085457101929758
-15.5999999999999997002397833512 -298.359202141337947053508976081
-15.5499999999999996974642257896 -297.409202141318506797669781063
-15.4999999999999996946886682281 -296.459202141297671251140845408
-15.4499999999999996919131106665 -295.509202141275340269078034582
-15.399999999999999689137553105 -294.559202141251406518894982397
-15.3499999999999996863619955434 -293.609202141225754964373941292
-15.2999999999999996835864379818 -292.659202141198262312749481777
-15.2499999999999996808108804203 -291.709202141168796422107474161
-15.1999999999999996780353228587 -290.759202141137215666251042916
-15.1499999999999996752597652971 -289.809202141103368253980750982
-15.0999999999999996724842077356 -288.859202141067091499517165374
-15.049999999999999669708650174 -287.909202141028211040559123574
-14.9999999999999996669330926125 -286.959202140986540000219333526
-14.9499999999999996641575350509 -286.009202140941878088809189072
-14.8999999999999996613819774893 -285.059202140894010641155570613
-14.8499999999999996586064199278 -284.109202140842707584822538228
-14.7999999999999996558308623662 -283.159202140787722334278721998
-14.7499999999999996530553048046 -282.209202140728790605695275622
-14.6999999999999996502797472431 -281.259202140665629146677773859
-14.6499999999999996475041896815 -280.309202140597934374826568143
-14.5999999999999996447286321199 -279.35920214052538091858190291
-14.5499999999999996419530745584 -278.40920214044762005334043124
-14.4999999999999996391775169968 -277.45920214036427802532639519
-14.4499999999999996364019594353 -276.509202140274954255161234066
-14.3999999999999996336264018737 -275.559202140179219412497159787
-14.3499999999999996308508443121 -274.609202140076613352460513313
-14.2999999999999996280752867506 -273.659202139966642903986511046
-14.249999999999999625299729189 -272.709202139848779499415112721
-14.1999999999999996225241716274 -271.759202139722456633954771092
-14.1499999999999996197486140659 -270.80920213958706714280309127
-14.0999999999999996169730565043 -269.85920213944196028283700373
-14.0499999999999996141974989428 -268.909202139286438604845727108
-13.9999999999999996114219413812 -267.959202139119754601273050192
-13.9499999999999996086463838196 -267.009202138941107113356458073
-13.8999999999999996058708262581 -266.059202138749637480394179064
-13.8499999999999996030952686965 -265.109202138544425412631778301
-13.7999999999999996003197111349 -264.159202138324484567931513537
-13.7499999999999995975441535734 -263.209202138088757810963913586
-13.6999999999999995947685960118 -262.259202137836112132135096921
-13.6499999999999995919930384503 -261.309202137565333201827882711
-13.5999999999999995892174808887 -260.35920213727511953378189833
-13.5499999999999995864419233271 -259.40920213696407622955923096
-13.4999999999999995836663657656 -258.459202136630708274028676858
-13.449999999999999580890808204 -257.509202136273413349643632136
-13.3999999999999995781152506424 -256.55920213589047413497577132
-13.3499999999999995753396930809 -255.609202135480050050487757522
-13.2999999999999995725641355193 -254.659202135040168411871406073
-13.2499999999999995697885779578 -253.709202134568714948430211961
-13.1999999999999995670130203962 -252.759202134063423640933263987
-13.1499999999999995642374628346 -251.809202133521865830096636294
-13.0999999999999995614619052731 -250.859202132941438543342649309
-13.0499999999999995586863477115 -249.909202132319351983730077046
-12.9999999999999995559107901499 -248.959202131652616120921386736
-12.9499999999999995531352325884 -248.009202130938026319737074317
-12.8999999999999995503596750268 -247.059202130172147937221360438
-12.8499999999999995475841174652 -246.109202129351299814185702693
-12.7999999999999995448085599037 -245.159202128471536581882931029
-12.7499999999999995420330023421 -244.209202127528629698769784863
-12.6999999999999995392574447806 -243.259202126518047126211849219
-12.649999999999999536481887219 -242.309202125434931545443015574
-12.5999999999999995337063296574 -241.359202124274077011080187513
-12.5499999999999995309307720959 -240.409202123029903928979311633
-12.4999999999999995281552145343 -239.459202121696432238164821266
-12.4499999999999995253796569727 -238.509202120267252667932523125
-12.3999999999999995226040994112 -237.559202118735495931974344881
-12.3499999999999995198285418496 -236.609202117093799711457727167
-12.2999999999999995170529842881 -235.659202115334273268365127001
-12.2499999999999995142774267265 -234.709202113448459519009020929
-12.1999999999999995115018691649 -233.759202111427294385430208653
-12.1499999999999995087263116034 -232.809202109261063229303445841
-12.0999999999999995059507540418 -231.859202106939354158951590513
-12.0499999999999995031751964802 -230.909202104451007985040130059
-11.9999999999999995003996389187 -229.95920210178406458441592651
-11.9499999999999994976240813571 -229.009202098925705414289852527
-11.8999999999999994948485237956 -228.059202095862191900459708786
-11.849999999999999492072966234 -227.109202092578799403438478139
-11.7999999999999994892974086724 -226.159202089059746445098262887
-11.7499999999999994865218511109 -225.209202085288118855660006673
-11.6999999999999994837462935493 -224.259202081245788476443827168
-11.6499999999999994809707359877 -223.309202076913326027627126115
-11.5999999999999994781951784262 -222.359202072269907722211822414
-11.5499999999999994754196208646 -221.409202067293215177343266977
-11.4999999999999994726440633031 -220.459202061959328141907164496
-11.4499999999999994698685057415 -219.509202056242609524802296226
-11.3999999999999994670929481799 -218.559202050115582171280043609
-11.3499999999999994643173906184 -217.60920204354879679507877717
-11.2999999999999994615418330568 -216.659202036510690431571452663
-11.2499999999999994587662754952 -215.709202028967434731583917285
-11.1999999999999994559907179337 -214.759202020882773366710476557
-11.1499999999999994532151603721 -213.809202012217847764617492085
-11.0999999999999994504396028105 -212.859202002931010336733608771
-11.049999999999999447664045249 -211.909201992977624300607027613
-10.9999999999999994448884876874 -210.959201982309849134777073964
-10.9499999999999994421129301259 -210.009201970876410634949445957
-10.8999999999999994393373725643 -209.059201958622354466250016873
-10.8499999999999994365618150027 -208.109201945488782027005134773
-10.7999999999999994337862574412 -207.159201931412567354475700678
-10.7499999999999994310106998796 -206.209201916326053711849230014
-10.699999999999999428235142318 -205.259201900156728398130591661
-10.6499999999999994254595847565 -204.309201882826874217898713105
-10.5999999999999994226840271949 -203.359201864253195935710077855
-10.5499999999999994199084696334 -202.409201844346419919691041884
-10.4999999999999994171329120718 -201.459201823010865049991867164
-10.4499999999999994143573545102 -200.509201800143982829656427684
-10.3999999999999994115817969487 -199.559201775635864487428831856
-10.3499999999999994088062393871 -198.609201749368712703360105696
-10.2999999999999994060306818255 -197.659201721216275418031888411
-10.249999999999999403255124264 -196.709201691043239003962346212
-10.1999999999999994004795667024 -195.759201658704577882426064998
-10.1499999999999993977040091409 -194.809201624044857459565491334
-10.0999999999999993949284515793 -193.859201586897487031290089358
-10.0499999999999993921528940177 -192.909201547083919065972045105
-9.99999999999999938937733645616 -191.959201504412791016197906689
-9.9499999999999993866017788946 -191.009201458679005534584814855
-9.89999999999999938382622133304 -190.059201409662744672589795916
-9.84999999999999938105066377148 -189.109201357128413323907436094
-9.79999999999999937827510620991 -188.159201300823506833939395572
-9.74999999999999937549954864835 -187.209201240477397332293357804
-9.69999999999999937272399108679 -186.259201175800032954576421607
-9.64999999999999936994843352522 -185.309201106480543701010042147
-9.59999999999999936717287596366 -184.359201032185747230596914836
-9.5499999999999993643973184021 -183.409200952558547408556573247
-9.49999999999999936162176084053 -182.459200867216217909202843344
-9.44999999999999935884620327897 -181.50920077574856262388343243
-9.39999999999999935607064571741 -180.5592006777159440313825277
-9.34999999999999935329508815585 -179.609200572647170053453155362
-9.29999999999999935051953059428 -178.659200460037229237844427554
-9.24999999999999934774397303272 -177.709200339344863382047592027
-9.19999999999999934496841547116 -176.759200209989965929496829967
-9.14999999999999934219285790959 -175.809200071350793632366865224
-9.09999999999999933941730034803 -174.859199922760978077380386057
-9.04999999999999933664174278647 -173.909199763506322708855226822
-8.99999999999999933386618522491 -172.959199592821369951955022361
-8.94999999999999933109062766334 -172.009199409885721933795728412
-8.89999999999999932831507010178 -171.059199213820097115385430208
-8.84999999999999932553951254022 -170.109199003682103877635330713
-8.79999999999999932276395497865 -169.159198778461710743764938373
-8.74999999999999931998839741709 -168.209198537076391461784085172
-8.69999999999999931721283985553 -167.259198278365921607347270512
-8.64999999999999931443728229397 -166.309198001086801691615718167
-8.5999999999999993116617247324 -165.35919770390627996276182413
-8.54999999999999930888616717084 -164.409197385395946164761293585
-8.49999999999999930611060960928 -163.459197044024865453869837455
-8.44999999999999930333505204771 -162.509196678152219461736231522
-8.39999999999999930055949448615 -161.559196286019419123808866214
-8.34999999999999929778393692459 -160.609195865741651351128628401
-8.29999999999999929500837936303 -159.659195415298818900524601391
-8.24999999999999929223282180146 -158.709194932525829879516290933
-8.1999999999999992894572642399 -157.759194415102190193806854745
-8.14999999999999928668170667834 -156.809193860540848892042005149
-8.09999999999999928390614911677 -155.859193266176242768337229457
-8.04999999999999928113059155521 -154.909192629151482730603798134
-7.99999999999999927835503399365 -153.959191946404620313342939266
-7.94999999999999927557947643209 -153.00919121465392828739721328
-7.89999999999999927280391887052 -152.059190430382124574779232255
-7.84999999999999927002836130896 -151.109189589819463591227642676
-7.7999999999999992672528037474 -150.159188688925613688000208194
-7.74999999999999926447724618583 -149.209187723370233521259133578
-7.69999999999999926170168862427 -148.259186688512153913984070944
-7.64999999999999925892613106271 -147.30918557937706506136854335
-7.59999999999999925615057350115 -146.359184390633601733626923595
-7.54999999999999925337501593958 -145.409183116567711415218481428
-7.49999999999999925059945837802 -144.459181751055182049312667073
-7.44999999999999924782390081646 -143.509180287532197190794309781
-7.39999999999999924504834325489 -142.559178718963776867246593042
-7.34999999999999924227278569333 -141.60917703780995225903660434
-7.29999999999999923949722813177 -140.65917523598951138739121029
-7.2499999999999992367216705702 -139.709173304841141290115960115
-7.19999999999999923394611300864 -138.759171235081779611434153997
-7.14999999999999923117055544708 -137.809169016761975074209642026
-7.09999999999999922839499788552 -136.85916663921804187400454637
-7.04999999999999922561944032395 -135.909164091020777564655832128
-6.99999999999999922284388276239 -134.959161359920497418823560561
-6.94999999999999922006832520083 -134.009158432788120463221773532
-6.89999999999999921729276763926 -133.059155295552023319990136714
-6.8499999999999992145172100777 -132.109151933130357539499828212
-6.79999999999999921174165251614 -131.159148329358504185526362158
-6.74999999999999920896609495458 -130.209144466911315923476456373
-6.69999999999999920619053739301 -129.259140327219771650570555318
-6.64999999999999920341497983145 -128.309135890381641669328399944
-6.59999999999999920063942226989 -127.359131135065732408923597484
-6.54999999999999919786386470832 -126.409126038409248599567115492
-6.49999999999999919508830714676 -125.459120575907777448945700537
-6.4499999999999991923127495852 -124.509114721297363591240020799
-6.39999999999999918953719202364 -123.559108446428105200304442615
-6.34999999999999918676163446207 -122.609101721128660487722248196
-6.29999999999999918398607690051 -121.65909451306100963770794228
-6.24999999999999918121051933895 -120.70908678756476984265187407
-6.19999999999999917843496177738 -119.759078507490310257075705656
-6.14999999999999917565940421582 -118.809069633019859127266140967
-6.09999999999999917288384665426 -117.859060121475736802575751187
-6.0499999999999991701082890927 -116.90904992711478549474087304
-5.99999999999999916733273153113 -115.959039000907999202960740862
-5.94999999999999916455717396957 -115.009027290304284819376920499
-5.89999999999999916178161640801 -114.059014738977207699454028234
-5.84999999999999915900605884644 -113.109001286553491522788690109
-5.79999999999999915623050128488 -112.158986868321952648511290236
-5.74999999999999915345494372332 -111.20897141492145291767693382
-5.69999999999999915067938616176 -110.258954852006351467409846544
-5.64999999999999914790382860019 -109.308937099887825051904209403
-5.59999999999999914512827103863 -108.358918073149307023235417925
-5.54999999999999914235271347707 -107.408897680234166871600989163
-5.4999999999999991395771559155 -106.458875823003614368808125551
-5.44999999999999913680159835394 -105.508852396262664151899802415
-5.39999999999999913402604079238 -104.55882728725183721444587065
-5.34999999999999913125048323082 -103.608800375102104361395513234
-5.29999999999999912847492566925 -102.658771530250392274690552792
-5.24999999999999912569936810769 -101.708740613812774394125009392
-5.19999999999999912292381054613 -100.758707476912255214146383741
-5.14999999999999912014825298456 -99.8086719599578266064155339677
-5.099999999999999117372695423 -98.8586338918712270651616853979
-5.04999999999999911459713786144 -97.9085930892575678830998096455
-4.99999999999999911182158029987 -96.9585493555157026133089020609
-4.94999999999999910904602273831 -96.0085024798839060246762118683
-4.89999999999999910627046517675 -95.0584522364160942219272160291
-4.84999999999999910349490761519 -94.1083983828834566042934247015
-4.79999999999999910071935005362 -93.1583406595959806104156664564
-4.74999999999999909794379249206 -92.2082787881379292528328659376
-4.6999999999999990951682349305 -91.2582124700108765514357107031
-4.64999999999999909239267736893 -90.3081413851774141284792231996
-4.59999999999999908961711980737 -89.3580651904981101227942985458
-4.54999999999999908684156224581 -88.4079835180537255749260335887
-4.49999999999999908406600468425 -87.4578959733440695079903200489
-4.44999999999999908129044712268 -86.5078021333541976385451967026
-4.39999999999999907851488956112 -85.557701544477926081376705252
-4.34999999999999907573933199956 -84.6075937202878351132383348389
-4.29999999999999907296377443799 -83.6574781391400729859239092238
-4.24999999999999907018821687643 -82.7073542416013292065433118682
-4.19999999999999906741265931487 -81.7572214276843231489450282814
-4.14999999999999906463710175331 -80.8070790538770389804742140875
-4.09999999999999906186154419174 -79.8569264299497223635296755128
-4.04999999999999905908598663018 -78.9067628155223277970871633422
-3.99999999999999905631042906862 -77.9565874163736561191030882496
-3.94999999999999905353487150705 -77.0063993804718364872063280714
-3.89999999999999905075931394549 -76.0561977937040713544257852932
-3.84999999999999904798375638393 -75.1059816752816599616643794166
-3.79999999999999904520819882237 -74.1557499727942269556710513896
-3.7499999999999990424326412608 -73.2055015568847867510125033167
-3.69999999999999903965708369924 -72.2552352155147472324305331418
-3.64999999999999903688152613768 -71.3049496477851711721745168832
-3.59999999999999903410596857611 -70.3546434572775394472463514996
-3.54999999999999903133041101455 -69.404315144873861646781046069
-3.49999999999999902855485345299 -68.4539631010122168886572747482
-3.44999999999999902577929589143 -67.5035855973296348319650927202
-3.39999999999999902300373832986 -66.5531807776395915644674903299
-3.3499999999999990202281807683 -65.602746648186237142424723132
-3.29999999999999901745262320674 -64.6522810671117219696472619802
-3.24999999999999901467706564517 -63.7017817330665683534891973014
-3.19999999999999901190150808361 -62.7512461728858496455735494565
-3.14999999999999900912595052205 -61.8006717282458861809683899756
-3.09999999999999900635039296048 -60.850055541207121717089565032
-3.04999999999999900357483539892 -59.8993945385386633242331587492
-2.99999999999999900079927783736 -58.9486854147084853305029579858
-2.9499999999999989980237202758 -57.9979246134103198752763119028
-2.89999999999999899524816271423 -57.0471083074835558793577043795
-2.84999999999999899247260515267 -56.0962323770657786771437941772
-2.79999999999999898969704759111 -55.1452923857985914092607911052
-2.74999999999999898692149002954 -54.194283554885697998866724812
-2.69999999999999898414593246798 -53.2432007347774607004481466571
-2.64999999999999898137037490642 -52.292038374227756937015192291
-2.59999999999999897859481734486 -51.3407904864363374881691092268
-2.54999999999999897581925978329 -50.3894506119523006302079771665
-2.49999999999999897304370222173 -49.4380117779708714502524116737
-2.44999999999999897026814466017 -48.4864664536053652615858302921
-2.3999999999999989674925870986 -47.5348065006577591542601472465
-2.34999999999999896471702953704 -46.5830231193431754223812576104
-2.29999999999999896194147197548 -45.6311067883439522789616710925
-2.24999999999999895916591441392 -44.6790471984755999691895719581
-2.19999999999999895639035685235 -43.726833179137078185772708041
-2.14999999999999895361479929079 -42.7744526165881297120087190862
-2.09999999999999895083924172923 -41.8218923629427366748601408533
-2.04999999999999894806368416766 -40.8691381345850243763545794591
-1.9999999999999989452881266061 -39.9161743984957813627795357042
-1.94999999999999894251256904454 -38.9629842447162766592879001715
-1.89999999999999893973701148298 -38.0095492428613038345016120297
-1.84999999999999893696145392141 -37.0558492802128395670678954968
-1.79999999999999893418589635985 -36.1018623784634830565799051869
-1.74999999999999893141033879829 -35.1475644856146717153045536246
-1.69999999999999892863478123672 -34.192929238842528286902259223
-1.64999999999999892585922367516 -33.2379276932904675821355284573
-1.5999999999999989230836661136 -32.2825280106886466565500359862
-1.54999999999999892030810855204 -31.3266951003786821548964270871
-1.49999999999999891753255099047 -30.3706065979941257369411801571
-1.44999999999999891475699342891 -29.4135704102923682230738377406
-1.39999999999999891198143586735 -28.4561880932564412022124876519
-1.34999999999999890920587830578 -27.4981902445633720424682483875
-1.29999999999999890643032074422 -26.5395176903173235075569913357
-1.24999999999999890365476318266 -25.5801041575623902344573729342
-1.1999999999999989008792056211 -24.6198751577563523498635122527
-1.14999999999999889810364805953 -23.6587466415797193717162997531
-1.09999999999999889532809049797 -22.6966233661339862239360740629
-1.04999999999999889255253293641 -21.7333968970066805846583542163
1 -20.768943142084077377677269034
1.10000000000000000555111512313 -18.9613085557254562826705873073
1.20000000000000001110223024625 -17.3693756686640926931150954205
1.30000000000000001665334536938 -15.9568894663627942099148223501
1.4000000000000000222044604925 -14.6957010915580984144184158475
1.50000000000000002775557561563 -13.5635255545593707809397284941
1.60000000000000003330669073875 -12.5424249031704195253552902508
1.70000000000000003885780586188 -11.6177522635106932214593381882
1.80000000000000004440892098501 -10.7773983150651033277601660528
1.90000000000000004996003610813 -10.0112418757585925643966407215
2.00000000000000005551115123126 -9.31074165892421223656303175018
2.10000000000000006106226635438 -8.66862780811158791344453031096
2.20000000000000006661338147751 -8.07866532530460296156705545225
2.30000000000000007216449660064 -7.53547020292772544453103238231
2.40000000000000007771561172376 -7.03436479644860302469410240947
2.50000000000000008326672684689 -6.57126282398595539614493656691
2.60000000000000008881784197001 -6.1425770154426399270605113526
2.70000000000000009436895709314 -5.74514426968417237273486018939
2.80000000000000009992007221626 -5.37616447770399251651111663969
2.90000000000000010547118733939 -5.03315010392762252734067742138
3.00000000000000011102230246252 -4.71388430008790286586166662445
3.10000000000000011657341758564 -4.41638583228108360010687081299
3.20000000000000012212453270877 -4.13887948311065128172633248741
3.30000000000000012767564783189 -3.87977088207969405214827302754
3.40000000000000013322676295502 -3.63762494245919410119219207227
3.50000000000000013877787807814 -3.41114725823650717770780018596
3.60000000000000014432899320127 -3.19916795202897871651877858976
3.7000000000000001498801083244 -3.00062757238000762351667605728
3.80000000000000015543122344752 -2.81456472284538824742104136812
3.90000000000000016098233857065 -2.64010517050846613083498381071
4.00000000000000016653345369377 -2.47645223184141514759168230263
4.1000000000000001720845688169 -2.32287827226366894514885775029
4.20000000000000017763568394003 -2.17871718490463977261403480238
4.30000000000000018318679906315 -2.04335773608050010327914920047
4.40000000000000018873791418628 -1.91623768158660529070266635929
4.5000000000000001942890293094 -1.79683857049520331249571216303
4.60000000000000019984014443253 -1.68468116284451730481301629581
4.70000000000000020539125955565 -1.57932139526657739123726987621
4.80000000000000021094237467878 -1.48034683486734126619113641292
4.90000000000000021649348980191 -1.38737356700545544887631317776
5.00000000000000022204460492503 -1.30004346733495269983981373691
5.10000000000000022759572004816 -1.21802181279190674568054914775
5.20000000000000023314683517128 -1.14099519024355424528337326322
5.30000000000000023869795029441 -1.06866966535045591305206133925
5.40000000000000024424906541753 -1.00076917784842891688219085188
5.50000000000000024980018054066 1.06583990106727322911782939726
5.60000000000000025535129566379 1.13420918073383121483285301941
5.70000000000000026090241078691 1.2042708922241020666264100447
5.80000000000000026645352591004 1.27595679822606987935452063889
5.90000000000000027200464103316 1.34919894753653754875485334848
6.00000000000000027755575615629 1.42392998507283814888609155069
6.10000000000000028310687127941 1.50008342782173457824044896273
6.20000000000000028865798640254 1.57759390761482748299701170257
6.30000000000000029420910152567 1.65639738192410855144144177032
6.40000000000000029976021664879 1.73643131413113651696965443328
6.50000000000000030531133177192 1.81763482493476026279766480716
6.60000000000000031086244689504 1.89994881672432746531928049691
6.70000000000000031641356201817 1.98331607285915557575727007502
6.8000000000000003219646771413 2.06768133386369014837535711961
6.90000000000000032751579226442 2.1529913525754241626194297903
7.00000000000000033306690738755 2.23919493027423988337893381067
7.10000000000000033861802251067 2.32624293578266783703567179937
7.2000000000000003441691376338 2.41408830946200429516662104943
7.30000000000000034972025275692 2.50268605394448916689944137797
7.40000000000000035527136788005 2.59199321334168546227965776953
7.50000000000000036082248300318 2.68196884255823979711279098145
7.6000000000000003663735981263 2.7725739682222528994604945253
7.70000000000000037192471324943 2.86377154262192735860379187423
7.80000000000000037747582837255 2.9555263919158319461771455118
7.90000000000000038302694349568 3.04780515976336270082332759481
8.0000000000000003885780586188 3.14057624740465212888627385062
8.10000000000000039412917374193 3.23380975110671276070283935732
8.20000000000000039968028886506 3.32747739778605505754282049416
8.30000000000000040523140398818 3.42155247951812019998566910087
8.40000000000000041078251911131 3.51600978755106619825349417599
8.50000000000000041633363423443 3.61082554635596144562804261826
8.60000000000000042188474935756 3.70597734816730675537558219564
8.70000000000000042743586448069 3.80144408839691043475563541374
8.80000000000000043298697960381 3.89720590224025242000665509276
8.90000000000000043853809472694 3.99324410273727973558906576155
9.00000000000000044408920985006 4.08954112049870376722202720206
9.10000000000000044964032497319 4.18608044526390846574952377868
9.20000000000000045519144009631 4.28284656941709424970196147617
9.30000000000000046074255521944 4.37982493355383353052482952086
9.40000000000000046629367034257 4.47700187416036150765241192429
9.50000000000000047184478546569 4.57436457344224201466060447279
9.60000000000000047739590058882 4.67190101131712144107346634838
9.70000000000000048294701571194 4.76959991956772395924424540591
9.80000000000000048849813083507 4.8674507381356823021026599382
9.90000000000000049404924595819 4.96544357352389968254513654799
10.0000000000000004996003610813 5.06356915926458604038005981839
10.1000000000000005051514762044 5.16181881840161798685924235053
10.2000000000000005107025913276 5.26018442792917480906695294608
10.3000000000000005162537064507 5.35865838512346585464307554573
10.4000000000000005218048215738 5.45723357570057441101033131295
10.5000000000000005273559366969 5.55590334373080898765607457338
10.6000000000000005329070518201 5.65466146323830463791454752365
10.7000000000000005384581669432 5.75350211141380373882530426771
10.8000000000000005440092820663 5.85241984336843420764862807229
10.9000000000000005495603971895 5.95140956835677624278375669045
11.0000000000000005551115123126 6.05046652739846365398555230086
11.1000000000000005606626274357 6.14958627222891313117440229118
11.2000000000000005662137425588 6.24876464551143661009681650794
11.300000000000000571764857682 6.34799776224490097118641243879
11.4000000000000005773159728051 6.44728199230319777094162559615
11.5000000000000005828670879282 6.54661394404502397883049159162
11.6000000000000005884182030513 6.64599044893481054519817504524
11.7000000000000005939693181745 6.74540854711803328897824620032
11.8000000000000005995204332976 6.84486547389656997150787290285
11.9000000000000006050715484207 6.94435864705220337633586837019
12.0000000000000006106226635438 7.04388565496879192715738218818
12.100000000000000616173778667 7.143444245506019781154649558
12.2000000000000006217248937901 7.24303231557998361330618021673
12.3000000000000006272760089132 7.34264790140816243690798713804
12.4000000000000006328271240363 7.44228916937854116731393008057
12.5000000000000006383782391595 7.54195440750481166454255398811
12.6000000000000006439293542826 7.64164201743165186903235239923
12.7000000000000006494804694057 7.74135050695608103720423456363
12.8000000000000006550315845288 7.84107848303280490030458646691
12.900000000000000660582699652 7.94082464523329776547774409117
13.0000000000000006661338147751 8.04058777963011897333370210877
13.1000000000000006716849298982 8.14036675307962925675876052879
13.2000000000000006772360450213 8.24016050787785952897474559239
13.3000000000000006827871601445 8.33996805676579205137891262317
13.4000000000000006883382752676 8.43978847826174375165593157239
13.5000000000000006938893903907 8.53962091229989592685892768273
13.6000000000000006994405055138 8.63946455615529613944546637416
13.700000000000000704991620637 8.73931866063686941966961399817
13.8000000000000007105427357601 8.83918252653111965610439187523
13.9000000000000007160938508832 8.93905550128028108375996155467
14.0000000000000007216449660064 9.03893697587969689296029808325
14.1000000000000007271960811295 9.13882638198016000975913788004
14.2000000000000007327471962526 9.23872318918185284550171143135
14.3000000000000007382983113757 9.33862690250737104248820843537
14.4000000000000007438494264989 9.43853706004211366042974899833
14.500000000000000749400541622 9.53845323073107149072693734282
14.6000000000000007549516567451 9.6383750123217488097355639961
14.7000000000000007605027718682 9.7383020294436143592645188384
14.8000000000000007660538869914 9.83823393181509705267974615625
14.9000000000000007716050021145 9.93817039256972313389143572476
15.0000000000000007771561172376 10.0381111066935364536060510166
15.1000000000000007827072323607 10.1380557895664542648968675082
15.2000000000000007882583474839 10.2380041756006894738912572076
15.300000000000000793809462607 10.3379560169698185108123524169
15.4000000000000007993605777301 10.4379110824224937170961797446
15.5000000000000008049116928532 10.5378691561751920890193914664
15.6000000000000008104628079764 10.6378300368787600007428403115
15.7000000000000008160139230995 10.7377935366538576865669117479
15.8000000000000008215650382226 10.8377594801907292463288833379
15.9000000000000008271161533457 10.9377277039090251214058626191
16.0000000000000008326672684689 11.0376980551736856664783260426
16.100000000000000838218383592 11.1376703915631578347467258128
16.2000000000000008437694987151 11.2376445801864632516324949916
16.3000000000000008493206138382 11.3376204970458661566808781847
16.4000000000000008548717289614 11.4375980264421048638335839967
16.5000000000000008604228440845 11.5375770604193514839621499407
16.6000000000000008659739592076 11.6375574982472525702879661701
16.7000000000000008715250743307 11.737539245937578932085130288
16.8000000000000008770761894539 11.83752221579317690812560014
16.900000000000000882627304577 11.9375063259870666430207703409
17.0000000000000008881784197001 12.0374915001696760650930305183
17.1000000000000008937295348233 12.1374776671023329782647300694
17.2000000000000008992806499464 12.2374647603152625662124459879
17.3000000000000009048317650695 12.3374527177884542395675031553
17.4000000000000009103828801926 12.4374414816538706747263650875
17.5000000000000009159339953158 12.5374309979175736001198217763
17.6000000000000009214851104389 12.6374212162004358546618355153
17.700000000000000927036225562 12.7374120894961979154202889078
17.8000000000000009325873406851 12.8374035739457098808084033078
17.9000000000000009381384558083 12.9373956286262771886395383155
18.0000000000000009436895709314 13.0373882153551005070854477666
18.1000000000000009492406860545 13.1373812985058675993630175092
18.2000000000000009547918011776 13.2373748448376178463150318991
18.3000000000000009603429163008 13.3373688233350588108292898202
18.4000000000000009658940314239 13.4373632050595690208548221151
18.500000000000000971445146547 13.5373579630101722921592863656
18.6000000000000009769962616701 13.637353071993816649550924864
18.7000000000000009825473767933 13.7373485085043354618534192468
18.8000000000000009880984919164 13.8373442506095099924477994578
18.9000000000000009936496070395 13.9373402778456913807939791044
19.0000000000000009992007221626 14.0373365711194762951578385583
19.1000000000000010047518372858 14.1373331126159643048097390031
19.2000000000000010103029524089 14.2373298857131565718943256266
19.300000000000001015854067532 14.3373268749020849090596733697
19.4000000000000010214051826551 14.4373240657122877289199032755
19.5000000000000010269562977783 14.5373214446422750563834029547
19.6000000000000010325074129014 14.6373189990946487070189971384
19.7000000000000010380585280245 14.7373167173155660680685261866
19.8000000000000010436096431476 14.8373145883382567599942992223
19.9000000000000010491607582708 14.9373126019303209050528968452
20.0000000000000010547118733939 15.0373107485445558781878185729
20.100000000000001060262988517 15.1373090192730753512382123463
20.2000000000000010658141036402 15.2373074058045002450124324513
20.3000000000000010713652187633 15.3373059003840159507340747683
20.4000000000000010769163338864 15.4373044957761039432681582211
20.5000000000000010824674490095 15.5373031852297687492154248941
20.6000000000000010880185641327 15.6373019624460932148785712925
20.7000000000000010935696792558 15.7373008215479661996172636024
20.8000000000000010991207943789 15.8372997570518372527584090583
20.900000000000001104671909502 15.9372987638413625669849480318
21.0000000000000011102230246252 16.0372978371428155846290516755
