601
-21 -421.995728017633769295499024442
-20.9499999999999999972244424384 -420.995728017633758295539149288
-20.8999999999999999944488848769 -419.995728017633746510058293668
-20.8499999999999999916733273153 -418.995728017633733882676896917
-20.7999999999999999888977697537 -417.995728017633720352968842089
-20.7499999999999999861222121922 -416.995728017633705856171020593
-20.6999999999999999833466546306 -415.995728017633690322872051293
-20.6499999999999999805710970691 -414.995728017633673678678657887
-20.5999999999999999777955395075 -413.995728017633655843858101046
-20.5499999999999999750199819459 -412.995728017633636732954946659
-20.4999999999999999722444243844 -411.995728017633616254380328219
-20.4499999999999999694688668228 -410.995728017633594309971729139
-20.3999999999999999666933092612 -409.995728017633570794521169124
-20.3499999999999999639177516997 -408.995728017633545595269526848
-20.2999999999999999611421941381 -407.995728017633518591364568414
-20.2499999999999999583666365766 -406.995728017633489653280076645
-20.199999999999999955591079015 -405.995728017633458642193289266
-20.1499999999999999528155214534 -404.995728017633425409317653675
-20.0999999999999999500399638919 -403.995728017633389795187691211
-20.0499999999999999472644063303 -402.995728017633351628892533655
-19.9999999999999999444888487687 -401.99572801763331072725444799
-19.9499999999999999417132912072 -400.995728017633266893948401041
-19.8999999999999999389377336456 -399.99572801763321991855843222
-19.8499999999999999361621760841 -398.995728017633169575566298873
-19.7999999999999999333866185225 -397.995728017633115623267533208
-19.7499999999999999306110609609 -396.995728017633057802609700868
-19.6999999999999999278355033994 -395.995728017632995835947277302
-19.6499999999999999250599458378 -394.995728017632929425707157307
-19.5999999999999999222843882762 -393.995728017632858252958383559
-19.5499999999999999195088307147 -392.99572801763278197587921962
-19.4999999999999999167332731531 -391.995728017632700228114199453
-19.4499999999999999139577155916 -390.995728017632612617013256709
-19.39999999999999991118215803 -389.995728017632518721744470209
-19.3499999999999999084066004684 -388.995728017632418091271354645
-19.2999999999999999056310429069 -387.99572801763231024218497443
-19.2499999999999999028554853453 -386.995728017632194656380460846
-19.1999999999999999000799277837 -385.995728017632070778566764792
-19.1499999999999998973043702222 -384.995728017631938013597675855
-19.0999999999999998945288126606 -383.995728017631795723611279387
-19.049999999999999891753255099 -382.995728017631643224964102505
-18.9999999999999998889776975375 -381.995728017631479784945213134
-18.9499999999999998862021399759 -380.995728017631304618254478568
-18.8999999999999998834265824144 -379.995728017631116883228056445
-18.8499999999999998806510248528 -378.995728017630915677792976141
-18.7999999999999998778754672912 -377.995728017630700035131366473
-18.7499999999999998750999097297 -376.995728017630468919033489998
-18.6999999999999998723243521681 -375.995728017630221218917248502
-18.6499999999999998695487946065 -374.99572801762995574449022115
-18.599999999999999866773237045 -373.99572801762967122002857863
-18.5499999999999998639976794834 -372.99572801762936627824537516
-18.4999999999999998612221219219 -371.995728017629039453718746574
-18.4499999999999998584465643603 -370.995728017628689175848427438
-18.3999999999999998556710067987 -369.995728017628313761306733001
-18.3499999999999998528954492372 -368.995728017627911405947721994
-18.2999999999999998501198916756 -367.995728017627480176135652016
-18.249999999999999847344334114 -366.995728017627017999451048146
-18.1999999999999998445687765525 -365.995728017626522654729713913
-18.1499999999999998417932189909 -364.9957280176259917613868076
-18.0999999999999998390176614294 -363.99572801762542276797467053
-18.0499999999999998362421038678 -362.995728017624812939919411074
-17.9999999999999998334665463062 -361.995728017624159346377300829
-17.9499999999999998306909887447 -360.995728017623458846147808843
-17.8999999999999998279154311831 -359.995728017622708072575565522
-17.8499999999999998251398736215 -358.995728017621903417368688214
-17.79999999999999982236431606 -357.995728017621041013255691995
-17.7499999999999998195887584984 -356.995728017620116715397626877
-17.6999999999999998168132009368 -355.995728017619126081466099755
-17.6499999999999998140376433753 -354.995728017618064350291427002
-17.5999999999999998112620858137 -353.995728017616926418978291045
-17.5499999999999998084865282522 -352.995728017615706818378908376
-17.4999999999999998057109706906 -351.995728017614399686805821901
-17.449999999999999802935413129 -350.995728017612998741857969383
-17.3999999999999998001598555675 -349.995728017611497250224611253
-17.3499999999999997973842980059 -348.995728017609887995321981774
-17.2999999999999997946087404443 -347.99572801760816324260711059
-17.2499999999999997918331828828 -346.995728017606314702402097151
-17.1999999999999997890576253212 -345.995728017604333490050154583
-17.1499999999999997862820677597 -344.995728017602210083211914873
-17.0999999999999997835065101981 -343.995728017599934276096741999
-17.0499999999999997807309526365 -342.995728017597495130409067938
-16.999999999999999777955395075 -341.995728017594880922773977352
-16.9499999999999997751798375134 -340.995728017592079088389344439
-16.8999999999999997724042799518 -339.995728017589076160633688539
-16.8499999999999997696287223903 -338.995728017585857706339476428
-16.7999999999999997668531648287 -337.995728017582408256420765386
-16.7499999999999997640776072672 -336.995728017578711231521752004
-16.6999999999999997613020497056 -335.995728017574748862328859884
-16.649999999999999758526492144 -334.995728017570502104163349951
-16.5999999999999997557509345825 -333.995728017565950545443946666
-16.5499999999999997529753770209 -332.995728017561072309579509965
-16.4999999999999997501998194593 -331.995728017555843949820204553
-16.4499999999999997474242618978 -330.995728017550240336561773524
-16.3999999999999997446487043362 -329.995728017544234536561249469
-16.3499999999999997418731467747 -328.995728017537797683483558944
-16.2999999999999997390975892131 -327.995728017530898839156808469
-16.2499999999999997363220316515 -326.995728017523504844869381993
-16.19999999999999973354647409 -325.995728017515580161994116119
-16.1499999999999997307709165284 -324.995728017507086701173520513
-16.0999999999999997279953589668 -323.995728017497983639245030103
-16.0499999999999997252198014053 -322.995728017488227223026348688
-15.9999999999999997224442438437 -321.995728017477770559017787213
-15.9499999999999997196686862821 -320.995728017466563388010810654
-15.8999999999999997168931287206 -319.995728017454551843519459834
-15.849999999999999714117571159 -318.995728017441678192873559871
-15.7999999999999997113420135975 -317.995728017427880559729291663
-15.7499999999999997085664560359 -316.995728017413092626663386178
-15.6999999999999997057908984743 -315.995728017397243316421474199
-15.6499999999999997030153409128 -314.995728017380256450288526332
-15.5999999999999997002397833512 -313.995728017362050381939356459
-15.5499999999999996974642257896 -312.995728017342537605009307881
-15.4999999999999996946886682281 -311.995728017321624332498928631
-15.4499999999999996919131106665 -310.995728017299210045991063822
-15.399999999999999689137553105 -309.99572801727518701251369764
-15.3499999999999996863619955434 -308.995728017249439766726368378
-15.2999999999999996835864379818 -307.995728017221844555941309237
-15.2499999999999996808108804203 -306.995728017192268745311834437
-15.1999999999999996780353228587 -305.995728017160570180329035864
-15.1499999999999996752597652971 -304.995728017126596503562659817
-15.0999999999999996724842077356 -303.995728017090184422362110168
-15.049999999999999669708650174 -302.995728017051158923997816331
-14.9999999999999996669330926125 -301.99572801700933243447057894
-14.9499999999999996641575350509 -300.99572801696450391694574886
-14.8999999999999996613819774893 -299.995728016916457905478904642
-14.8499999999999996586064199278 -298.995728016864963469388675081
-14.7999999999999996558308623662 -297.995728016809773103299012204
-14.7499999999999996530553048046 -296.995728016750621537515953592
-14.6999999999999996502797472431 -295.995728016687224463021004294
-14.6499999999999996475041896815 -294.995728016619277164952877262
-14.5999999999999996447286321199 -293.995728016546453058009484661
-14.5499999999999996419530745584 -292.995728016468402116730656568
-14.4999999999999996391775169968 -291.995728016384749193116812531
-14.4499999999999996364019594353 -290.995728016295092213497296837
-14.3999999999999996336264018737 -289.995728016199000245981707293
-14.3499999999999996308508443121 -288.995728016096011429205510334
-14.2999999999999996280752867506 -287.995728015985630752414552515
-14.249999999999999625299729189 -286.995728015867327676218545551
-14.1999999999999996225241716274 -285.995728015740533582577784655
-14.1499999999999996197486140659 -284.995728015604639041766577147
-14.0999999999999996169730565043 -283.995728015458990883177165043
-14.0499999999999996141974989428 -282.995728015302889055885093497
-13.9999999999999996114219413812 -281.995728015135583263886474715
-13.9499999999999996086463838196 -280.995728014956269359834567498
-13.8999999999999996058708262581 -279.995728014764085479942330293
-13.8499999999999996030952686965 -278.99572801455810790147353134
-13.7999999999999996003197111349 -277.995728014337346602911633754
-13.7499999999999995975441535734 -276.995728014100740505466607181
-13.6999999999999995947685960118 -275.995728013847152373048182506
-13.6499999999999995919930384503 -274.995728013575363346192500024
-13.5999999999999995892174808887 -273.995728013284067083669714517
-13.5499999999999995864419233271 -272.995728012971863483614456299
-13.4999999999999995836663657656 -271.995728012637251954000042218
-13.449999999999999580890808204 -270.995728012278624200111270788
-13.3999999999999995781152506424 -269.995728011894256494349110218
-13.3499999999999995753396930809 -268.995728011482301391212438482
-13.2999999999999995725641355193 -267.995728011040778847635261826
-13.2499999999999995697885779578 -266.995728010567566705999704412
-13.1999999999999995670130203962 -265.995728010060390494081789832
-13.1499999999999995642374628346 -264.995728009516812492903901315
-13.0999999999999995614619052731 -263.9957280089342200199490314
-13.0499999999999995586863477115 -262.995728008309812871420600755
-12.9999999999999995559107901499 -261.995728007640589863189612808
-12.9499999999999995531352325884 -260.995728006923334405738788237
-12.8999999999999995503596750268 -259.995728006154599043770268727
-12.8499999999999995475841174652 -258.995728005330688886167176188
-12.7999999999999995448085599037 -257.995728004447643846665843175
-12.7499999999999995420330023421 -256.995728003501219609879257489
-12.6999999999999995392574447806 -255.995728002486867231185713597
-12.649999999999999536481887219 -254.995728001399711272430388493
-12.5999999999999995337063296574 -253.995728000234526368349999174
-12.5499999999999995309307720959 -252.995727998985712111088027096
-12.4999999999999995281552145343 -251.995727997647266132083958061
-12.4499999999999995253796569727 -250.995727996212755251955727978
-12.3999999999999995226040994112 -249.995727994675284559708441288
-12.3499999999999995198285418496 -248.995727993027464272649805623
-12.2999999999999995170529842881 -247.995727991261374217725766325
-12.2499999999999995142774267265 -246.995727989368525763557256858
-12.1999999999999995115018691649 -245.995727987339821020205855246
-12.1499999999999995087263116034 -244.995727985165509110563557579
-12.0999999999999995059507540418 -243.995727982835139303186725435
-12.0499999999999995031751964802 -242.995727980337510781308882142
-11.9999999999999995003996389187 -241.995727977660618806598914971
-11.9499999999999994976240813571 -240.995727974791597018902673844
-11.8999999999999994948485237956 -239.995727971716655594633651751
-11.849999999999999492072966234 -238.995727968421014966573119014
-11.7999999999999994892974086724 -237.995727964888834786506087009
-11.7499999999999994865218511109 -236.99572796110313778925425383
-11.6999999999999994837462935493 -235.995727957045728192160731515
-11.6499999999999994809707359877 -234.995727952697104237816080207
-11.5999999999999994781951784262 -233.995727948036364459664732852
-11.5499999999999994754196208646 -232.995727943041107219959977102
-11.4999999999999994726440633031 -231.995727937687323037199249339
-11.4499999999999994698685057415 -230.995727931949279185514160791
-11.3999999999999994670929481799 -229.995727925799396011344832624
-11.3499999999999994643173906184 -228.995727919208114372917224172
-11.2999999999999994615418330568 -227.995727912143753565373839044
-11.2499999999999994587662754952 -226.995727904572359048677395741
-11.1999999999999994559907179337 -225.995727896457539246393939417
-11.1499999999999994532151603721 -224.995727887760290630930858647
-11.0999999999999994504396028105 -223.995727878438810254503854139
-11.049999999999999447664045249 -222.995727868448294824764459753
-10.9999999999999994448884876874 -221.995727857740725359346188993
-10.9499999999999994421129301259 -220.995727846264636384271901687
-10.8999999999999994393373725643 -219.995727833964868566874370855
-10.8499999999999994365618150027 -218.995727820782303594259177534
-10.7999999999999994337862574412 -217.995727806653580023001237136
-10.7499999999999994310106998796 -216.995727791510788734303257146
-10.699999999999999428235142318 -215.995727775281146530816589081
-10.6499999999999994254595847565 -214.9957277578866463062610548
-10.5999999999999994226840271949 -213.995727739243682106375359938
-10.5499999999999994199084696334 -212.995727719262647279042363349
-10.4999999999999994171329120718 -211.995727697847503782083601907
-10.4499999999999994143573545102 -210.9957276748953205785832794
-10.3999999999999994115817969487 -209.995727650295778901016984155
-10.3499999999999994088062393871 -208.995727623930642006210428649
-10.2999999999999994060306818255 -207.995727595673186872472954529
-10.249999999999999403255124264 -206.995727565387595107318908538
-10.1999999999999994004795667024 -205.995727532928300138127853685
-10.1499999999999993977040091409 -204.995727498139287547959384935
-10.0999999999999993949284515793 -203.995727460853345193519850232
-10.0499999999999993921528940177 -202.99572742089125950089378684
-9.99999999999999938937733645616 -201.995727378060954075941883278
-9.9499999999999993866017788946 -200.99572733215656648898596076
-9.89999999999999938382622133304 -199.995727282957458796216721344
-9.84999999999999938105066377148 -198.995727230227157041742999078
-9.79999999999999937827510620991 -197.99572717371221464282054479
-9.74999999999999937549954864835 -196.995727113140994194912577816
-9.69999999999999937272399108679 -195.995727048222361841084185112
-9.64999999999999936994843352522 -194.995726978644287929932540818
-9.59999999999999936717287596366 -193.995726904072347235783845874
-9.5499999999999993643973184021 -192.995726824148111532079693224
-9.49999999999999936162176084053 -191.995726738487426791408521255
-9.44999999999999935884620327897 -190.99572664667856673102344388
-9.39999999999999935607064571741 -189.99572654828025382825881683
-9.34999999999999935329508815585 -188.995726442819538293155604185
-9.29999999999999935051953059428 -187.995726329789524802765771818
-9.24999999999999934774397303272 -186.995726208646936069744251532
-9.19999999999999934496841547116 -185.995726078809501533433229408
-9.14999999999999934219285790959 -184.995725939653158620924424123
-9.09999999999999933941730034803 -183.99572579050905312450632437
-9.04999999999999933664174278647 -182.995725630660324276130111098
-8.99999999999999933386618522491 -181.995725459338659064413724478
-8.94999999999999933109062766334 -180.995725275720599230267813298
-8.89999999999999932831507010178 -179.995725078923583188131695227
-8.84999999999999932553951254022 -178.995724868001703845329758838
-8.79999999999999932276395497865 -177.995724641941161926065344713
-8.74999999999999931998839741709 -176.995724399655392942485406352
-8.69999999999999931721283985553 -175.995724139979844386027710846
-8.64999999999999931443728229397 -174.995723861666378030348644614
-8.5999999999999993116617247324 -173.995723563377270434426063713
-8.54999999999999930888616717084 -172.995723243678782802257679521
-8.49999999999999930611060960928 -171.995722901034269284626167692
-8.44999999999999930333505204771 -170.995722533796790588702786714
-8.39999999999999930055949448615 -169.995722140201197382118990605
-8.34999999999999929778393692459 -168.995721718355645428087604726
-8.29999999999999929500837936303 -167.995721266232501654913354329
-8.24999999999999929223282180146 -166.995720781658597433623435833
-8.1999999999999992894572642399 -165.995720262304782197349721365
-8.14999999999999928668170667834 -164.995719705674727170364503952
-8.09999999999999928390614911677 -163.995719109092925367079241189
-8.04999999999999928113059155521 -162.995718469691830154457680511
-7.99999999999999927835503399365 -161.99571778439807052651265247
-7.94999999999999927557947643209 -160.995717049917676796844686988
-7.89999999999999927280391887052 -159.995716262720245653091055698
-7.84999999999999927002836130896 -158.995715419021968412687172808
-7.7999999999999992672528037474 -157.995714514767440847837827443
-7.74999999999999926447724618583 -156.995713545610167082609866614
-7.69999999999999926170168862427 -155.99571250689166377823426472
-7.64999999999999925892613106271 -154.995711393619064083635232884
-7.59999999999999925615057350115 -153.995710200441113604276188536
-7.54999999999999925337501593958 -152.995708921622442898652909182
-7.49999999999999925059945837802 -151.995707551015992710662789552
-7.44999999999999924782390081646 -150.995706082033459247403547487
-7.39999999999999924504834325489 -149.995704507613617272550904071
-7.34999999999999924227278569333 -148.995702820188368559042004264
-7.29999999999999923949722813177 -147.995701011646352281691360117
-7.2499999999999992367216705702 -146.995699073293942177314587089
-7.19999999999999923394611300864 -145.995696995813442699774589583
-7.14999999999999923117055544708 -144.995694769218282888766697222
-7.09999999999999922839499788552 -143.995692382804992188314708124
-7.04999999999999922561944032395 -142.995689825101726923236306851
-6.99999999999999922284388276239 -141.995687083813099493458683014
-6.94999999999999922006832520083 -140.995684145761044495668788942
-6.89999999999999921729276763926 -139.995680996821436842036778316
-6.8499999999999992145172100777 -138.995677621856156422899476535
-6.79999999999999921174165251614 -137.9956740046402718536667904
-6.74999999999999920896609495458 -136.995670127783992247718204703
-6.69999999999999920619053739301 -135.995665972649010650591772729
-6.64999999999999920341497983145 -134.995661519258835631629890157
-6.59999999999999920063942226989 -133.995656746202678423464312662
-6.54999999999999919786386470832 -132.995651630532431783348966609
-6.49999999999999919508830714676 -131.995646147652243268686470472
-6.4499999999999991923127495852 -130.995640271200149705864426744
-6.39999999999999918953719202364 -129.995633972921201107957370722
-6.34999999999999918676163446207 -128.995627222531460970733907724
-6.29999999999999918398607690051 -127.995619987572225540986703868
-6.24999999999999918121051933895 -126.995612233253757084051876958
-6.19999999999999917843496177738 -125.995603922287775139156006052
-6.14999999999999917565940421582 -124.99559501470789498429306365
-6.09999999999999917288384665426 -123.995585467677143759300082434
-6.0499999999999991701082890927 -122.995575235281621617911736502
-5.99999999999999916733273153113 -121.995564268309307574953270057
-5.94999999999999916455717396957 -120.995552514012937036571619783
-5.89999999999999916178161640801 -119.995539915855799975484516012
-5.84999999999999915900605884644 -118.995526413239224936232042811
-5.79999999999999915623050128488 -117.995511941210424092044971301
-5.74999999999999915345494372332 -116.995496430149277955286596009
-5.69999999999999915067938616176 -115.995479805432534559964141255
-5.64999999999999914790382860019 -114.995461987073786439142198615
-5.59999999999999914512827103863 -113.995442889337468919335505485
-5.54999999999999914235271347707 -112.995422420324994506769774123
-5.4999999999999991395771559155 -111.995400481530999752616124403
-5.44999999999999913680159835394 -110.995376967367532204132774745
-5.39999999999999913402604079238 -109.995351764653845061345107143
-5.34999999999999913125048323082 -108.995324752069295080897306312
-5.29999999999999912847492566925 -107.995295799566654141124512444
-5.24999999999999912569936810769 -106.995264767742945663798054748
-5.19999999999999912292381054613 -105.99523150716470264642609494
-5.14999999999999912014825298456 -104.995195857644313163056852243
-5.099999999999999117372695423 -103.995157647463870500512327225
-5.04999999999999911459713786144 -102.995116692542677149796107627
-4.99999999999999911182158029987 -101.99507279554426307531034918
-4.94999999999999910904602273831 -100.995025744918467297279371394
-4.89999999999999910627046517675 -99.9949753138737959433467298421
-4.84999999999999910349490761519 -98.994921259274907472487062355
-4.79999999999999910071935005362 -97.994863320459684468412367956
-4.74999999999999909794379249206 -96.9948012179699287404602256023
-4.6999999999999990951682349305 -95.9947346521892597125167033122
-4.64999999999999909239267736893 -94.9946633018813022072178444622
-4.59999999999999908961711980737 -93.9945868226207154219536507694
-4.54999999999999908684156224581 -92.9945048451090364842385000212
-4.49999999999999908406600468425 -91.994416973366685426607736036
-4.44999999999999908129044712268 -90.9943227827917992703011952161
-4.39999999999999907851488956112 -89.9942218180758262110443512242
-4.34999999999999907573933199956 -88.994113590965011182397156435
-4.29999999999999907296377443799 -87.9939975778560352533114715789
-4.24999999999999907018821687643 -86.9938732172131266389319107444
-4.19999999999999906741265931487 -85.9937399067929330434597149421
-4.14999999999999906463710175331 -84.9935970006623252212109482613
-4.09999999999999906186154419174 -83.9934438059930806663200161273
-4.04999999999999905908598663018 -82.9932795796160637400905446155
-3.99999999999999905631042906862 -81.9931035243160625714111220227
-3.94999999999999905353487150705 -80.9929147848468505356831456327
-3.89999999999999905075931394549 -79.9927124436442962081618018825
-3.84999999999999904798375638393 -78.9924955162134337040533373488
-3.79999999999999904520819882237 -77.9922629461633064256092729246
-3.7499999999999990424326412608 -76.9920135998610901495119518393
-3.69999999999999903965708369924 -75.9917462606744620060681629557
-3.64999999999999903688152613768 -74.9914596227683828904296051498
-3.59999999999999903410596857611 -73.991152284419371145224003749
-3.54999999999999903133041101455 -72.9908227408069296054661269695
-3.49999999999999902855485345299 -71.9904693762380059741647381831
-3.44999999999999902577929589143 -70.9900904557561719210851824539
-3.39999999999999902300373832986 -69.9896841160825465127729361194
-3.3499999999999990202281807683 -68.9892483558303040740405672767
-3.29999999999999901745262320674 -67.9887810249288257949619629435
-3.24999999999999901467706564517 -66.9882798131870982269522344189
-3.19999999999999901190150808361 -65.9877422379187378088047591848
-3.14999999999999900912595052205 -64.9871656305429218131749455714
-3.09999999999999900635039296048 -63.986547122066408693558717204
-3.04999999999999900357483539892 -62.9858836273415908144927155993
-2.99999999999999900079927783736 -61.9851718279839724133335301108
-2.9499999999999989980237202758 -60.9844081538194098693053690442
-2.89999999999999899524816271423 -59.983588762716661288226054399
-2.84999999999999899247260515267 -58.9827095186439999625916740709
-2.79999999999999898969704759111 -57.9817659677695363293100595248
-2.74999999999999898692149002954 -56.9807533124030942861990868528
-2.69999999999999898414593246798 -55.9796663825525613750350718497
-2.64999999999999898137037490642 -54.9784996048390585105613183042
-2.59999999999999897859481734486 -53.977246968482435873061187076
-2.54999999999999897581925978329 -52.9759019880307610467556500823
-2.49999999999999897304370222173 -51.9744576624637433294816501119
-2.44999999999999897026814466017 -50.9729064302493788129763505062
-2.3999999999999989674925870986 -49.9712401198742342311340571898
-2.34999999999999896471702953704 -48.9694498952991801403842249411
-2.29999999999999896194147197548 -47.9675261957121774283045048725
-2.24999999999999895916591441392 -46.9654586688556551957393909564
-2.19999999999999895639035685235 -45.9632360970953328697984565131
-2.14999999999999895361479929079 -44.9608463152666513771640383403
-2.09999999999999895083924172923 -43.9582761191801213996505687053
-2.04999999999999894806368416766 -42.9555111634827192306643407689
-1.9999999999999989452881266061 -41.9525358473525617534986190928
-1.94999999999999894251256904454 -40.9493331862404805534515343549
-1.89999999999999893973701148298 -39.9458846675547641403453545901
-1.84999999999999893696145392141 -38.9421700878015979016463806474
-1.79999999999999893418589635985 -37.9381673682275584217036406941
-1.74999999999999893141033879829 -36.9338523454414387748705856303
-1.69999999999999892863478123672 -35.9291985327944093921618030145
-1.64999999999999892585922367516 -34.9241768474360895146383715888
-1.5999999999999989230836661136 -33.9187552968953254742336962305
-1.54999999999999892030810855204 -32.9128986177004313954597282017
-1.49999999999999891753255099047 -31.9065678568778702393445324113
-1.44999999999999891475699342891 -30.8997198850490320899570713549
-1.39999999999999891198143586735 -29.8923068271452080593733237307
-1.34999999999999890920587830578 -28.884275393295845949470447221
-1.29999999999999890643032074422 -27.8755660879613013163199703216
-1.24999999999999890365476318266 -26.8661122695282582238072546844
-1.1999999999999989008792056211 -25.8558390248741418602810436732
-1.14999999999999889810364805953 -24.844661813143608490279843257
-1.09999999999999889532809049797 -23.8324848191734174498254950985
-1.04999999999999889255253293641 -22.8191989382106692673460630737
1 -21.8046792876693707505188739649
1.10000000000000000555111512313 -19.9033850946689697764148298771
1.20000000000000001110223024625 -18.2291937912678747017125948447
1.30000000000000001665334536938 -16.7439344991873326465525320345
1.4000000000000000222044604925 -15.4179700255813318127034070806
1.50000000000000002775557561563 -14.2278364190385044672237894076
1.60000000000000003330669073875 -13.1546461940513849385630561459
1.70000000000000003885780586188 -12.1829767027478307336770590001
1.80000000000000004440892098501 -11.3000768726767957967901084551
1.90000000000000004996003610813 -10.4952888062461248835177878368
2.00000000000000005551115123126 -9.75961798630300744871866406078
2.10000000000000006106226635438 -9.08540851095802101910628849959
2.20000000000000006661338147751 -8.46609400257460593752535030393
2.30000000000000007216449660064 -7.89600399008465432338107207339
2.40000000000000007771561172376 -7.37021159390757963661061568087
2.50000000000000008326672684689 -6.88441239736556934928809592372
2.60000000000000008881784197001 -6.43482716534158458372422208873
2.70000000000000009436895709314 -6.01812300468265768560587914911
2.80000000000000009992007221626 -5.63134892861747711646365636715
2.90000000000000010547118733939 -5.27188276959196098572241458863
3.00000000000000011102230246252 -4.93738710089967644232027008758
3.10000000000000011657341758564 -4.62577235752973645905722368736
3.20000000000000012212453270877 -4.33516574518012046299372559626
3.30000000000000012767564783189 -4.06388483051104654429097886428
3.40000000000000013322676295502 -3.81041494088158943256346098434
3.50000000000000013877787807814 -3.57338968555525913491245076225
3.60000000000000014432899320127 -3.35157405488458833498190652007
3.7000000000000001498801083244 -3.14384966795239942363569700484
3.80000000000000015543122344752 -2.94920182888421845512304807015
3.90000000000000016098233857065 -2.76670812234762551981132145548
4.00000000000000016653345369377 -2.59552833340130190672816546153
4.1000000000000001720845688169 -2.4348955189324423280053435311
4.20000000000000017763568394003 -2.28410808999605161409631230161
4.30000000000000018318679906315 -2.14252278860370275972257910225
4.40000000000000018873791418628 -2.00954846071167309535246898342
4.5000000000000001942890293094 -1.88464054082413161289064318045
4.60000000000000019984014443253 -1.76729617396731358626415645806
4.70000000000000020539125955565 -1.65704990876192646819147576886
4.80000000000000021094237467878 -1.55346990165679502636505708125
4.90000000000000021649348980191 -1.45615457763034896675280624983
5.00000000000000022204460492503 -1.36472969720463527277795764235
5.10000000000000022759572004816 -1.27884578371088975402954165335
5.20000000000000023314683517128 -1.19817586856226058550730182022
5.30000000000000023869795029441 -1.12241351592335293428599524954
5.40000000000000024424906541753 -1.05127109166360116108127426312
5.50000000000000024980018054066 1.01569056944375031346492546415
5.60000000000000025535129566379 1.0827046328471506065653924211
5.70000000000000026090241078691 1.15146308978090575937156901335
5.80000000000000026645352591004 1.22189783589808768265772653977
5.90000000000000027200464103316 1.29394077739365434608934628065
6.00000000000000027755575615629 1.36752416849169052262299992734
6.10000000000000028310687127941 1.44258091444276627272352733092
6.20000000000000028865798640254 1.51904484064136689975238751139
6.30000000000000029420910152567 1.59685092881089762125566402836
6.40000000000000029976021664879 1.6759355215015819277373790225
6.50000000000000030531133177192 1.75623649639824972780895649771
6.60000000000000031086244689504 1.83769341213741813825886132205
6.70000000000000031641356201817 1.92024762748580028882082137013
6.8000000000000003219646771413 2.00384239583718376012493351371
6.90000000000000032751579226442 2.08842293704484293778058806545
7.00000000000000033306690738755 2.17393648862671947539698177602
7.10000000000000033861802251067 2.26033233836560310698553301598
7.2000000000000003441691376338 2.34756184028183995398231744043
7.30000000000000034972025275692 2.43557841588705741213098286133
7.40000000000000035527136788005 2.5243375425391799307335295058
7.50000000000000036082248300318 2.61379673061640861499140628221
7.6000000000000003663735981263 2.70391549111517521226629148335
7.70000000000000037192471324943 2.79465529515816472292948748861
7.80000000000000037747582837255 2.88597952677659989330593509636
7.90000000000000038302694349568 2.97785343020883401703281330758
8.0000000000000003885780586188 3.07024405283714043857349419198
8.10000000000000039412917374193 3.16312018476818747367176214021
8.20000000000000039968028886506 3.25645229595139735730486708049
8.30000000000000040523140398818 3.35021247162419061962792560953
8.40000000000000041078251911131 3.44437434677467946174493859671
8.50000000000000041633363423443 3.53891304022109441407223755517
8.60000000000000042188474935756 3.63380508882328606668943972382
8.70000000000000042743586448069 3.72902838226503771864302289799
8.80000000000000043298697960381 3.82456209877651451992863600509
8.90000000000000043853809472694 3.92038664210371170364657329854
9.00000000000000044408920985006 4.0164835799759214544484550229
9.10000000000000044964032497319 4.11283558427263252334386432641
9.20000000000000045519144009631 4.20942637304749160190622789183
9.30000000000000046074255521944 4.30624065452855474386529287185
9.40000000000000046629367034257 4.40326407318059911698669877843
9.50000000000000047184478546569 4.50048315788631290737146729571
9.60000000000000047739590058882 4.59788527227830930935404384841
9.70000000000000048294701571194 4.69545856723271212228588885767
9.80000000000000048849813083507 4.7931919355171502942807188366
9.90000000000000049404924595819 4.89107496857101598171461445615
10.0000000000000004996003610813 4.98909791538345039311486897188
10.1000000000000005051514762044 5.08725164342441537079403472031
10.2000000000000005107025913276 5.1855276015761041847024156447
10.3000000000000005162537064507 5.28391778500558592776740585349
10.4000000000000005218048215738 5.38241470191473246386516420803
10.5000000000000005273559366969 5.48101134209993676487433568145
10.6000000000000005329070518201 5.57970114725171033668935941688
10.7000000000000005384581669432 5.67847798292277936589341617718
10.8000000000000005440092820663 5.77733611209263716112693985098
10.9000000000000005495603971895 5.87627017025652462918267755648
11.0000000000000005551115123126 5.97527514196738685456195314666
11.1000000000000005606626274357 6.07434633876039252190739441285
11.2000000000000005662137425588 6.1734793783910169430582261027
11.300000000000000571764857682 6.27267016531940334119188400609
11.4000000000000005773159728051 6.37191487237566559656735535503
11.5000000000000005828670879282 6.47120992354292280503569746456
11.6000000000000005884182030513 6.57055197779711377415897490409
11.7000000000000005939693181745 6.66993791394498716544410278191
11.8000000000000005995204332976 6.76936481640406585861608995284
11.9000000000000006050715484207 6.86882996187081325412868653118
12.0000000000000006106226635438 6.96833080682566045126597387089
12.100000000000000616173778667 7.06786497582596654523107598315
12.2000000000000006217248937901 7.16743025054036332235333598438
12.3000000000000006272760089132 7.26702455948026719049393685237
12.4000000000000006328271240363 7.36664596838661476561025312265
12.5000000000000006383782391595 7.46629267123208597491718214061
12.6000000000000006439293542826 7.56596298180121364877940193937
12.7000000000000006494804694057 7.66565532581283686352429450358
12.8000000000000006550315845288 7.76536823355133370121908923933
12.900000000000000660582699652 7.86510033297496574780575591053
13.0000000000000006661338147751 7.96485034327148070027332501338
13.1000000000000006716849298982 8.06461706883285087260543978795
13.2000000000000006772360450213 8.16439939362267484009871723378
13.3000000000000006827871601445 8.2641962759113381607296932949
13.4000000000000006883382752676 8.36400674335551872653552446986
13.5000000000000006938893903907 8.46382988840003484691706122326
13.6000000000000006994405055138 8.56366486398137194200055030385
13.700000000000000704991620637 8.66351087951348922526602378461
13.8000000000000007105427357601 8.7633671971377036253105775691
13.9000000000000007160938508832 8.86323312821957718017050506307
14.0000000000000007216449660064 8.96310803007679903524217661423
14.1000000000000007271960811295 9.0629913029230568126818210646
14.2000000000000007327471962526 9.16288238701383731744508784776
14.3000000000000007382983113757 9.26278075998098609725551137867
14.4000000000000007438494264989 9.36268593434369202986964163004
14.500000000000000749400541622 9.46259745518434956007506253907
14.6000000000000007549516567451 9.56251489797849006831883483652
14.7000000000000007605027718682 9.66243786656866765961980689169
14.8000000000000007660538869914 9.76236599127283586529657045295
14.9000000000000007716050021145 9.86229892711836270915684984987
15.0000000000000007771561172376 9.96223635219340456752179795172
15.1000000000000007827072323607 10.0621779661078964157727479383
15.2000000000000007882583474839 10.1621234885569194730244282995
15.300000000000000793809462607 10.2620726579796789044743616993
15.4000000000000007993605777301 10.3620252303077659959064699562
15.5000000000000008049116928532 10.4619809777967928609348341041
15.6000000000000008104628079764 10.5619396879358749714959904114
15.7000000000000008160139230995 10.6619011624297992194727953451
15.8000000000000008215650382226 10.7618652162490543396463378578
15.9000000000000008271161533457 10.8618316767432177858113293671
16.0000000000000008326672684689 10.9618003828134899073346190847
16.100000000000000838218383592 11.0617711841404438005401287774
16.2000000000000008437694987151 11.1617439404633187126208019745
16.3000000000000008493206138382 11.2617185209074274898969392314
16.4000000000000008548717289614 11.3616948033564753550935873395
16.5000000000000008604228440845 11.4616726738667992744413391124
16.6000000000000008659739592076 11.5616520261207352791699906701
16.7000000000000008715250743307 11.6616327609165062246489840165
16.8000000000000008770761894539 11.7616147856921954372771032988
16.900000000000000882627304577 11.8615980140815332963666622988
17.0000000000000008881784197001 11.9615823654993747595397652842
17.1000000000000008937295348233 12.0615677647548868538050158743
17.2000000000000008992806499464 12.1615541416905968657692414411
17.3000000000000009048317650695 12.2615414308455749781051508423
17.4000000000000009103828801926 12.3615295711411399820399455714
17.5000000000000009159339953158 12.4615185055875839779536232835
17.6000000000000009214851104389 12.5615081810105121551248749263
17.700000000000000927036225562 12.6614985477954872824572937279
17.8000000000000009325873406851 12.7614895596497558800777807858
17.9000000000000009381384558083 12.8614811733799145844608098973
18.0000000000000009436895709314 12.9614733486844513483760773415
18.1000000000000009492406860545 13.0614660479601671880296638153
18.2000000000000009547918011776 13.1614592361215505367181809789
18.3000000000000009603429163008 13.2614528804322381989371455997
18.4000000000000009658940314239 13.3614469503477547126848178966
18.500000000000000971445146547 13.4614414173687758931793736465
18.6000000000000009769962616701 13.5614362549042127030580472365
18.7000000000000009825473767933 13.6614314381434586103826017201
18.8000000000000009880984919164 13.7614269439371874788660438944
18.9000000000000009936496070395 13.8614227506861299924907635003
19.0000000000000009992007221626 13.9614188382372948432775841212
19.1000000000000010047518372858 14.0614151877871365877789550884
19.2000000000000010103029524089 14.161411781791205374345920439
19.300000000000001015854067532 14.2614086038798448176188325818
19.4000000000000010214051826551 14.3614056387795332968268525999
19.5000000000000010269562977783 14.461402872239491018392186607
19.6000000000000010325074129014 14.561400290963200439930712536
19.7000000000000010380585280245 14.6613978825445112223950474533
19.8000000000000010436096431476 14.761395635408022872216960667
19.9000000000000010491607582708 14.8613935387534587608181443369
20.0000000000000010547118733939 14.9613915825037643627530609387
20.100000000000001060262988517 15.0613897572566804275007937652
20.2000000000000010658141036402 15.1613880542395584789333757695
20.3000000000000010713652187633 15.261386465267201600478398552
20.4000000000000010769163338864 15.361384982702527987384467822
20.5000000000000010824674490095 15.4613835994198682997584172079
20.6000000000000010880185641327 15.5613823087707204960181645722
20.7000000000000010935696792558 15.6613811045517976266216756778
20.8000000000000010991207943789 15.7613799809752150788856153674
20.900000000000001104671909502 15.8613789326406740381270512237
21.0000000000000011102230246252 15.9613779545095075174630947153
