601
-21 -443.030493435794445375232219247
-20.9499999999999999972244424384 -441.980493435794434335461928045
-20.8999999999999999944488848769 -440.930493435794422507512536348
-20.8499999999999999916733273153 -439.880493435794409834813701015
-20.7999999999999999888977697537 -438.8304934357943962567348295
-20.7499999999999999861222121922 -437.780493435794381708293661694
-20.6999999999999999833466546306 -436.73049343579436611984393568
-20.6499999999999999805710970691 -435.680493435794349416740636166
-20.5999999999999999777955395075 -434.630493435794331518981216654
-20.5499999999999999750199819459 -433.580493435794312340821070872
-20.4999999999999999722444243844 -432.53049343579429179036140526
-20.4499999999999999694688668228 -431.480493435794269769107531644
-20.3999999999999999666933092612 -430.430493435794246171495457038
-20.3499999999999999639177516997 -429.380493435794220884384495157
-20.2999999999999999611421941381 -428.330493435794193786513460912
-20.2499999999999999583666365766 -427.280493435794164747917834086
-20.199999999999999955591079015 -426.23049343579413362930509084
-20.1499999999999999528155214534 -425.180493435794100281385200594
-20.0999999999999999500399638919 -424.13049343579406454415307035
-20.0499999999999999472644063303 -423.080493435794026246119487563
-19.9999999999999999444888487687 -422.030493435793985203486865117
-19.9499999999999999417132912072 -420.980493435793941219265826659
-19.8999999999999999389377336456 -419.930493435793894082328386216
-19.8499999999999999361621760841 -418.880493435793843566393171223
-19.7999999999999999333866185225 -417.830493435793789428937811496
-19.7499999999999999306110609609 -416.780493435793731410033266603
-19.6999999999999999278355033994 -415.730493435793669231094488865
-19.6499999999999999250599458378 -414.68049343579360259354141712
-19.5999999999999999222843882762 -413.630493435793531177363865374
-19.5499999999999999195088307147 -412.580493435793454639583408534
-19.4999999999999999167332731531 -411.530493435793372612604872365
-19.4499999999999999139577155916 -410.480493435793284702449504165
-19.39999999999999991118215803 -409.430493435793190486861331982
-19.3499999999999999084066004684 -408.380493435793089513277610686
-19.2999999999999999056310429069 -407.330493435792981296653599907
-19.2499999999999999028554853453 -406.280493435792865317131218779
-19.1999999999999999000799277837 -405.230493435792741017540371941
-19.1499999999999998973043702222 -404.180493435792607800720937067
-19.0999999999999998945288126606 -403.130493435792465026652542161
-19.049999999999999891753255099 -402.080493435792312009378337039
-18.9999999999999998889776975375 -401.030493435792148013707973223
-18.9499999999999998862021399759 -399.980493435791972251683945303
-18.8999999999999998834265824144 -398.930493435791783878794309375
-18.8499999999999998806510248528 -397.880493435791581989913575165
-18.7999999999999998778754672912 -396.83049343579136561495226193
-18.7499999999999998750999097297 -395.780493435791133714194207924
-18.6999999999999998723243521681 -394.730493435790885173299222419
-18.6499999999999998695487946065 -393.680493435790618797947060748
-18.599999999999999866773237045 -392.630493435790333308096978911
-18.5499999999999998639976794834 -391.580493435790027331835276516
-18.4999999999999998612221219219 -390.530493435789699398781256594
-18.4499999999999998584465643603 -389.480493435789347933019908304
-18.3999999999999998556710067987 -388.430493435788971245527343812
-18.3499999999999998528954492372 -387.380493435788567526052582542
-18.2999999999999998501198916756 -386.33049343578813483441666298
-18.249999999999999847344334114 -385.280493435787671091187261597
-18.1999999999999998445687765525 -384.230493435787174067683996891
-18.1499999999999998417932189909 -383.180493435786641375266379486
-18.0999999999999998390176614294 -382.130493435786070453852921322
-18.0499999999999998362421038678 -381.080493435785458559616221555
-17.9999999999999998334665463062 -380.030493435784802751794886173
-17.9499999999999998306909887447 -378.980493435784099878558893412
-17.8999999999999998279154311831 -377.930493435783346561860467507
-17.8499999999999998251398736215 -376.880493435782539181197647195
-17.79999999999999982236431606 -375.830493435781673856212509323
-17.7499999999999998195887584984 -374.78049343578074642804040669
-17.6999999999999998168132009368 -373.730493435779752439320576122
-17.6499999999999998140376433753 -372.680493435778687112772038677
-17.5999999999999998112620858137 -371.630493435777545328231818012
-17.5499999999999998084865282522 -370.580493435776321598045112191
-17.4999999999999998057109706906 -369.530493435775010040689132898
-17.449999999999999802935413129 -368.480493435773604352503836271
-17.3999999999999998001598555675 -367.430493435772097777393670395
-17.3499999999999997973842980059 -366.38049343577048307435471231
-17.2999999999999997946087404443 -365.330493435768752482671115198
-17.2499999999999997918331828828 -364.280493435766897684613584079
-17.1999999999999997890576253212 -363.23049343576490976546059194
-17.1499999999999997862820677597 -362.180493435762779170650180128
-17.0999999999999997835065101981 -361.130493435760495659856395079
-17.0499999999999997807309526365 -360.08049343575804825776963191
-16.999999999999999777955395075 -359.030493435755425201344312827
-16.9499999999999997751798375134 -357.980493435752613883260348772
-16.8999999999999997724042799518 -356.930493435749600791326634385
-16.8499999999999997696287223903 -355.880493435746371443535321984
-16.7999999999999997668531648287 -354.830493435742910318454715914
-16.7499999999999997640776072672 -353.780493435739200780626223888
-16.6999999999999997613020497056 -352.730493435735225000606789218
-16.649999999999999758526492144 -351.680493435730963869272491529
-16.5999999999999997557509345825 -350.630493435726396905971420178
-16.5499999999999997529753770209 -349.580493435721502160084361351
-16.4999999999999997501998194593 -348.530493435716256105520154821
-16.4499999999999997474242618978 -347.480493435710633527638617133
-16.3999999999999997446487043362 -346.430493435704607402057531437
-16.3499999999999997418731467747 -345.380493435698148764761195335
-16.2999999999999997390975892131 -344.330493435691226572886209426
-16.2499999999999997363220316515 -343.280493435683807555515379851
-16.19999999999999973354647409 -342.23049343567585605376258256
-16.1499999999999997307709165284 -341.180493435667333849379964549
-16.0999999999999997279953589668 -340.130493435658199981063690453
-16.0499999999999997252198014053 -339.080493435648410547575316469
-15.9999999999999997224442438437 -338.030493435637918496732503567
-15.9499999999999997196686862821 -336.980493435626673399254863498
-15.8999999999999997168931287206 -335.930493435614621206377938048
-15.849999999999999714117571159 -334.880493435601703990070294261
-15.7999999999999997113420135975 -333.830493435587859664605100993
-15.7499999999999997085664560359 -332.780493435573021688147933368
-15.6999999999999997057908984743 -331.730493435557118742926500606
-15.6499999999999997030153409128 -330.680493435540074392445047676
-15.5999999999999997002397833512 -329.630493435521806714095847526
-15.5499999999999996974642257896 -328.580493435502227905401947864
-15.4999999999999996946886682281 -327.530493435481243861998596319
-15.4499999999999996919131106665 -326.480493435458753725324931029
-15.399999999999999689137553105 -325.430493435434649397851937519
-15.3499999999999996863619955434 -324.38049343540881502351663724
-15.2999999999999996835864379818 -323.330493435381126430865238521
-15.2499999999999996808108804203 -322.280493435351450536228742994
-15.1999999999999996780353228587 -321.230493435319644704062398377
-15.1499999999999996752597652971 -320.180493435285556061374498503
-15.0999999999999996724842077356 -319.130493435249020762949363999
-15.049999999999999669708650174 -318.080493435209863203832831521
-14.9999999999999996669330926125 -317.030493435167895175295099083
-14.9499999999999996641575350509 -315.980493435122914960214101526
-14.8999999999999996613819774893 -314.930493435074706363531417683
-14.8499999999999996586064199278 -313.880493435023037673120639926
-14.7999999999999996558308623662 -312.830493434967660546073667388
-14.7499999999999996530553048046 -311.780493434908308815051908848
-14.6999999999999996502797472431 -310.730493434844697208965176866
-14.6499999999999996475041896815 -309.680493434776519981829274682
-14.5999999999999996447286321199 -308.630493434703449443211942485
-14.5499999999999996419530745584 -307.580493434625134383203818535
-14.4999999999999996391775169968 -306.530493434541198384344109899
-14.4499999999999996364019594353 -305.480493434451238012387320494
-14.3999999999999996336264018737 -304.430493434354820877215039146
-14.3499999999999996308508443121 -303.380493434251483554572648463
-14.2999999999999996280752867506 -302.330493434140729358641876608
-14.249999999999999625299729189 -301.280493434022025954743163215
-14.1999999999999996225241716274 -300.230493433894802800693401881
-14.1499999999999996197486140659 -299.180493433758448404521061395
-14.0999999999999996169730565043 -298.130493433612307385358017873
-14.0499999999999996141974989428 -297.080493433455677323381407626
-13.9999999999999996114219413812 -296.030493433287805383664888936
-13.9499999999999996086463838196 -294.980493433107884697712006596
-13.8999999999999996058708262581 -293.930493432915050485279662873
-13.8499999999999996030952686965 -292.880493432708375897851414462
-13.7999999999999996003197111349 -291.830493432486867563782437267
-13.7499999999999995975441535734 -290.780493432249460813704098854
-13.6999999999999995947685960118 -289.730493431995014563239260335
-13.6499999999999995919930384503 -288.680493431722305828432308521
-13.5999999999999995892174808887 -287.630493431430023847532578596
-13.5499999999999995864419233271 -286.580493431116763780877782342
-13.4999999999999995836663657656 -285.530493430781019958596212914
-13.449999999999999580890808204 -284.480493430421178643673107744
-13.3999999999999995781152506424 -283.430493430035510275597169821
-13.3499999999999995753396930809 -282.380493429622161157306678444
-13.2999999999999995725641355193 -281.330493429179144545478863742
-13.2499999999999995697885779578 -280.280493428704331101338414027
-13.1999999999999995670130203962 -279.230493428195438656087347208
-13.1499999999999995642374628346 -278.180493427650021241764233829
-13.0999999999999995614619052731 -277.130493427065457334810076069
-13.0499999999999995586863477115 -276.080493426438937255834054131
-12.9999999999999995559107901499 -275.030493425767449665016660688
-12.9499999999999995531352325884 -273.98049342504776708824096197
-12.8999999999999995503596750268 -272.930493424276430404383957803
-12.8499999999999995475841174652 -271.880493423449732219206870395
-12.7999999999999995448085599037 -270.830493422563699045931673288
-12.7499999999999995420330023421 -269.780493421614072206855555832
-12.6999999999999995392574447806 -268.730493420596287364207736571
-12.649999999999999536481887219 -267.680493419505452581864544276
-12.5999999999999995337063296574 -266.630493418336324812477310532
-12.5499999999999995309307720959 -265.5804934170832846969994223
-12.4999999999999995281552145343 -264.530493415740309555487490373
-12.4499999999999995253796569727 -263.480493414300944439358012652
-12.3999999999999995226040994112 -262.430493412758271105963364149
-12.3499999999999995198285418496 -261.380493411104874766364643711
-12.2999999999999995170529842881 -260.330493409332808446475851524
-12.2499999999999995142774267265 -259.280493407433554790282617151
-12.1999999999999995115018691649 -258.230493405397985121544108542
-12.1499999999999995087263116034 -257.180493403216315567209733926
-12.0999999999999995059507540418 -256.130493400878060031659465293
-12.0499999999999995031751964802 -255.080493398371979795740182719
-11.9999999999999995003996389187 -254.030493395686029498347609455
-11.9499999999999994976240813571 -252.980493392807299240916202954
-11.8999999999999994948485237956 -251.930493389721952536544214516
-11.849999999999999492072966234 -250.880493386415159805508459368
-11.7999999999999994892974086724 -249.830493382871027097517150044
-11.7499999999999994865218511109 -248.780493379072519698106548832
-11.6999999999999994837462935493 -247.730493375001380251997914719
-11.6499999999999994809707359877 -246.68049337063804100987706645
-11.5999999999999994781951784262 -245.63049336596152977681318275
-11.5499999999999994754196208646 -244.5804933609493691102604477
-11.4999999999999994726440633031 -243.530493355577468283140313633
-11.4499999999999994698685057415 -242.480493349820007492727541023
-11.3999999999999994670929481799 -241.43049334364931375879263631
-11.3499999999999994643173906184 -240.38049333703572791450769852
-11.2999999999999994615418330568 -239.330493329947462050809999453
-11.2499999999999994587662754952 -238.280493322350446729032073963
-11.1999999999999994559907179337 -237.230493314208167227428129452
-11.1499999999999994532151603721 -236.180493305481488034517808994
-11.0999999999999994504396028105 -235.130493296128464745676404595
-11.049999999999999447664045249 -234.080493286104142458853974698
-10.9999999999999994448884876874 -233.030493275360339700413440601
-10.9499999999999994421129301259 -231.980493263845416842527697297
-10.8999999999999994393373725643 -230.930493251504027899033762879
-10.8499999999999994365618150027 -229.880493238276854506749697202
-10.7999999999999994337862574412 -228.830493224100320813633415429
-10.7499999999999994310106998796 -227.780493208906287903390009438
-10.699999999999999428235142318 -226.730493192621726287774628476
-10.6499999999999994254595847565 -225.680493175168364892418552316
-10.5999999999999994226840271949 -224.630493156462314849020067884
-10.5499999999999994199084696334 -223.580493136413666285646009728
-10.4999999999999994171329120718 -222.530493114926056177102233426
-10.4499999999999994143573545102 -221.480493091896205178227959238
-10.3999999999999994115817969487 -220.430493067213421213881163075
-10.3499999999999994088062393871 -219.380493040759067439593311959
-10.2999999999999994060306818255 -218.330493012405992015613599491
-10.249999999999999403255124264 -217.280492982017916953512146708
-10.1999999999999994004795667024 -216.230492949448783097786003448
-10.1499999999999993977040091409 -215.180492914542048094065474271
-10.0999999999999993949284515793 -214.130492877129933969537662147
-10.0499999999999993921528940177 -213.080492837032620709002758944
-9.99999999999999938937733645616 -212.030492794057381950392099513
-9.9499999999999993866017788946 -210.980492747997658645357318211
-9.89999999999999938382622133304 -209.930492698632066232349476636
-9.84999999999999938105066377148 -208.880492645723330550012098924
-9.79999999999999937827510620991 -207.830492589017147376176041473
-9.74999999999999937549954864835 -206.780492528240960110620084179
-9.69999999999999937272399108679 -205.730492463102649726283840801
-9.64999999999999936994843352522 -204.680492393289130691897064498
-9.59999999999999936717287596366 -203.630492318464846116993817291
-9.5499999999999993643973184021 -202.58049223827015488583779113
-9.49999999999999936162176084053 -201.530492152319603027566724379
-9.44999999999999935884620327897 -200.480492060200071013372443035
-9.39999999999999935607064571741 -199.430491961468788075092316356
-9.34999999999999935329508815585 -198.380491855651204000329359604
-9.29999999999999935051953059428 -197.330491742238708174067291164
-9.24999999999999934774397303272 -196.280491620686184902408131522
-9.19999999999999934496841547116 -195.230491490409393267001234033
-9.14999999999999934219285790959 -194.180491350782158915167992965
-9.09999999999999933941730034803 -193.130491201133364286597873371
-9.04999999999999933664174278647 -192.080491040743722808449228838
-8.99999999999999933386618522491 -191.030490868842321552070401511
-8.94999999999999933109062766334 -189.980490684602915731365527811
-8.89999999999999932831507010178 -188.930490487139957229708785812
-8.84999999999999932553951254022 -187.880490275504338063518926454
-8.79999999999999932276395497865 -186.830490048678828319988438806
-8.74999999999999931998839741709 -185.780489805573186637421681278
-8.69999999999999931721283985553 -184.73048954501891972210241893
-8.64999999999999931443728229397 -183.680489265763665708003485421
-8.5999999999999993116617247324 -182.630488966465174356844506981
-8.54999999999999930888616717084 -181.580488645684855157287962252
-8.49999999999999930611060960928 -180.530488301880862304102721049
-8.44999999999999930333505204771 -179.480487933400683310909032947
-8.39999999999999930055949448615 -178.430487538473195622920650851
-8.34999999999999929778393692459 -177.380487115200153037416772621
-8.29999999999999929500837936303 -176.330486661547060997178818001
-8.24999999999999929223282180146 -175.280486175333396882596561715
-8.1999999999999992894572642399 -174.230485654222128277414195318
-8.14999999999999928668170667834 -173.180485095708478805957497179
-8.09999999999999928390614911677 -172.130484497107887519871140229
-8.04999999999999928113059155521 -171.080483855543103932438281732
-7.99999999999999927835503399365 -170.030483167930356639731158323
-7.94999999999999927557947643209 -168.98048243096452901007844065
-7.89999999999999927280391887052 -167.930481641103270645110267016
-7.84999999999999927002836130896 -166.880480794549968193878248985
-7.7999999999999992672528037474 -165.830479887235493611500742894
-7.74999999999999926447724618583 -164.780478914798642068919691351
-7.69999999999999926170168862427 -163.730477872565165412221358196
-7.64999999999999925892613106271 -162.680476755525300308056939082
-7.59999999999999925615057350115 -161.63047555830968296327822025
-7.54999999999999925337501593958 -160.580474275163534536884794585
-7.49999999999999925059945837802 -159.530472899918993033124589382
-7.44999999999999924782390081646 -158.480471425965458535728992616
-7.39999999999999924504834325489 -157.430469846217809071496177095
-7.34999999999999924227278569333 -156.380468153082334130312368921
-7.29999999999999923949722813177 -155.330466338420221868392615379
-7.2499999999999992367216705702 -154.280464393508424228573376159
-7.19999999999999923394611300864 -153.230462308997711568545559656
-7.14999999999999923117055544708 -152.180460074867714833439682789
-7.09999999999999922839499788552 -151.13045768037873877712988622
-7.04999999999999922561944032395 -150.080455114020114156145354355
-6.99999999999999922284388276239 -149.030452363454840115110325863
-6.94999999999999922006832520083 -147.980449415460250071542562339
-6.89999999999999921729276763926 -146.930446255864415202992975799
-6.8499999999999992145172100777 -145.88044286947797904682610353
-6.79999999999999921174165251614 -144.83043924002109464140774925
-6.74999999999999920896609495458 -143.780435350045111958608505811
-6.69999999999999920619053739301 -142.730431180848637984850229274
-6.64999999999999920341497983145 -141.680426712387564576279222703
-6.59999999999999920063942226989 -140.630421923178630008608316757
-6.54999999999999919786386470832 -139.58041679019604881927988348
-6.49999999999999919508830714676 -138.530411288760710943625916156
-6.4499999999999991923127495852 -137.480405392421415110778875646
-6.39999999999999918953719202364 -136.430399072827562809827511363
-6.34999999999999918676163446207 -135.380392299592697669213086549
-6.29999999999999918398607690051 -134.33038504014823060514467231
-6.24999999999999918121051933895 -133.280377259586643364666828321
-6.19999999999999917843496177738 -132.230368920493411875741872153
-6.14999999999999917565940421582 -131.180359982766835861764706927
-6.09999999999999917288384665426 -130.130350403424902202930252567
-6.0499999999999991701082890927 -129.080340136398246231993690913
-5.99999999999999916733273153113 -128.030329132308207214167197448
-5.94999999999999916455717396957 -126.980317338228901332024083999
-5.89999999999999916178161640801 -125.930304697432157200954335466
-5.84999999999999915900605884644 -124.880291149114074874050225134
-5.79999999999999915623050128488 -123.830276628101879020404502998
-5.74999999999999915345494372332 -122.780261064539640006035989809
-5.69999999999999915067938616176 -121.730244383551332462626662559
-5.64999999999999914790382860019 -120.680226504879589045522513067
-5.59999999999999914512827103863 -119.630207342498386863912949278
-5.54999999999999914235271347707 -118.580186804197774869006838607
-5.4999999999999991395771559155 -117.530164791138611613579774207
-5.44999999999999913680159835394 -116.480141197375133493819182408
-5.39999999999999913402604079238 -115.430115909343013034075032017
-5.34999999999999913125048323082 -114.380088805310394089956530265
-5.29999999999999912847492566925 -113.330059754789205062576676129
-5.24999999999999912569936810769 -112.280028617903851291126587371
-5.19999999999999912292381054613 -111.229995244714172585922653723
-5.14999999999999912014825298456 -110.17995947448932014331079679
-5.099999999999999117372695423 -109.129921134928957501221628049
-5.04999999999999911459713786144 -108.07988004132792128273716328
-4.99999999999999911182158029987 -107.029835995680187634465990055
-4.94999999999999910904602273831 -105.979788785717677749426824561
-4.89999999999999910627046517675 -104.929738183879098760501379051
-4.84999999999999910349490761519 -103.879683946203652510352311894
-4.79999999999999910071935005362 -102.829625811144051957549258453
-4.74999999999999909794379249206 -101.779563498292860755637022301
-4.6999999999999990951682349305 -100.729496707015713085043883663
-4.64999999999999909239267736893 -99.6794251149844750961397913601
-4.59999999999999908961711980737 -98.62934837660287299907860156
-4.54999999999999908684156224581 -97.579266121316532234968354308
-4.49999999999999908406600468425 -96.5291779517987432247834895718
-4.44999999999999908129044712268 -95.4790834420025874316128314709
-4.39999999999999907851488956112 -94.4289821350693179236998114795
-4.34999999999999907573933199956 -93.3788735410820857875582553645
-4.29999999999999907296377443799 -92.3287571346532315040655427083
-4.24999999999999907018821687643 -91.2786323523324119753406827229
-4.19999999999999906741265931487 -90.2284985898218017157032497857
-4.14999999999999906463710175331 -89.178355198983482364593148671
-4.09999999999999906186154419174 -88.1282014846229087254302874631
-4.04999999999999905908598663018 -87.0780367010310014459335490806
-3.99999999999999905631042906862 -86.0278600482659544255756559567
-3.94999999999999905353487150705 -84.9776706681542458116822117654
-3.89999999999999905075931394549 -83.9274676399885901258211683383
-3.84999999999999904798375638393 -82.8772499758986488630155028863
-3.79999999999999904520819882237 -81.8270166158682088916449908609
-3.7499999999999990424326412608 -80.7767664223702207489753129603
-3.69999999999999903965708369924 -79.726498174588538242694942226
-3.64999999999999903688152613768 -78.6762105621923891448675689793
-3.59999999999999903410596857611 -77.6259021786265029652706260492
-3.54999999999999903133041101455 -76.5755715138763902552780352716
-3.49999999999999902855485345299 -75.5252169466644680610110172937
-3.44999999999999902577929589143 -74.4748367360285116653478473358
-3.39999999999999902300373832986 -73.4244290122292305643296893603
-3.3499999999999990202281807683 -72.3739917669285558357589615154
-3.29999999999999901745262320674 -71.323522842574416698847880594
-3.24999999999999901467706564517 -70.2730199209212955349715109151
-3.19999999999999901190150808361 -69.2224805106085899178407048455
-3.14999999999999900912595052205 -68.1719019337106696984000747757
-3.09999999999999900635039296048 -67.1212813111633722040899941657
-3.04999999999999900357483539892 -66.0706155469613842897705044533
-2.99999999999999900079927783736 -65.0199013110093476762997476769
-2.9499999999999989980237202758 -63.969135020496396941804148212
-2.89999999999999899524816271423 -62.9183128196489675076141050766
-2.84999999999999899247260515267 -61.8674305576998240879348801006
-2.79999999999999898969704759111 -60.816483764892041087949013895
-2.74999999999999898692149002954 -59.7654676263147414340023696287
-2.69999999999999898414593246798 -58.7143769533423274588686915112
-2.64999999999999898137037490642 -57.6632061524201931731015552117
-2.59999999999999897859481734486 -56.6119491909068693325748732937
-2.54999999999999897581925978329 -55.5605995596444795633650436771
-2.49999999999999897304370222173 -54.5091502318853907897227332819
-2.44999999999999897026814466017 -53.4575936181519608936436081937
-2.3999999999999989674925870986 -52.4059215165470411900229071789
-2.34999999999999896471702953704 -51.3541250579638356007273129262
-2.29999999999999896194147197548 -50.302194645562979585307411319
-2.24999999999999895916591441392 -49.2501198877900018444902540063
-2.19999999999999895639035685235 -48.1978895240948886004927533916
-2.14999999999999895361479929079 -47.145491342383872781580207696
-2.09999999999999895083924172923 -46.0929120870776184077782506985
-2.04999999999999894806368416766 -45.0401373564644688532485856132
-1.9999999999999989452881266061 -43.9871514878159212545666292684
-1.94999999999999894251256904454 -42.9339374284659181580889448262
-1.89999999999999893973701148298 -41.8804765907357966270136601157
-1.84999999999999893696145392141 -40.8267486882000429809140679579
-1.79999999999999893418589635985 -39.7727315503181775269089616961
-1.74999999999999893141033879829 -38.7184009118844761838909416741
-1.69999999999999892863478123672 -37.6637301730432938070356112895
-1.64999999999999892585922367516 -36.6086901247491982658942761981
-1.5999999999999989230836661136 -35.553248633473335146367634675
-1.54999999999999892030810855204 -34.4973702776119365594021151594
-1.49999999999999891753255099047 -33.4410159263624210134963269185
-1.44999999999999891475699342891 -32.3841422496942574000919952523
-1.39999999999999891198143586735 -31.3267011453175668810450851865
-1.34999999999999890920587830578 -30.268639065055129641019780049
-1.29999999999999890643032074422 -29.209896218496900513646961188
-1.24999999999999890365476318266 -28.1504056259061463741461230221
-1.1999999999999989008792056211 -27.0900919845577413924769470786
-1.14999999999999889810364805953 -26.0288703023214663698583752531
-1.09999999999999889532809049797 -24.9666442383525612044941217191
-1.04999999999999889255253293641 -23.9033040717600217633648779312
1 -22.8387241929400614883922551931
1.10000000000000000555111512313 -20.8437827149399235541182699648
1.20000000000000001110223024625 -19.0873460945708257515988348633
1.30000000000000001665334536938 -17.5293275643830800883811097803
1.4000000000000000222044604925 -16.1386015727179020701185105603
1.50000000000000002775557561563 -14.8905251846408554994450658901
1.60000000000000003330669073875 -13.7652613606171470531037611193
1.70000000000000003885780586188 -12.7466116594434951576115387719
1.80000000000000004440892098501 -11.8211832400120634394891421551
1.90000000000000004996003610813 -10.9777814776716425978923190625
2.00000000000000005551115123126 -10.2069586225617834664558819086
2.10000000000000006106226635438 -9.50067274014264596840467888712
2.20000000000000006661338147751 -8.85202610770446179824218356087
2.30000000000000007216449660064 -8.25506185379868672156568979378
2.40000000000000007771561172376 -7.70460396094418587492495260878
2.50000000000000008326672684689 -7.19613001146768151941042346473
2.60000000000000008881784197001 -6.72566897416549608133401080085
2.70000000000000009436895709314 -6.28971836154859034331656618104
2.80000000000000009992007221626 -5.88517652432029668226073632274
2.90000000000000010547118733939 -5.50928688060493389238362364892
3.00000000000000011102230246252 -5.15959162777808122201762917627
3.10000000000000011657341758564 -4.833893039054779157635055683
3.20000000000000012212453270877 -4.5302208628063139487509992625
3.30000000000000012767564783189 -4.24680465932682648721095486438
3.40000000000000013322676295502 -3.98205015456245824424563991876
3.50000000000000013877787807814 -3.734518881824146407669279892
3.60000000000000014432899320127 -3.50291053366351273215656260643
3.7000000000000001498801083244 -3.28604756596498421199490771744
3.80000000000000015543122344752 -3.08286169139968553121684234469
3.90000000000000016098233857065 -2.89238197453014885403060733472
4.00000000000000016653345369377 -2.71372429979829154608137618343
4.1000000000000001720845688169 -2.54608202940615054815240227201
4.20000000000000017763568394003 -2.38871770324551990168604237514
4.30000000000000018318679906315 -2.2409556597064847603562747968
4.40000000000000018873791418628 -2.10217547623652899662295098636
4.5000000000000001942890293094 -1.9718061434870787831321440709
4.60000000000000019984014443253 -1.84932089806421725595372793849
4.70000000000000020539125955565 -1.73423264734077096754956906552
4.80000000000000021094237467878 -1.62608992631095294058819520741
4.90000000000000021649348980191 -1.52447333170237880798506440084
5.00000000000000022204460492503 -1.42899238296178761218116673406
5.10000000000000022759572004816 -1.3392827636202674573354445356
5.20000000000000023314683517128 -1.25500390013179026209333721859
5.30000000000000023869795029441 -1.17583683869265698136953404409
5.40000000000000024424906541753 -1.10148238385570607207014952682
5.50000000000000024980018054066 -1.03165946597679179451384640237
5.60000000000000025535129566379 1.03471189077056647291095003536
5.70000000000000026090241078691 1.10219676244839709800470746646
5.80000000000000026645352591004 1.17140725157289873915127135568
5.90000000000000027200464103316 1.24227532625981307506652804929
6.00000000000000027755575615629 1.31473304765703386904781857219
6.10000000000000028310687127941 1.38871289888327066573808125333
6.20000000000000028865798640254 1.46414807962596834232264081651
6.30000000000000029420910152567 1.5409727670862103555889594295
6.40000000000000029976021664879 1.61912234428928276639850604916
6.50000000000000030531133177192 1.69853359706823429957415639733
6.60000000000000031086244689504 1.77914488126873808701629047307
6.70000000000000031641356201817 1.86089626191456097330744793986
6.8000000000000003219646771413 1.94372962621425398970590861388
6.90000000000000032751579226442 2.02758877238355957106585258516
7.00000000000000033306690738755 2.11241947630820014688333167823
7.10000000000000033861802251067 2.19816953808284057480322869382
7.2000000000000003441691376338 2.28478881043931739799697814169
7.30000000000000034972025275692 2.37222921102611647741594371587
7.40000000000000035527136788005 2.46044472042690788210542628349
7.50000000000000036082248300318 2.54939136771380172952351831216
7.6000000000000003663735981263 2.63902720522556096026213697982
7.70000000000000037192471324943 2.72931227414650260281138569757
7.80000000000000037747582837255 2.82020856234191565356254716249
7.90000000000000038302694349568 2.91167995578365960152977736394
8.0000000000000003885780586188 3.00369218477779486878902245513
8.10000000000000039412917374193 3.09621276608675098851969950619
8.20000000000000039968028886506 3.18921094192332176781326539002
8.30000000000000040523140398818 3.28265761668394429030077612876
8.40000000000000041078251911131 3.37652529218517039510515987218
8.50000000000000041633363423443 3.47078800207057082123550178141
8.60000000000000042188474935756 3.56542124596586363381036532949
8.70000000000000042743586448069 3.66040192387795998298478588837
8.80000000000000043298697960381 3.75570827125883317198561084864
8.90000000000000043853809472694 3.85131979508747096754560581065
9.00000000000000044408920985006 3.94721721126239564977435201231
9.10000000000000044964032497319 4.04338238354298844297819014886
9.20000000000000045519144009631 4.13979826422974207530211263418
9.30000000000000046074255521944 4.23644883673116408239224761383
9.40000000000000046629367034257 4.33331906012792573542686023419
9.50000000000000047184478546569 4.43039481581255586764226521037
9.60000000000000047739590058882 4.52766285625508073658757801925
9.70000000000000048294701571194 4.6251107559210895221176151229
9.80000000000000048849813083507 4.72272686434835826050750745383
9.90000000000000049404924595819 4.82050026137101369375212259761
10.0000000000000004996003610813 4.91842071446590828709021809278
10.1000000000000005051514762044 5.01647863818408024515543928739
10.2000000000000005107025913276 5.11466505562058591945177640658
10.3000000000000005162537064507 5.2129715618683409439786897195
10.4000000000000005218048215738 5.31139028939564063619818345649
10.5000000000000005273559366969 5.40991387528252392432007518525
10.6000000000000005329070518201 5.50853543024789564571797819782
10.7000000000000005384581669432 5.60724850939714843648342222511
10.8000000000000005440092820663 5.7060470846187665673568377544
10.9000000000000005495603971895 5.80492551855790739643332795485
11.0000000000000005551115123126 5.90387854009511590110026214667
11.1000000000000005606626274357 6.00290122125902366291540600715
11.2000000000000005662137425588 6.10198895550301922956702694709
11.300000000000000571764857682 6.2011374372773679767112060882
11.4000000000000005773159728051 6.30034264283003363713245681652
11.5000000000000005828670879282 6.3996008121714477348886364054
11.6000000000000005884182030513 6.49890843214063330738912026643
11.7000000000000005939693181745 6.59826222051236942063905625158
11.8000000000000005995204332976 6.69765911108744391067647182873
11.9000000000000006050715484207 6.79709623971045043460493995497
12.0000000000000006106226635438 6.89657093116201453817062728539
12.100000000000000616173778667 6.99608068687475895026586333407
12.2000000000000006217248937901 7.09562317342472165555188869283
12.3000000000000006272760089132 7.19519621175230594381283657746
12.4000000000000006328271240363 7.29479776706915709130315751702
12.5000000000000006383782391595 7.39442593940961570809757273926
12.6000000000000006439293542826 7.4940789547875854362361272484
12.7000000000000006494804694057 7.5937551569217668651622642448
12.8000000000000006550315845288 7.69345299949424612371315530666
12.900000000000000660582699652 7.7931710389093828615872291226
13.0000000000000006661338147751 7.89290792752181664804693398868
13.1000000000000006716849298982 7.99266240730420255163786310472
13.2000000000000006772360450213 8.09243330392699597642682476408
13.3000000000000006827871601445 8.19221952122423452382916186513
13.4000000000000006883382752676 8.29202003602081205921745606628
13.5000000000000006938893903907 8.39183389329820904674562885718
13.6000000000000006994405055138 8.49166020167703566414742538513
13.700000000000000704991620637 8.59149812919606256691066574863
13.8000000000000007105427357601 8.69134689936866097320880547269
13.9000000000000007160938508832 8.79120578749875165674802572099
14.0000000000000007216449660064 8.89107411723947422161908361675
14.1000000000000007271960811295 8.99095125737883649768073802769
14.2000000000000007327471962526 9.09083661883759185998922528137
14.3000000000000007382983113757 9.19072965186552255445092712378
14.4000000000000007438494264989 9.29062984342318248570661247209
14.500000000000000749400541622 9.39053671473697612460485263687
14.6000000000000007549516567451 9.49044981901622389077306851016
14.7000000000000007605027718682 9.59036873932159115610388758335
14.8000000000000007660538869914 9.69029308657494041060917265398
14.9000000000000007716050021145 9.79022249770130655796645854596
15.0000000000000007771561172376 9.89015663389429609663444387032
15.1000000000000007827072323607 9.99009517899677433095065808973
15.2000000000000007882583474839 10.0900378379892328859367563954
15.300000000000000793809462607 10.1899843355787247135917678948
15.4000000000000007993605777301 10.2899344148817174249562238199
15.5000000000000008049116928532 10.3898878361946500138966869016
15.6000000000000008104628079764 10.4898443758463846149595250716
15.7000000000000008160139230995 10.5898038251271255274864092194
15.8000000000000008215650382226 10.6897659892887339219640115973
15.9000000000000008271161533457 10.789730686611699917467956532
16.0000000000000008326672684689 10.889697747534345493993866275
16.100000000000000838218383592 10.9896670138401233143653164205
16.2000000000000008437694987151 11.0896383378991492354617302328
16.3000000000000008493206138382 11.1896115819603612735103809874
16.4000000000000008548717289614 11.2895866174909361698536341642
16.5000000000000008604228440845 11.3895633245598175328778469254
16.6000000000000008659739592076 11.4895415912624177970883853449
16.7000000000000008715250743307 11.589521313183750870700476126
16.8000000000000008770761894539 11.6895023928974342113971485316
16.900000000000000882627304577 11.7894847394981689956372205305
17.0000000000000008881784197001 11.8894682681654657992745331363
17.1000000000000008937295348233 11.9894528997565315079028547429
17.2000000000000008992806499464 12.0894385604263717010070744416
17.3000000000000009048317650695 12.1894251812732921390916333959
17.4000000000000009103828801926 12.2894126980081038220046959931
17.5000000000000009159339953158 12.3894010506454489366707917046
17.6000000000000009214851104389 12.4893901832157703950527381473
17.700000000000000927036225562 12.5893800434965460668407812378
17.8000000000000009325873406851 12.6893705827615006933581180759
17.9000000000000009381384558083 12.7893617555465942574086493198
18.0000000000000009436895709314 12.8893535194316656786869532628
18.1000000000000009492406860545 12.9893458348366854805107301426
18.2000000000000009547918011776 13.0893386648316408813889453279
18.3000000000000009603429163008 13.1893319749591419319597941861
18.4000000000000009658940314239 13.2893257330688981504890156344
18.500000000000000971445146547 13.3893199091632718948320070293
18.6000000000000009769962616701 13.489314475253167713269187417
18.7000000000000009825473767933 13.5893094052235663911623100366
18.8000000000000009880984919164 13.6893046747080585888076648821
18.9000000000000009936496070395 13.7893002609717760667049780351
19.0000000000000009992007221626 13.889296142802158721894313515
19.1000000000000010047518372858 13.9892923004070332037887897486
19.2000000000000010103029524089 14.0892887153195139182420658174
19.300000000000001015854067532 14.1892853703092699308852027682
19.4000000000000010214051826551 14.2892822492997318005139309471
19.5000000000000010269562977783 14.3892793372908408557024877585
19.6000000000000010325074129014 14.4892766202869700084628020027
19.7000000000000010380585280245 14.5892740852296700042842489996
19.8000000000000010436096431476 14.6892717199349181565202867979
19.9000000000000010491607582708 14.7892695130345682152386197929
20.0000000000000010547118733939 14.8892674539217201794036972215
20.100000000000001060262988517 14.9892655326997476728559731069
20.2000000000000010658141036402 15.0892637401347380588421936932
20.3000000000000010713652187633 15.1892620676111168487159027455
20.4000000000000010769163338864 15.2892605070902432461720183255
20.5000000000000010824674490095 15.389259051071777932100292087
20.6000000000000010880185641327 15.4892576925576375050723189135
20.7000000000000010935696792558 15.5892564250183624123058735573
20.8000000000000010991207943789 15.6892552423617367951274904783
20.900000000000001104671909502 15.7892541389035094869675710905
21.0000000000000011102230246252 15.8892531093400754925620888472
