601
-21 -464.063660299729644220749063288
-20.9499999999999999972244424384 -462.963660299729633144340611362
-20.8999999999999999944488848769 -461.863660299729621277322622662
-20.8499999999999999916733273153 -460.763660299729608562950313218
-20.7999999999999999888977697537 -459.663660299729594940406129437
-20.7499999999999999861222121922 -458.563660299729580344507431318
-20.6999999999999999833466546306 -457.463660299729564705393195092
-20.6499999999999999805710970691 -456.363660299729547948188229418
-20.5999999999999999777955395075 -455.263660299729529992643291212
-20.5499999999999999750199819459 -454.163660299729510752749371353
-20.4999999999999999722444243844 -453.06366029972949013632429632
-20.4499999999999999694688668228 -451.963660299729468044569658818
-20.3999999999999999666933092612 -450.863660299729444371595947766
-20.3499999999999999639177516997 -449.763660299729419003913595226
-20.2999999999999999611421941381 -448.66366029972939181988749401
-20.2499999999999999583666365766 -447.563660299729362689152364118
-20.199999999999999955591079015 -446.463660299729331471986158011
-20.1499999999999999528155214534 -445.363660299729298018638493006
-20.0999999999999999500399638919 -444.263660299729262168610882938
-20.0499999999999999472644063303 -443.163660299729223749885309558
-19.9999999999999999444888487687 -442.063660299729182578097425829
-19.9499999999999999417132912072 -440.96366029972913845565041716
-19.8999999999999999389377336456 -439.863660299729091170765261388
-19.8499999999999999361621760841 -438.763660299729040496462822637
-19.7999999999999999333866185225 -437.66366029972898618947288653
-19.7499999999999999306110609609 -436.563660299728927989064893066
-19.6999999999999999278355033994 -435.463660299728865615794747168
-19.6499999999999999250599458378 -434.363660299728798770161683466
-19.5999999999999999222843882762 -433.263660299728727131168729633
-19.5499999999999999195088307147 -432.163660299728650354779849169
-19.4999999999999999167332731531 -431.063660299728568072266347998
-19.4499999999999999139577155916 -429.963660299728479888434596935
-19.39999999999999991118215803 -428.863660299728385379726551655
-19.3499999999999999084066004684 -427.763660299728284092183940406
-19.2999999999999999056310429069 -426.663660299728175539266334426
-19.2499999999999999028554853453 -425.563660299728059199512613716
-19.1999999999999999000799277837 -424.463660299727934514034588117
-19.1499999999999998973043702222 -423.363660299727800883830726891
-19.0999999999999998945288126606 -422.263660299727657666907085372
-19.049999999999999891753255099 -421.163660299727504175191590561
-18.9999999999999998889776975375 -420.063660299727339671226854301
-18.9499999999999998862021399759 -418.963660299727163364625618217
-18.8999999999999998834265824144 -417.863660299726974408271793652
-18.8499999999999998806510248528 -416.763660299726771894248837096
-18.7999999999999998778754672912 -415.663660299726554849475891017
-18.7499999999999998750999097297 -414.563660299726322231030715407
-18.6999999999999998723243521681 -413.463660299726072921136929939
-18.6499999999999998695487946065 -412.363660299725805721791473122
-18.599999999999999866773237045 -411.263660299725519349006455614
-18.5499999999999998639976794834 -410.163660299725212426637731398
-18.4999999999999998612221219219 -409.063660299724883479770524144
-18.4499999999999998584465643603 -407.963660299724530927630317079
-18.3999999999999998556710067987 -406.863660299724153075984932867
-18.3499999999999998528954492372 -405.763660299723748109001284459
-18.2999999999999998501198916756 -404.66366029972331408051765676
-18.249999999999999847344334114 -403.563660299722848904689569718
-18.1999999999999998445687765525 -402.463660299722350345964262633
-18.1499999999999998417932189909 -401.363660299721816008335612481
-18.0999999999999998390176614294 -400.26366029972124332382784052
-18.0499999999999998362421038678 -399.16366029972062954015265465
-17.9999999999999998334665463062 -398.063660299719971707480502143
-17.9499999999999998306909887447 -396.963660299719266664262349365
-17.8999999999999998279154311831 -395.863660299718511022033841547
-17.8499999999999998251398736215 -394.763660299717701149128804486
-17.79999999999999982236431606 -393.663660299716833153223807859
-17.7499999999999998195887584984 -392.56366029971590286262989142
-17.6999999999999998168132009368 -391.463660299714905806241533601
-17.6499999999999998140376433753 -390.363660299713837192046488158
-17.5999999999999998112620858137 -389.263660299712691884093197387
-17.5499999999999998084865282522 -388.163660299711464377805076838
-17.4999999999999998057109706906 -387.063660299710148773523020759
-17.449999999999999802935413129 -385.963660299708738748148961547
-17.3999999999999998001598555675 -384.863660299707227524754189281
-17.3499999999999997973842980059 -383.763660299705607840006355109
-17.2999999999999997946087404443 -382.66366029970387190925859788
-17.2499999999999997918331828828 -381.563660299702011389132996519
-17.1999999999999997890576253212 -380.463660299700017337418507215
-17.1499999999999997862820677597 -379.363660299697880170090636712
-17.0999999999999997835065101981 -378.263660299695589615246268719
-17.0499999999999997807309526365 -377.163660299693134663732233318
-16.999999999999999777955395075 -376.063660299690503516230317835
-16.9499999999999997751798375134 -374.963660299687683526544385726
-16.8999999999999997724042799518 -373.863660299684661140817015608
-16.8499999999999997696287223903 -372.763660299681421832383508006
-16.7999999999999997668531648287 -371.663660299677950031950138586
-16.7499999999999997640776072672 -370.56366029967422905276106286
-16.6999999999999997613020497056 -369.463660299670241010394190529
-16.649999999999999758526492144 -368.363660299665966736800531994
-16.5999999999999997557509345825 -367.263660299661385688173851139
-16.5499999999999997529753770209 -366.163660299656475846207804057
-16.4999999999999997501998194593 -365.063660299651213612265960732
-16.4499999999999997474242618978 -363.963660299645573693956042712
-16.3999999999999997446487043362 -362.863660299639528983563201068
-16.3499999999999997418731467747 -361.763660299633050427758029768
-16.2999999999999997390975892131 -360.663660299626106887953072014
-16.2499999999999997363220316515 -359.563660299618664990636629493
-16.19999999999999973354647409 -358.463660299610688966964510871
-16.1499999999999997307709165284 -357.363660299602140480838724629
-16.0999999999999997279953589668 -356.263660299592978444646784373
-16.0499999999999997252198014053 -355.16366029958315882177598603
-15.9999999999999997224442438437 -354.063660299572634414953450885
-15.9499999999999997196686862821 -352.963660299561354639394600572
-15.8999999999999997168931287206 -351.863660299549265279669712583
-15.849999999999999714117571159 -350.76366029953630822911994654
-15.7999999999999997113420135975 -349.663660299522421210570356319
-15.7499999999999997085664560359 -348.56366029950753747699750793
-15.6999999999999997057908984743 -347.463660299491585490712975785
-15.6499999999999997030153409128 -346.363660299474488579520727548
-15.5999999999999997002397833512 -345.263660299456164568195733796
-15.5499999999999996974642257896 -344.163660299436525383512521328
-15.4999999999999996946886682281 -343.06366029941547663092525799
-15.4499999999999996919131106665 -341.963660299392917140864701211
-15.399999999999999689137553105 -340.863660299368738482471307371
-15.3499999999999996863619955434 -339.76366029934282444242728245
-15.2999999999999996835864379818 -338.663660299315050466382604092
-15.2499999999999996808108804203 -337.563660299285283060290254863
-15.1999999999999996780353228587 -336.463660299253379148773211913
-15.1499999999999996752597652971 -335.363660299219185387439213362
-15.0999999999999996724842077356 -334.263660299182537425837973831
-15.049999999999999669708650174 -333.163660299143259117518286713
-14.9999999999999996669330926125 -332.063660299101161673388188782
-14.9499999999999996641575350509 -330.963660299056042754308851548
-14.8999999999999996613819774893 -329.863660299007685498560793359
-14.8499999999999996586064199278 -328.763660298955857479507973115
-14.7999999999999996558308623662 -327.663660298900309588449825675
-14.7499999999999996530553048046 -326.563660298840774837291718359
-14.6999999999999996502797472431 -325.463660298776967075278918754
-14.6499999999999996475041896815 -324.363660298708579613626114279
-14.5999999999999996447286321199 -323.26366029863528375143182806
-14.5499999999999996419530745584 -322.163660298556727195792606022
-14.4999999999999996391775169968 -321.063660298472532368523326089
-14.4499999999999996364019594353 -319.963660298382294591344957858
-14.3999999999999996336264018737 -318.863660298285580140816960384
-14.3499999999999996308508443121 -317.763660298181924163665439226
-14.2999999999999996280752867506 -316.663660298070828442487182396
-14.249999999999999625299729189 -315.563660297951759001090533265
-14.1999999999999996225241716274 -314.463660297824143537963280175
-14.1499999999999996197486140659 -313.363660297687368675531642679
-14.0999999999999996169730565043 -312.263660297540777011989042553
-14.0499999999999996141974989428 -311.16366029738366396152440822
-13.9999999999999996114219413812 -310.063660297215274367762713008
-13.9499999999999996086463838196 -308.963660297034798874140402436
-13.8999999999999996058708262581 -307.863660296841370033770084042
-13.8499999999999996030952686965 -306.763660296634058140096719997
-13.7999999999999996003197111349 -305.663660296411866758305559469
-13.7499999999999995975441535734 -304.563660296173727936003724164
-13.6999999999999995947685960118 -303.463660295918497070155803415
-13.6499999999999995919930384503 -302.363660295644947405601615177
-13.5999999999999995892174808887 -301.263660295351764138713505115
-13.5499999999999995864419233271 -300.163660295037538097852676364
-13.4999999999999995836663657656 -299.063660294700758970249945499
-13.449999999999999580890808204 -297.963660294339808042756228862
-13.3999999999999995781152506424 -296.863660293952950421571499231
-13.3499999999999995753396930809 -295.763660293538326693556685164
-13.2999999999999995725641355193 -294.663660293093943989048977584
-13.2499999999999995697885779578 -293.563660292617666403224359737
-13.1999999999999995670130203962 -292.463660292107204729968060894
-13.1499999999999995642374628346 -291.363660291560105458909232373
-13.0999999999999995614619052731 -290.26366029097373898273457393
-13.0499999999999995586863477115 -289.163660290345286958099877016
-12.9999999999999995559107901499 -288.063660289671728759390254439
-12.9499999999999995531352325884 -286.963660288949826960219640101
-12.8999999999999995503596750268 -285.863660288176111772887010366
-12.8499999999999995475841174652 -284.763660287346864370998239202
-12.7999999999999995448085599037 -283.663660286458099015094478813
-12.7499999999999995420330023421 -282.563660285505543895374655011
-12.6999999999999995392574447806 -281.463660284484620599433428763
-12.649999999999999536481887219 -280.363660283390422106327164316
-12.5999999999999995337063296574 -279.263660282217689201197294894
-12.5499999999999995309307720959 -278.163660280960785197088944093
-12.4999999999999995281552145343 -277.063660279613668842466256172
-12.4499999999999995253796569727 -275.963660278169865284205503767
-12.3999999999999995226040994112 -274.863660276622434946500762829
-12.3499999999999995198285418496 -273.763660274963940176099848692
-12.2999999999999995170529842881 -272.663660273186409493552147143
-12.2499999999999995142774267265 -271.563660271281299278643347056
-12.1999999999999995115018691649 -270.463660269239452705859580024
-12.1499999999999995087263116034 -269.363660267051055732505820938
-12.0999999999999995059507540418 -268.263660264705589927937071
-12.0499999999999995031751964802 -267.163660262191781917177740119
-11.9999999999999995003996389187 -266.063660259497549195931791251
-11.9499999999999994976240813571 -264.963660256609942056545388905
-11.8999999999999994948485237956 -263.863660253515081345791177684
-11.849999999999999492072966234 -262.763660250198091755309057656
-11.7999999999999994892974086724 -261.663660246643030324066125674
-11.7499999999999994865218511109 -260.563660242832809809185108205
-11.6999999999999994837462935493 -259.463660238749116556825506681
-11.6499999999999994809707359877 -258.363660234372322478366256027
-11.5999999999999994781951784262 -257.263660229681390708805897123
-11.5499999999999994754196208646 -256.163660224653774493929899942
-11.4999999999999994726440633031 -255.06366021926530882024888734
-11.4499999999999994698685057415 -253.963660213490094266829664221
-11.3999999999999994670929481799 -252.863660207300372520755489328
-11.3499999999999994643173906184 -251.763660200666392957883238828
-11.2999999999999994615418330568 -250.663660193556269647620405607
-11.2499999999999994587662754952 -249.563660185935828094417835085
-11.1999999999999994559907179337 -248.46366017776844097934348018
-11.1499999999999994532151603721 -247.363660169014852112231147707
-11.0999999999999994504396028105 -246.263660159632987748232068874
-11.049999999999999447664045249 -245.163660149577754361863778787
-10.9999999999999994448884876874 -244.063660138800821906558304168
-10.9499999999999994421129301259 -242.963660127250391517947150087
-10.8999999999999994393373725643 -241.863660114870946544348701964
-10.8499999999999994365618150027 -240.763660101602985707785003659
-10.7999999999999994337862574412 -239.663660087382737112964222195
-10.7499999999999994310106998796 -238.563660072141851729609599262
-10.699999999999999428235142318 -237.463660055807074874852817461
-10.6499999999999994254595847565 -236.363660038299894116665209358
-10.5999999999999994226840271949 -235.263660019536161905965799576
-10.5499999999999994199084696334 -234.163659999425691123575995161
-10.4999999999999994171329120718 -233.063659977871821598002919662
-10.4499999999999994143573545102 -231.963659954770955510501097848
-10.3999999999999994115817969487 -230.863659930012059454314690528
-10.3499999999999994088062393871 -229.763659903476130754720850881
-10.2999999999999994060306818255 -228.663659875035625484708514018
-10.249999999999999403255124264 -227.563659844553845427010214153
-10.1999999999999994004795667024 -226.463659811884281035872235713
-10.1499999999999993977040091409 -225.3636597768699072404518883
-10.0999999999999993949284515793 -224.263659739342428705053185298
-10.0499999999999993921528940177 -223.16365969912147091846393759
-9.99999999999999938937733645616 -222.063659656013713224270241143
-9.9499999999999993866017788946 -220.963659609811959624946672719
-9.89999999999999938382622133304 -219.863659560294142893410459711
-9.84999999999999938105066377148 -218.763659507222257205147365007
-9.79999999999999937827510620991 -217.66365945034121416042467164
-9.74999999999999937549954864835 -216.563659389377616697850430753
-9.69999999999999937272399108679 -215.463659324038445005847385354
-9.64999999999999936994843352522 -214.363659254009648115586882419
-9.59999999999999936717287596366 -213.263659178954634405538527493
-9.5499999999999993643973184021 -212.163659098512653761855125278
-9.49999999999999936162176084053 -211.063659012297063617992810735
-9.44999999999999935884620327897 -209.963658919893470538758595834
-9.39999999999999935607064571741 -208.86365882085773841569732552
-9.34999999999999935329508815585 -207.763658714713853699499909187
-9.29999999999999935051953059428 -206.663658600951637407850632511
-9.24999999999999934774397303272 -205.563658479024292910527763614
-9.19999999999999934496841547116 -204.463658348345777704085462969
-9.14999999999999934219285790959 -203.363658208287986542278534601
-9.09999999999999933941730034803 -202.263658058177732381474282497
-9.04999999999999933664174278647 -201.163657897293510628264613607
-8.99999999999999933386618522491 -200.063657724862031134669950225
-8.94999999999999933109062766334 -198.963657540054501269701746133
-8.89999999999999932831507010178 -197.863657341982642199249388081
-8.84999999999999932553951254022 -196.763657129694419223520688909
-8.79999999999999932276395497865 -195.663656902169465646419644642
-8.74999999999999931998839741709 -194.563656658314178177673334049
-8.69999999999999931721283985553 -193.46365639695646028912859779
-8.64999999999999931443728229397 -192.363656116840088253825074909
-8.5999999999999993116617247324 -191.263655816618672782063965834
-8.54999999999999930888616717084 -190.163655494849187223994799277
-8.49999999999999930611060960928 -189.063655149985031223870068869
-8.44999999999999930333505204771 -187.963654780368596477030366928
-8.39999999999999930055949448615 -186.863654384223298846118339957
-8.34999999999999929778393692459 -185.763653959645038526441261119
-8.29999999999999929500837936303 -184.663653504593047199441184003
-8.24999999999999929223282180146 -183.563653016880078164629460385
-8.1999999999999992894572642399 -182.46365249416189227988441329
-8.14999999999999928668170667834 -181.363651933925989152458154415
-8.09999999999999928390614911677 -180.263651333479529392053200412
-8.04999999999999928113059155521 -179.163650689936389845395637119
-7.99999999999999927835503399365 -178.063650000203289560069328035
-7.94999999999999927557947643209 -176.963649260964919753849871848
-7.89999999999999927280391887052 -175.86364846866800627279867487
-7.84999999999999927002836130896 -174.763647619504227883798160067
-7.7999999999999992672528037474 -173.663646709391908240207473659
-7.74999999999999926447724618583 -172.56364573395639345627814431
-7.69999999999999926170168862427 -171.463644688509020898349696603
-7.64999999999999925892613106271 -170.363643568024578018039113376
-7.59999999999999925615057350115 -169.263642367117142781821526391
-7.54999999999999925337501593958 -168.16364108001418945737013589
-7.49999999999999925059945837802 -167.063639700528835162025835785
-7.44999999999999924782390081646 -165.963638222030093622306117057
-7.39999999999999924504834325489 -164.863636637410992992002208948
-7.34999999999999924227278569333 -163.763634939054404283559429446
-7.29999999999999923949722813177 -162.663633118796415933104817819
-7.2499999999999992367216705702 -161.563631167887078190054805194
-7.19999999999999923394611300864 -160.463629076948328340171397781
-7.14999999999999923117055544708 -159.36362683592889417450697418
-7.09999999999999922839499788552 -158.263624434055958539643963125
-7.04999999999999922561944032395 -157.163621859783352175909191286
-6.99999999999999922284388276239 -156.06361910073602529352916369
-6.94999999999999922006832520083 -154.963616143650530370100935669
-6.89999999999999921729276763926 -153.863612974311229388376241556
-6.8499999999999992145172100777 -152.763609577481918076818088205
-6.79999999999999921174165251614 -151.66360593683253756535623887
-6.74999999999999920896609495458 -150.563602034860620116424654436
-6.69999999999999920619053739301 -149.463597852807090119841919342
-6.64999999999999920341497983145 -148.363593370566014223861051093
-6.59999999999999920063942226989 -147.263588566587865178904772003
-6.54999999999999919786386470832 -146.163583417775832550206819179
-6.49999999999999919508830714676 -145.063577899374679755067527067
-6.4499999999999991923127495852 -143.963571984851610732309278872
-6.39999999999999918953719202364 -142.863565645768570775819931476
-6.34999999999999918676163446207 -141.763558851645364467278943514
-6.29999999999999918398607690051 -140.663551569812929017125647501
-6.24999999999999918121051933895 -139.563543765256053443621355838
-6.19999999999999917843496177738 -138.463535400444782646502525925
-6.14999999999999917565940421582 -137.363526435153690304834599787
-6.09999999999999917288384665426 -136.263516826268145368968308208
-6.0499999999999991701082890927 -135.1635065275766334231641508
-5.99999999999999916733273153113 -134.063495489548126044391993842
-5.94999999999999916455717396957 -132.963483659093418124725130441
-5.89999999999999916178161640801 -131.863470979309274583012246468
-5.84999999999999915900605884644 -130.763457389204143559897308328
-5.79999999999999915623050128488 -129.66344282340410263041567184
-5.74999999999999915345494372332 -128.563427211837607307102099498
-5.69999999999999915067938616176 -127.463410479397506632693662798
-5.64999999999999914790382860019 -126.363392545578678422793521895
-5.59999999999999914512827103863 -125.263373324089516118146358678
-5.54999999999999914235271347707 -124.16335272243536959750081896
-5.4999999999999991395771559155 -123.063330641471902986205328233
-5.44999999999999913680159835394 -121.963306974926182715420654978
-5.39999999999999913402604079238 -120.863281608883148021406835594
-5.34999999999999913125048323082 -119.763254421234942833649148292
-5.29999999999999912847492566925 -118.663225281090401618585928781
-5.24999999999999912569936810769 -117.563194048141781173136927873
-5.19999999999999912292381054613 -116.463160571985614458565291901
-5.14999999999999912014825298456 -115.363124691394330089637755664
-5.099999999999999117372695423 -114.26308623353503069552109829
-5.04999999999999911459713786144 -113.163045013131553574920807432
-4.99999999999999911182158029987 -112.063000831565646272355751248
-4.94999999999999910904602273831 -110.962953475912776151167441996
-4.89999999999999910627046517675 -109.862902717907754814588382102
-4.84999999999999910349490761519 -108.762848312834993230901280064
-4.79999999999999910071935005362 -107.662789998337809354030452735
-4.74999999999999909794379249206 -106.562727493140784376064235027
-4.6999999999999990951682349305 -105.462660495678703735267127615
-4.64999999999999909239267736893 -104.362588682625121588977016651
-4.59999999999999908961711980737 -103.262511707313049295476589992
-4.54999999999999908684156224581 -102.162429198039685840005034194
-4.49999999999999908406600468425 -101.062340756246477011996061964
-4.44999999999999908129044712268 -99.9622459545651059888232717567
-4.39999999999999907851488956112 -98.8621443347192758199855566412
-4.34999999999999907573933199956 -97.7620354052713386082813488555
-4.29999999999999907296377443799 -96.6619186392019508162147674452
-4.24999999999999907018821687643 -95.5617934713099822660807164363
-4.19999999999999906741265931487 -94.461659295418870456296282598
-4.14999999999999906463710175331 -93.3615154613744833148341707907
-4.09999999999999906186154419174 -92.261361271818322992222474129
-4.04999999999999905908598663018 -91.1611959787185601764219886665
-3.99999999999999905631042906862 -90.0610187796399208275524495463
-3.94999999999999905353487150705 -88.9608288137318418657858480451
-3.89999999999999905075931394549 -87.860625157412554227469284082
-3.84999999999999904798375638393 -86.7604068197248239671216940312
-3.79999999999999904520819882237 -85.6601727373369656964121845393
-3.7499999999999990424326412608 -84.5599217691604161057219114816
-3.69999999999999903965708369924 -83.4596526905525942532608847665
-3.64999999999999903688152613768 -82.3593641870709521022135212367
-3.59999999999999903410596857611 -81.2590548477410020398695240021
-3.54999999999999903133041101455 -80.1587231577976620764949199088
-3.49999999999999902855485345299 -79.0583674908554433200206079557
-3.44999999999999902577929589143 -77.9579861004587715561621118674
-3.39999999999999902300373832986 -76.8575771109590319753811077344
-3.3499999999999990202281807683 -75.7571385076596920642589085105
-3.29999999999999901745262320674 -74.656668126165022052109182719
-3.24999999999999901467706564517 -73.556163640861414021153281821
-3.19999999999999901190150808361 -72.4556225524530062968689065933
-3.14999999999999900912595052205 -71.3550421744651408252124657794
-3.09999999999999900635039296048 -70.2544196186199924860433841808
-3.04999999999999900357483539892 -69.1537517789783649776800115357
-2.99999999999999900079927783736 -68.0530353147299783858730721726
-2.9499999999999989980237202758 -66.9522666315013808406203047876
-2.89999999999999899524816271423 -65.851441861035669174606086875
-2.84999999999999899247260515267 -64.7505568390812296575129174765
-2.79999999999999898969704759111 -63.6496070813073904392946018593
-2.74999999999999898692149002954 -62.548587757042836012908700175
-2.69999999999999898414593246798 -61.4474936606074261186066548369
-2.64999999999999898137037490642 -60.3463191799791600759916203287
-2.59999999999999897859481734486 -59.2450582625048062444005446402
-2.54999999999999897581925978329 -58.1437043773244286211333053118
-2.49999999999999897304370222173 -57.0422504741357958475710394072
-2.44999999999999897026814466017 -55.9406889378733813707599153169
-2.3999999999999989674925870986 -54.8390115388170685730703010602
-2.34999999999999896471702953704 -53.7372093775762051045394360619
-2.29999999999999896194147197548 -52.635272824313420264202165233
-2.24999999999999895916591441392 -51.5331914514773334547016203786
-2.19999999999999895639035685235 -50.43095395920113804043654825
-2.14999999999999895361479929079 -49.3285480923916067905023503019
-2.09999999999999895083924172923 -48.2259605483761003347146147093
-2.04999999999999894806368416766 -47.1231768737884336578061003164
-1.9999999999999989452881266061 -46.0201813491514619199189024454
-1.94999999999999894251256904454 -44.9169568593468617948663141894
-1.89999999999999893973701148298 -43.8134847478406114702883149151
-1.84999999999999893696145392141 -42.7097446521432452565525582225
-1.79999999999999893418589635985 -41.6057143175107517390437255439
-1.74999999999999893141033879829 -40.5013693853141604033736293792
-1.69999999999999892863478123672 -39.3966831517966606972525837703
-1.64999999999999892585922367516 -38.2916262920619294219006428164
-1.5999999999999989230836661136 -37.1861665430511885652000408674
-1.54999999999999892030810855204 -36.0802683379103601738477302159
-1.49999999999999891753255099047 -34.9738923824445687200699234967
-1.44999999999999891475699342891 -33.8669951622013461990847004273
-1.39999999999999891198143586735 -32.7595283659767736861636549938
-1.34999999999999890920587830578 -31.6514382080114265298570870421
-1.29999999999999890643032074422 -30.5426646265766671065552480221
-1.24999999999999890365476318266 -29.4331403306887614746540149977
-1.1999999999999989008792056211 -28.3227896588281678139682258818
-1.14999999999999889810364805953 -27.2115272030761758323283578527
-1.09999999999999889532809049797 -26.0992561379961665236133299931
-1.04999999999999889255253293641 -24.985866174407667198230277755
1 -23.8712310317535423085954864281
1.10000000000000000555111512313 -21.7826530693188909961658362578
1.20000000000000001110223024625 -19.9439826248657088162207376638
1.30000000000000001665334536938 -18.3132170212257624441718756388
1.4000000000000000222044604925 -16.8577423292647464827749863907
1.50000000000000002775557561563 -15.5517366130065850730259610522
1.60000000000000003330669073875 -14.3744132620671115801808026109
1.70000000000000003885780586188 -13.3087980257491635764165051535
1.80000000000000004440892098501 -12.3408562793832262448949250327
1.90000000000000004996003610813 -11.4588566591561769215428498658
2.00000000000000005551115123126 -10.6528981759969525752280680117
2.10000000000000006106226635438 -9.9145528660233066219063200635
2.20000000000000006661338147751 -9.23659168004090569338637092825
2.30000000000000007216449660064 -8.61277138623383358857624429794
2.40000000000000007771561172376 -8.03766689646329697394527844109
2.50000000000000008326672684689 -7.50653789070750123848192155685
2.60000000000000008881784197001 -7.01522167296490889518240070545
2.70000000000000009436895709314 -6.56004632263799911619797678537
2.80000000000000009992007221626 -6.13775971199008895767782990128
2.90000000000000010547118733939 -5.74547104057952695121904462953
3.00000000000000011102230246252 -5.38060232295826515147734703078
3.10000000000000011657341758564 -5.04084784501197907469405164326
3.20000000000000012212453270877 -4.72414003768453396102598303049
3.30000000000000012767564783189 -4.42862054617425467741840549772
3.40000000000000013322676295502 -4.15261552681684673099920904406
3.50000000000000013877787807814 -3.89461440267960787190980678008
3.60000000000000014432899320127 -3.65325146614076569638820336606
3.7000000000000001498801083244 -3.42728984197989330115808230843
3.80000000000000015543122344752 -3.2156074245137623573119906047
3.90000000000000016098233857065 -3.01718448198914615210992905251
4.00000000000000016653345369377 -2.83109268451995897495942750983
4.1000000000000001720845688169 -2.65648536130445045728329867339
4.20000000000000017763568394003 -2.49258883115475466245565267779
4.30000000000000018318679906315 -2.33869467963729545473694490659
4.40000000000000018873791418628 -2.19415287819673194047738189736
4.5000000000000001942890293094 -2.05836565710505195050679215914
4.60000000000000019984014443253 -1.93078205628989556574338159192
4.70000000000000020539125955565 -1.81089308717264395729824285031
4.80000000000000021094237467878 -1.69822744549184282824068309762
4.90000000000000021649348980191 -1.59234772040784883813396615377
5.00000000000000022204460492503 -1.492847049511893330547234677
5.10000000000000022759572004816 -1.39934617307981503521662078573
5.20000000000000023314683517128 -1.31149084427841895986251092077
5.30000000000000023869795029441 -1.22894955521593348877923565325
5.40000000000000024424906541753 -1.15141154182054646466571870505
5.50000000000000024980018054066 -1.07858503357423286864155841254
5.60000000000000025535129566379 -1.01019571713023882858317184067
5.70000000000000026090241078691 1.05611585100806456326313024108
5.80000000000000026645352591004 1.12412818099500925305313982252
5.90000000000000027200464103316 1.19384504017526180644393804909
6.00000000000000027755575615629 1.26519847947776592399857984765
6.10000000000000028310687127941 1.33812073625828144902022854092
6.20000000000000028865798640254 1.41254455343447765530048870369
6.30000000000000029420910152567 1.48840346446662329614057843632
6.40000000000000029976021664879 1.56563204496229200635068025409
6.50000000000000030531133177192 1.64416613200516273329832788862
6.60000000000000031086244689504 1.72394301258495162907392045867
6.70000000000000031641356201817 1.80490158273343406200678528247
6.8000000000000003219646771413 1.88698247914900884620177621636
6.90000000000000032751579226442 1.97012818522030216020064212446
7.00000000000000033306690738755 2.05428311344069863535164222683
7.10000000000000033861802251067 2.13939366624450054102630255415
7.2000000000000003441691376338 2.22540827729655259765536411185
7.30000000000000034972025275692 2.31227743523595767986157192545
7.40000000000000035527136788005 2.39995369181638674254690961761
7.50000000000000036082248300318 2.48839165630576103913228428375
7.6000000000000003663735981263 2.57754797791175175149007096679
7.70000000000000037192471324943 2.66738131789116639234159541058
7.80000000000000037747582837255 2.75785231288493501024188990026
7.90000000000000038302694349568 2.84892353089959884044211487113
8.0000000000000003885780586188 2.940559421233927276437930398
8.10000000000000039412917374193 3.03272625952801369555283281108
8.20000000000000039968028886506 3.12539208899390902646722966655
8.30000000000000040523140398818 3.21852665877308482257792155689
8.40000000000000041078251911131 3.31210136025792378668064115626
8.50000000000000041633363423443 3.40608916211282318684989070052
8.60000000000000042188474935756 3.50046454463588321317429624714
8.70000000000000042743586448069 3.59520343401481372978623503541
8.80000000000000043298697960381 3.69028313695070704088342680833
8.90000000000000043853809472694 3.78568227605061150447845448582
9.00000000000000044408920985006 3.88138072632419907182422836283
9.10000000000000044964032497319 3.97735955306095541169333965866
9.20000000000000045519144009631 4.07360095131187492065905008474
9.30000000000000046074255521944 4.17008818715321158784562006861
9.40000000000000046629367034257 4.26680554086899151964473094846
9.50000000000000047184478546569 4.36373825215329372989658954866
9.60000000000000047739590058882 4.46087246740231243397060735041
9.70000000000000048294701571194 4.55819518913949530356063892262
9.80000000000000048849813083507 4.65569422759419215825484223236
9.90000000000000049404924595819 4.7533581544348517880120747123
10.0000000000000004996003610813 4.85117625864149878528364013333
10.1000000000000005051514762044 4.94913850448866049900690779628
10.2000000000000005107025913276 5.04723549159877585686344781144
10.3000000000000005162537064507 5.14545841701710863915333338934
10.4000000000000005218048215738 5.24379903925203966940866598884
10.5000000000000005273559366969 5.34224964421908234606486379958
10.6000000000000005329070518201 5.4408030130228350365656854789
10.7000000000000005384581669432 5.53945239150815580413685905761
10.8000000000000005440092820663 5.63819146150994460126340111368
10.9000000000000005495603971895 5.73701431372988988499666337594
11.0000000000000005551115123126 5.83591542216824302321646644853
11.1000000000000005606626274357 5.93488962003900373251650631858
11.2000000000000005662137425588 6.03393207709772689625662912429
11.300000000000000571764857682 6.13303827831240270261717973352
11.4000000000000005773159728051 6.23220400380943746885485642115
11.5000000000000005828670879282 6.33142531002860196204212007156
11.6000000000000005884182030513 6.43069851202285732256157363345
11.7000000000000005939693181745 6.53002016684116424587685378324
11.8000000000000005995204332976 6.62938705793468485846156997221
11.9000000000000006050715484207 6.728796180529161389581839173
12.0000000000000006106226635438 6.82824472790866980919851250048
12.100000000000000616173778667 6.9277300785583737217894551343
12.2000000000000006217248937901 7.02724978411632209948955458222
12.3000000000000006272760089132 7.12680155808672591796410194343
12.4000000000000006328271240363 7.22638326526949880552974957938
12.5000000000000006383782391595 7.32599291186314371729699841778
12.6000000000000006439293542826 7.4256286362003021868138710454
12.7000000000000006494804694057 7.52528870007744781163219869286
12.8000000000000006550315845288 7.62497148064229604266792545237
12.900000000000000660582699652 7.72467546280451436207939182506
13.0000000000000006661338147751 7.82439923213724814629257749031
13.1000000000000006716849298982 7.92414146823882660846271092458
13.2000000000000006772360450213 8.02390093852577979680133370924
13.3000000000000006827871601445 8.12367649242998204202737961841
13.4000000000000006883382752676 8.22346705597434046351424986062
13.5000000000000006938893903907 8.32327162670297062102772171689
13.6000000000000006994405055138 8.42308926894324699442324813136
13.700000000000000704991620637 8.52291910937848585360663950316
13.8000000000000007105427357601 8.62276033291131464731917446983
13.9000000000000007160938508832 8.72261217879900786686434983286
14.0000000000000007216449660064 8.82247393704322712515022165865
14.1000000000000007271960811295 8.92234494501769570396561108285
14.2000000000000007327471962526 9.02222458431836787409815215868
14.3000000000000007382983113757 9.12211227782162370327909812754
14.4000000000000007438494264989 9.222007486936933639096590667
14.500000000000000749400541622 9.3219097090412966541527952737
14.6000000000000007549516567451 9.42181847508356388172260936237
14.7000000000000007605027718682 9.52173334734751909855021862913
14.8000000000000007660538869914 9.62165391736330069734067098978
14.9000000000000007716050021145 9.72157980395741942111127300535
15.0000000000000007771561172376 9.82151065143225450149724865952
15.1000000000000007827072323607 9.92144612786650025673534007545
15.2000000000000007882583474839 10.0213859235285878702200729471
15.300000000000000793809462607 10.1213297493956250984913645188
15.4000000000000007993605777301 10.2212773357708820628814187309
15.5000000000000008049116928532 10.3212284309933059805738376861
15.6000000000000008104628079764 10.4211828002329735128407069881
15.7000000000000008160139230995 10.5211402243667880826142923821
15.8000000000000008215650382226 10.6211004989291026821618386172
15.9000000000000008271161533457 10.7210634331322979089762879069
16.0000000000000008326672684689 10.8210288489526717042076778845
16.100000000000000838218383592 10.92099658027730291192355494
16.2000000000000008437694987151 11.020966472107836640072404231
16.3000000000000008493206138382 11.1209383798174067213904726199
16.4000000000000008548717289614 11.2209121684571605094122487282
16.5000000000000008604228440845 11.320887712109084897922821663
16.6000000000000008659739592076 11.4208648932820508535451526857
16.7000000000000008715250743307 11.5208436023481978710459246455
16.8000000000000008770761894539 11.6208237370169705113216370755
16.900000000000000882627304577 11.7208052018442974195017836249
17.0000000000000008881784197001 11.8207879077745697494151380538
17.1000000000000008937295348233 11.9207717717132314955369328057
17.2000000000000008992806499464 12.0207567161279395624445995649
17.3000000000000009048317650695 12.1207426686763871486230954617
17.4000000000000009103828801926 12.2207295618590108084613277415
17.5000000000000009159339953158 12.3207173326949199665847285038
17.6000000000000009214851104389 12.4207059224194982385237483149
17.700000000000000927036225562 12.5206952762022291726917942454
17.8000000000000009325873406851 12.6206853428833954497037914498
17.9000000000000009381384558083 12.7206760747283906045396887779
18.0000000000000009436895709314 12.820667427198466394509535727
18.1000000000000009492406860545 12.9206593587368174139684140369
18.2000000000000009547918011776 13.0206518305689778224843618991
18.3000000000000009603429163008 13.1206448065165734501417208982
18.4000000000000009658940314239 13.2206382528235363930488935757
18.500000000000000971445146547 13.3206321379939488142163688341
18.6000000000000009769962616701 13.4206264326407383005183235623
18.7000000000000009825473767933 13.5206211093444990578659353751
18.8000000000000009880984919164 13.6206161425217616992615028021
18.9000000000000009936496070395 13.720611508302079623265645939
19.0000000000000009992007221626 13.8206071844133422077575868832
19.1000000000000010047518372858 13.9206031500747644557954397029
19.2000000000000010103029524089 14.0205993858970395138231782713
19.300000000000001015854067532 14.1205958737891748120465451576
19.4000000000000010214051826551 14.2205925968715646156216357395
19.5000000000000010269562977783 14.3205895393948816757118230655
19.6000000000000010325074129014 14.420586686664398573750782806
19.7000000000000010380585280245 14.5205840249693753932727269828
19.8000000000000010436096431476 14.6205815415171746555126625252
19.9000000000000010491607582708 14.7205792243717871334981243222
20.0000000000000010547118733939 14.8205770623964733227280855135
20.100000000000001060262988517 14.9205750452002450957675394825
20.2000000000000010658141036402 15.0205731630879304974763853757
20.3000000000000010713652187633 15.1205714070135818351746508586
20.4000000000000010769163338864 15.2205697685370032660084596067
20.5000000000000010824674490095 15.3205682397831890588439038768
20.6000000000000010880185641327 15.4205668134044776817970473827
20.7000000000000010935696792558 15.5205654825452399058594419382
20.8000000000000010991207943789 15.6205642408089312824007302585
20.900000000000001104671909502 15.7205630822273507058679130574
21.0000000000000011102230246252 15.8205620012319573671187097484
