601
-21 -485.095369159456981949220823193
-20.9499999999999999972244424384 -483.945369159456970838955703975
-20.8999999999999999944488848769 -482.795369159456958935850249118
-20.8499999999999999916733273153 -481.645369159456946182999562494
-20.7999999999999999888977697537 -480.495369159456932519414486546
-20.7499999999999999861222121922 -479.345369159456917879728460701
-20.6999999999999999833466546306 -478.195369159456902193883339999
-20.6499999999999999805710970691 -477.04536915945688538679266384
-20.5999999999999999777955395075 -475.895369159456867377980756354
-20.5499999999999999750199819459 -474.745369159456848081195923766
-20.4999999999999999722444243844 -473.595369159456827403995889587
-20.4499999999999999694688668228 -472.445369159456805247303475063
-20.3999999999999999666933092612 -471.295369159456781504930389259
-20.3499999999999999639177516997 -470.145369159456756063066839921
-20.2999999999999999611421941381 -468.995369159456728799734511933
-20.2499999999999999583666365766 -467.84536915945669958420028415
-20.199999999999999955591079015 -466.695369159456668276347866653
-20.1499999999999999528155214534 -465.545369159456634726004338239
-20.0999999999999999500399638919 -464.395369159456598772218347169
-20.0499999999999999472644063303 -463.245369159456560242486505894
-19.9999999999999999444888487687 -462.095369159456518951924261436
-19.9499999999999999417132912072 -460.945369159456474702377256284
-19.8999999999999999389377336456 -459.795369159456427281468908569
-19.8499999999999999361621760841 -458.645369159456376461579633783
-19.7999999999999999333866185225 -457.495369159456321998752801693
-19.7499999999999999306110609609 -456.345369159456263631522170009
-19.6999999999999999278355033994 -455.195369159456201079655158892
-19.6499999999999999250599458378 -454.045369159456134042805925934
-19.5999999999999999222843882762 -452.895369159456062199071767661
-19.5499999999999999195088307147 -451.745369159455985203445908965
-19.4999999999999999167332731531 -450.595369159455902686159243897
-19.4499999999999999139577155916 -449.44536915945581425090305743
-19.39999999999999991118215803 -448.295369159455719472924185826
-19.3499999999999999084066004684 -447.145369159455617896983460066
-19.2999999999999999056310429069 -445.995369159455509035167619684
-19.2499999999999999028554853453 -444.845369159455392364544180094
-19.1999999999999999000799277837 -443.695369159455267324647981619
-19.1499999999999998973043702222 -442.545369159455133314787339439
-19.0999999999999998945288126606 -441.3953691594549896911568466
-19.049999999999999891753255099 -440.245369159454835763742952888
-18.9999999999999998889776975375 -439.095369159454670793007446394
-18.9499999999999998862021399759 -437.94536915945449398633289706
-18.8999999999999998834265824144 -436.795369159454304494212977409
-18.8499999999999998806510248528 -435.645369159454101406169349389
-18.7999999999999998778754672912 -434.495369159453883746375492064
-18.7499999999999998750999097297 -433.345369159453650468966436253
-18.6999999999999998723243521681 -432.19536915945340045301186259
-18.6499999999999998695487946065 -431.045369159453132497128401425
-18.599999999999999866773237045 -429.895369159452845313705238834
-18.5499999999999998639976794834 -428.745369159452537522715274373
-18.4999999999999998612221219219 -427.595369159452207645082084206
-18.4499999999999998584465643603 -426.445369159451854095570808198
-18.3999999999999998556710067987 -425.295369159451475175168791367
-18.3499999999999998528954492372 -424.145369159451069062919357585
-18.2999999999999998501198916756 -422.995369159450633807169464945
-18.249999999999999847344334114 -421.84536915945016731618917505
-18.1999999999999998445687765525 -420.695369159449667348117849126
-18.1499999999999998417932189909 -419.545369159449131500188747824
-18.0999999999999998390176614294 -418.395369159448557197180243239
-18.0499999999999998362421038678 -417.245369159447941679038134423
-17.9999999999999998334665463062 -416.095369159447281987609573628
-17.9499999999999998306909887447 -414.9453691594465749524248405
-17.8999999999999998279154311831 -413.795369159445817175458624978
-17.8499999999999998251398736215 -412.645369159445005014797574694
-17.79999999999999982236431606 -411.49536915944413456713560571
-17.7499999999999998195887584984 -410.345369159443201649012841081
-17.6999999999999998168132009368 -409.195369159442201776708003092
-17.6499999999999998140376433753 -408.045369159441130144687612854
-17.5999999999999998112620858137 -406.89536915943998160250841433
-17.5499999999999998084865282522 -405.745369159438750630062005371
-17.4999999999999998057109706906 -404.595369159437431311042690186
-17.449999999999999802935413129 -403.445369159436017304511027734
-17.3999999999999998001598555675 -402.295369159434501814416397502
-17.3499999999999997973842980059 -401.145369159432877556932094312
-17.2999999999999997946087404443 -399.995369159431136725445949773
-17.2499999999999997918331828828 -398.845369159429270953038209413
-17.1999999999999997890576253212 -397.695369159427271272266317126
-17.1499999999999997862820677597 -396.545369159425128072063314358
-17.0999999999999997835065101981 -395.395369159422831051542688148
-17.0499999999999997807309526365 -394.245369159420369170487633173
-16.999999999999999777955395075 -393.095369159417730596286756684
-16.9499999999999997751798375134 -391.945369159414902647061175243
-16.8999999999999997724042799518 -390.79536915941187173070964628
-16.8499999999999997696287223903 -389.645369159408623279578757659
-16.7999999999999997668531648287 -388.495369159405141680444170556
-16.7499999999999997640776072672 -387.345369159401410199466373678
-16.6999999999999997613020497056 -386.195369159397410901760252118
-16.649999999999999758526492144 -385.045369159393124565191885666
-16.5999999999999997557509345825 -383.895369159388530587988244849
-16.5499999999999997529753770209 -382.745369159383606889715714933
-16.4999999999999997501998194593 -381.595369159378329805151505721
-16.4499999999999997474242618978 -380.44536915937267397053784495
-16.3999999999999997446487043362 -379.29536915936661220167224128
-16.3499999999999997418731467747 -378.14536915936011536324786333
-16.2999999999999997390975892131 -376.995369159353152228816025273
-16.2499999999999997363220316515 -375.845369159345689330697695135
-16.19999999999999973354647409 -374.695369159337690799122632318
-16.1499999999999997307709165284 -373.545369159329118189822984014
-16.0999999999999997279953589668 -372.395369159319930299252677045
-16.0499999999999997252198014053 -371.245369159310082966544465594
-15.9999999999999997224442438437 -370.095369159299528861252750491
-15.9499999999999997196686862821 -368.94536915928821725586196564
-15.8999999999999997168931287206 -367.795369159276093781967103586
-15.849999999999999714117571159 -366.645369159263100168954473097
-15.7999999999999997113420135975 -365.495369159249173963926669832
-15.7499999999999997085664560359 -364.345369159234248231525592283
-15.6999999999999997057908984743 -363.195369159218251232210716116
-15.6499999999999997030153409128 -362.04536915920110607744628616
-15.5999999999999997002397833512 -360.895369159182730360140099132
-15.5499999999999996974642257896 -359.74536915916303575855759801
-15.4999999999999996946886682281 -358.595369159141927611807509344
-15.4499999999999996919131106665 -357.445369159119304464858614662
-15.399999999999999689137553105 -356.295369159095057580900799938
-15.3499999999999996863619955434 -355.145369159069070418706568866
-15.2999999999999996835864379818 -353.995369159041218072480981982
-15.2499999999999996808108804203 -352.845369159011366671507686051
-15.1999999999999996780353228587 -351.695369158979372736705459836
-15.1499999999999996752597652971 -350.545369158945082491002594781
-15.0999999999999996724842077356 -349.395369158908331120214456619
-15.049999999999999669708650174 -348.245369158868941980871669753
-14.9999999999999996669330926125 -347.095369158826725751191386836
-14.9499999999999996641575350509 -345.945369158781479521110825798
-14.8999999999999996613819774893 -344.795369158732985817009362149
-14.8499999999999996586064199278 -343.645369158681011556431547878
-14.7999999999999996558308623662 -342.495369158625306927786980952
-14.7499999999999996530553048046 -341.345369158565604189642354001
-14.6999999999999996502797472431 -340.19536915850161638383453431
-14.6499999999999996475041896815 -339.045369158433035956219311881
-14.5999999999999996447286321199 -337.89536915835953327842650739
-14.5499999999999996419530745584 -336.745369158280755063516323425
-14.4999999999999996391775169968 -335.595369158196322667921863504
-14.4499999999999996364019594353 -334.445369158105830271516182992
-14.3999999999999996336264018737 -333.295369158008842927056447136
-14.3499999999999996308508443121 -332.145369157904894469629938347
-14.2999999999999996280752867506 -330.995369157793485276053760115
-14.249999999999999625299729189 -329.845369157674079863458894125
-14.1999999999999996225241716274 -328.695369157546104315516313958
-14.1499999999999996197486140659 -327.545369157408943523934428073
-14.0999999999999996169730565043 -326.395369157261938231969234679
-14.0499999999999996141974989428 -325.245369157104381865736954078
-13.9999999999999996114219413812 -324.095369156935517138098986142
-13.9499999999999996086463838196 -322.945369156754532408795919633
-13.8999999999999996058708262581 -321.795369156560557783335741956
-13.8499999999999996030952686965 -320.645369156352660931885731641
-13.7999999999999996003197111349 -319.495369156129842608071725921
-13.7499999999999995975441535734 -318.345369155891031846146073844
-13.6999999999999995947685960118 -317.195369155635080813439678624
-13.6499999999999995919930384503 -316.045369155360759293356671008
-13.5999999999999995892174808887 -314.895369155066748772394474834
-13.5499999999999995864419233271 -313.745369154751636102768791203
-13.4999999999999995836663657656 -312.595369154413906710183191226
-13.449999999999999580890808204 -311.445369154051937314096764522
-13.3999999999999995781152506424 -310.295369153663988125500113562
-13.3499999999999995753396930809 -309.145369153248194484698650242
-13.2999999999999995725641355193 -307.995369152802557898910570029
-13.2499999999999995697885779578 -306.845369152324936436602113747
-13.1999999999999995670130203962 -305.695369151813034432390912013
-13.1499999999999995642374628346 -304.545369151264391453034481646
-13.0999999999999995614619052731 -303.395369150676370471469379996
-13.0499999999999995586863477115 -302.245369150046145192060051261
-12.9999999999999995559107901499 -301.095369149370686466136723118
-12.9499999999999995531352325884 -299.945369148646747732529223183
-12.8999999999999995503596750268 -298.795369147870849413117267048
-12.8499999999999995475841174652 -297.645369147039262188395097852
-12.7999999999999995448085599037 -296.495369146147989072665190513
-12.7499999999999995420330023421 -295.345369145192746202706197588
-12.6999999999999995392574447806 -294.195369144168942247576677073
-12.649999999999999536481887219 -293.045369143071656340588683896
-12.5999999999999995337063296574 -291.895369141895614427382171435
-12.5499999999999995309307720959 -290.74536914063516391641819607
-12.4999999999999995281552145343 -289.595369139284246510049554943
-12.4499999999999995253796569727 -288.445369137836369085582496816
-12.3999999999999995226040994112 -287.295369136284572486370495434
-12.3499999999999995198285418496 -286.145369134621398072935714421
-12.2999999999999995170529842881 -284.995369132838851873347439558
-12.2499999999999995142774267265 -283.845369130928366160547659522
-12.1999999999999995115018691649 -282.695369128880758271946677327
-12.1499999999999995087263116034 -281.545369126686186473356687917
-12.0999999999999995059507540418 -280.395369124334102655124952714
-12.0499999999999995031751964802 -279.245369121813201633102256303
-11.9999999999999995003996389187 -278.095369119111366810763560041
-11.9499999999999994976240813571 -276.945369116215611941307735421
-11.8999999999999994948485237956 -275.795369113112018709817900006
-11.849999999999999492072966234 -274.645369109785669835473090264
-11.7999999999999994892974086724 -273.495369106220577372269221264
-11.7499999999999994865218511109 -272.345369102399605863629004334
-11.6999999999999994837462935493 -271.195369098304389981545793218
-11.6499999999999994809707359877 -270.045369093915246254396317694
-11.5999999999999994781951784262 -268.895369089211078459144518708
-11.5499999999999994754196208646 -267.745369084169276223206652043
-11.4999999999999994726440633031 -266.595369078765606348610107866
-11.4499999999999994698685057415 -265.445369072974096336098123983
-11.3999999999999994670929481799 -264.295369066766909549341614548
-11.3499999999999994643173906184 -263.145369060114211419237487769
-11.2999999999999994615418330568 -261.995369052984026045206945871
-11.2499999999999994587662754952 -260.845369045342082504250345014
-11.1999999999999994559907179337 -259.695369037151650129045380588
-11.1499999999999994532151603721 -258.545369028373361963354868078
-11.0999999999999994504396028105 -257.395369018965025546184357292
-11.049999999999999447664045249 -256.245369008881420115225100751
-10.9999999999999994448884876874 -255.095368998074079254841741805
-10.9499999999999994421129301259 -253.945368986491057943902726983
-10.8999999999999994393373725643 -252.795368974076682883768590414
-10.8499999999999994365618150027 -251.645368960771284906388476938
-10.7999999999999994337862574412 -250.495368946510912176322263764
-10.7499999999999994310106998796 -249.345368931227022808190377997
-10.699999999999999428235142318 -248.1953689148461554221121384
-10.6499999999999994254595847565 -247.045368897289576053650570539
-10.5999999999999994226840271949 -245.895368878472899721127409875
-10.5499999999999994199084696334 -244.745368858305684831360081125
-10.4999999999999994171329120718 -243.595368836690998474317268732
-10.4499999999999994143573545102 -242.445368813524950517263682551
-10.3999999999999994115817969487 -241.295368788696194258995131791
-10.3499999999999994088062393871 -240.145368762085391244031118434
-10.2999999999999994060306818255 -238.995368733564637664361163149
-10.249999999999999403255124264 -237.845368702996849591704825622
-10.1999999999999994004795667024 -236.695368670235104085356266154
-10.1499999999999993977040091409 -235.545368635121933008590881347
-10.0999999999999993949284515793 -234.395368597488566159294398777
-10.0499999999999993921528940177 -233.245368557154120076840993572
-9.99999999999999938937733645616 -232.095368513924728626125190998
-9.9499999999999993866017788946 -230.945368467592611179787142875
-9.89999999999999938382622133304 -229.79536841793507391971677268
-9.84999999999999938105066377148 -228.645368364713439457437122608
-9.79999999999999937827510620991 -227.495368307671899628405300494
-9.74999999999999937549954864835 -226.345368246536285945974018378
-9.69999999999999937272399108679 -225.195368181012751804952174559
-9.64999999999999936994843352522 -224.045368110786360100486080906
-9.59999999999999936717287596366 -222.895368035519569473313925301
-9.5499999999999993643973184021 -221.745367954850611905138536668
-9.49999999999999936162176084053 -220.595367868391753865574114155
-9.44999999999999935884620327897 -219.445367775727432652339609293
-9.39999999999999935607064571741 -218.295367676412258966402819279
-9.34999999999999935329508815585 -217.145367569968876120739493293
-9.29999999999999935051953059428 -215.995367455885665592168125173
-9.24999999999999934774397303272 -214.845367333614287887038675499
-9.19999999999999934496841547116 -213.69536720256704689983914434
-9.14999999999999934219285790959 -212.545367062114065095229324266
-9.09999999999999933941730034803 -211.395366911580255934534170679
-9.04999999999999933664174278647 -210.245366750242078992954663026
-8.99999999999999933386618522491 -209.095366577324062168991978704
-8.94999999999999933109062766334 -207.945366391995074267804367575
-8.89999999999999932831507010178 -206.79536619336433004003706472
-8.84999999999999932553951254022 -205.645365980477108471308322207
-8.79999999999999932276395497865 -204.495365752310163738808337235
-8.74999999999999931998839741709 -203.345365507766806773736502827
-8.69999999999999931721283985553 -202.195365245671633784452773742
-8.64999999999999931443728229397 -201.045364964764876397626162499
-8.5999999999999993116617247324 -199.895364663696346255154086868
-8.54999999999999930888616717084 -198.745364341018944954439045633
-8.49999999999999930611060960928 -197.595363995181708129351984594
-8.44999999999999930333505204771 -196.44536362452235022881682941
-8.39999999999999930055949448615 -195.295363227259274148625326529
-8.34999999999999929778393692459 -194.145362801483007298265745903
-8.29999999999999929500837936303 -192.995362345147022925820087531
-8.24999999999999929223282180146 -191.845361856057902567055622703
-8.1999999999999992894572642399 -190.695361331864792315453192746
-8.14999999999999928668170667834 -189.545360770048102212794532713
-8.09999999999999928390614911677 -188.395360167907394418689992001
-8.04999999999999928113059155521 -187.245359522548401914500727679
-7.99999999999999927835503399365 -186.095358830869115313662755595
-7.94999999999999927557947643209 -184.945358089544870866261892073
-7.89999999999999927280391887052 -183.795357295012367939188379752
-7.84999999999999927002836130896 -182.6453564434525391011037454
-7.7999999999999992672528037474 -181.495355530772190418888440803
-7.74999999999999926447724618583 -180.345354552584323652515585493
-7.69999999999999926170168862427 -179.195353504187045689791303309
-7.64999999999999925892613106271 -178.045352380540963760421654025
-7.59999999999999925615057350115 -176.895351176244957677492944582
-7.54999999999999925337501593958 -175.745349885510212538383684337
-7.49999999999999925059945837802 -174.595348502132386938499900195
-7.44999999999999924782390081646 -173.445347019461782769430405274
-7.39999999999999924504834325489 -172.295345430371373044594825166
-7.34999999999999924227278569333 -171.145343727222533873478209831
-7.29999999999999923949722813177 -169.995341901828315639985737449
-7.2499999999999992367216705702 -168.845339945414076577532710612
-7.19999999999999923394611300864 -167.695337848575289215511776246
-7.14999999999999923117055544708 -166.545335601232316536843349426
-7.09999999999999922839499788552 -165.395333192581940067985541335
-7.04999999999999922561944032395 -164.245330611045406449765541047
-6.99999999999999922284388276239 -163.095327844212742233182042498
-6.94999999999999922006832520083 -161.945324878783068626791651411
-6.89999999999999921729276763926 -160.795321700500628603271072835
-6.8499999999999992145172100777 -159.645318294086218057593358654
-6.79999999999999921174165251614 -158.495314643163690496345431737
-6.74999999999999920896609495458 -157.345310730181180917914892635
-6.69999999999999920619053739301 -156.195306536326668999380484435
-6.64999999999999920341497983145 -155.045302041437474312054762583
-6.59999999999999920063942226989 -153.895297223903246908494750948
-6.54999999999999919786386470832 -152.745292060561985114085534554
-6.49999999999999919508830714676 -151.595286526588578559827109794
-6.4499999999999991923127495852 -150.445280595375338241833758129
-6.39999999999999918953719202364 -149.295274238403936506796018053
-6.34999999999999918676163446207 -148.145267425108138147168677863
-6.29999999999999918398607690051 -146.995260122726659036375184972
-6.24999999999999918121051933895 -145.845252296145440718267677964
-6.19999999999999917843496177738 -144.695243907728577844764522454
-6.14999999999999917565940421582 -143.545234917137080070846618538
-6.09999999999999917288384665426 -142.39522528113459068681009781
-6.0499999999999991701082890927 -141.245214953379120592138228381
-5.99999999999999916733273153113 -140.095203884199787868501502532
-5.94999999999999916455717396957 -138.945192020357479840862435522
-5.89999999999999916178161640801 -137.795179304788275747690437199
-5.84999999999999915900605884644 -136.6451656763283835664171402
-5.79999999999999915623050128488 -135.495151069419253718793078777
-5.74999999999999915345494372332 -134.345135413791434838066215513
-5.69999999999999915067938616176 -133.195118634125632003203829782
-5.64999999999999914790382860019 -132.045100649689315280702357086
-5.59999999999999914512827103863 -130.895081373947105462875716752
-5.54999999999999914235271347707 -129.745060714143033904889398484
-5.4999999999999991395771559155 -128.595038570852633639810199277
-5.44999999999999913680159835394 -127.445014837502668731878211135
-5.39999999999999913402604079238 -126.294989399856147289717896496
-5.34999999999999913125048323082 -125.144962135460089810309237243
-5.29999999999999912847492566925 -123.99493291305333759205179516
-5.24999999999999912569936810769 -122.844901591931484788478358379
-5.19999999999999912292381054613 -121.694868021265801128798337264
-5.14999999999999912014825298456 -120.54483203937277916253287657
-5.099999999999999117372695423 -119.394793472930688737440546647
-5.04999999999999911459713786144 -118.244752136139250815274546633
-4.99999999999999911182158029987 -117.094707829818251056876090714
-4.94999999999999910904602273831 -115.944660340440599106616261174
-4.89999999999999910627046517675 -114.794609439095000252246881907
-4.84999999999999910349490761519 -113.644554880373040024354250412
-4.79999999999999910071935005362 -112.494496401175087023238187322
-4.74999999999999909794379249206 -111.344433719428992290305547484
-4.6999999999999990951682349305 -110.194366532715102097919587728
-4.64999999999999909239267736893 -109.044294516790602061720863013
-4.59999999999999908961711980737 -107.894217324005670620298449868
-4.54999999999999908684156224581 -106.744134581603335472313111584
-4.49999999999999908406600468425 -105.594045889894293419630184991
-4.44999999999999908129044712268 -104.443950820297267714707046014
-4.39999999999999907851488956112 -103.293848913234732446047865618
-4.34999999999999907573933199956 -102.143739675873025168578787023
-4.29999999999999907296377443799 -100.993622579694990736794262674
-4.24999999999999907018821687643 -99.8434970578923442791892001372
-4.19999999999999906741265931487 -98.6933625025639018369747592802
-4.14999999999999906463710175331 -97.5432182617046948733387048015
-4.09999999999999906186154419174 -96.3930636359697501407916627784
-4.04999999999999905908598663018 -95.2428978751949686431397318923
-3.99999999999999905631042906862 -94.092720174656064731609276365
-3.94999999999999905353487150705 -92.9425296710449153571810174372
-3.89999999999999905075931394549 -91.7923254381409051235919139918
-3.84999999999999904798375638393 -90.6421064821529181064713076662
-3.79999999999999904520819882237 -89.4918717367055033072630078904
-3.7499999999999990424326412608 -88.3416200574404054871535315863
-3.69999999999999903965708369924 -87.19135021620208250661709698
-3.64999999999999903688152613768 -86.0410608947729964214491325642
-3.59999999999999903410596857611 -84.8907506781213369083743182172
-3.54999999999999903133041101455 -83.7404180471203761922511526557
-3.49999999999999902855485345299 -82.5900613706948235475602704753
-3.44999999999999902577929589143 -81.4396788973452978195752793923
-3.39999999999999902300373832986 -80.2892687459973146314952970995
-3.3499999999999990202281807683 -79.138828896115929489098728192
-3.29999999999999901745262320674 -77.988357177021318136456263544
-3.24999999999999901467706564517 -76.8378512563340297819598795415
-3.19999999999999901190150808361 -75.6873086274713231592854403367
-3.14999999999999900912595052205 -74.5367265961077810296528543907
-3.09999999999999900635039296048 -73.3861022655041695670131556449
-3.04999999999999900357483539892 -72.2354325205981185951150412971
-2.99999999999999900079927783736 -71.0847140107384762814437411503
-2.9499999999999989980237202758 -69.9339431309319385546472262834
-2.89999999999999899524816271423 -68.7831160014555363026713609093
-2.84999999999999899247260515267 -67.6322284456715092090954778618
-2.79999999999999898969704759111 -66.4812759658616827994693062701
-2.74999999999999898692149002954 -65.3302537168763164173299630131
-2.69999999999999898414593246798 -64.1791564773670571127819541204
-2.64999999999999898137037490642 -63.027978618344587661757320847
-2.59999999999999897859481734486 -61.8767140687681660324132572579
-2.54999999999999897581925978329 -60.7253562778357674232033802785
-2.49999999999999897304370222173 -59.5738981735990603004438548844
-2.44999999999999897026814466017 -58.4223321174758971527721340162
-2.3999999999999989674925870986 -57.270649854173082060108510422
-2.34999999999999896471702953704 -56.1188424564623242915463549158
-2.29999999999999896194147197548 -54.9669002641706013871260987856
-2.24999999999999895916591441392 -53.8148128166503265579663676254
-2.19999999999999895639035685235 -52.6625687778819222807280381589
-2.14999999999999895361479929079 -51.5101558532281843845963953808
-2.09999999999999895083924172923 -50.3575606967019169516092156311
-2.04999999999999894806368416766 -49.2047688074204557043378295099
-1.9999999999999989452881266061 -48.0517644136963235642754763439
-1.94999999999999894251256904454 -46.8985303429441930788734178648
-1.89999999999999893973701148298 -45.7450478752602937821067097659
-1.84999999999999893696145392141 -44.5912965781384344989047038677
-1.79999999999999893418589635985 -43.4372541193104595543054710956
-1.74999999999999893141033879829 -42.282896054117223153040693923
-1.69999999999999892863478123672 -41.1281955831020742660668473139
-1.64999999999999892585922367516 -39.9731232746375239972949355283
-1.5999999999999989230836661136 -38.8176467463018275677064787334
-1.54999999999999892030810855204 -37.6617302973561404611888347416
-1.49999999999999891753255099047 -36.5053344829560748014506316372
-1.44999999999999891475699342891 -35.3484156185591609173169471421
-1.39999999999999891198143586735 -34.1909252002212192590657313116
-1.34999999999999890920587830578 -33.0328092229192310626676841737
-1.29999999999999890643032074422 -31.8740073744348495340137799444
-1.24999999999999890365476318266 -30.7144520763200398027462604575
-1.1999999999999989008792056211 -29.5540673355393195208150164934
-1.14999999999999889810364805953 -28.3927673598267182051332583342
-1.09999999999999889532809049797 -27.2304548755849360465874435267
-1.04999999999999889255253293641 -26.0670190677995982188289887772
1 -24.9023330347454550104551883278
1.10000000000000000555111512313 -22.7201281085023947946036998971
1.20000000000000001110223024625 -20.7992339795907747558784767937
1.30000000000000001665334536938 -19.0957320444787616083247849741
1.4000000000000000222044604925 -17.5755199815570683631949061741
1.50000000000000002775557561563 -16.2115968397684695506318901362
1.60000000000000003330669073875 -14.9822264243257080955182519677
1.70000000000000003885780586188 -13.8696586617681430106282360232
1.80000000000000004440892098501 -12.8592171310974188564902378557
1.90000000000000004996003610813 -11.93863371794944310419436815
2.00000000000000005551115123126 -11.0975541858518316299137054832
2.10000000000000006106226635438 -10.327164539592198242105812794
2.20000000000000006661338147751 -9.61990441194835673941050094928
2.30000000000000007216449660064 -8.96924423484581108190636230154
2.40000000000000007771561172376 -8.36950989475997660439701059136
2.50000000000000008326672684689 -7.81574324056190604184190874319
2.60000000000000008881784197001 -7.30359001158397818978521268669
2.70000000000000009436895709314 -6.82920898308202546384931956016
2.80000000000000009992007221626 -6.38919770288976660910133395919
2.90000000000000010547118733939 -5.98053132337570085595807365382
3.00000000000000011102230246252 -5.60051185388450579035681809923
3.10000000000000011657341758564 -5.24672576329683190959310296692
3.20000000000000012212453270877 -4.91700831365477088814386834874
3.30000000000000012767564783189 -4.60941334788778765182218859236
3.40000000000000013322676295502 -4.32218751803145087884640364402
3.50000000000000013877787807814 -4.05374814612756565096757412364
3.60000000000000014432899320127 -3.80266407288849503594349752341
3.7000000000000001498801083244 -3.56763897935043392661464018678
3.80000000000000015543122344752 -3.34749677121240480162548457206
3.90000000000000016098233857065 -3.14116869940913733628400530483
4.00000000000000016653345369377 -2.94768195743798212080256795318
4.1000000000000001720845688169 -2.76614954897131928907362979372
4.20000000000000017763568394003 -2.59576126073791020941231603407
4.30000000000000018318679906315 -2.43577560760851791312719362542
4.40000000000000018873791418628 -2.28551264107846699700452321013
4.5000000000000001942890293094 -2.14434753049111222668016910409
4.60000000000000019984014443253 -2.01170483977327142094878722684
4.70000000000000020539125955565 -1.88705343233342083442657390852
4.80000000000000021094237467878 -1.76990194408076972821376644273
4.90000000000000021649348980191 -1.65979477004009102139490108581
5.00000000000000022204460492503 -1.55630851436779014778389276035
5.10000000000000022759572004816 -1.45904885716706139462876596901
5.20000000000000023314683517128 -1.36764779466969166913467834436
5.30000000000000023869795029441 -1.28176121230740938235039212015
5.40000000000000024424906541753 -1.20106675306164240831905527451
5.50000000000000024980018054066 -1.12526194632051783912650934765
5.60000000000000025535129566379 -1.05406256530618215370856612129
5.70000000000000026090241078691 1.01291337735444093140200403126
5.80000000000000026645352591004 1.07975287343193070792084868844
5.90000000000000027200464103316 1.14834150497465936315494909959
6.00000000000000027755575615629 1.21861148187794204086414408659
6.10000000000000028310687127941 1.2904949597829267574180198194
6.20000000000000028865798640254 1.36392438274625137284879638286
6.30000000000000029420910152567 1.43883279145872732601947343785
6.40000000000000029976021664879 1.51515409754219235177279880395
6.50000000000000030531133177192 1.59282332480377991311930062884
6.60000000000000031086244689504 1.67177681863658210632760946685
6.70000000000000031641356201817 1.75195242501854125422656734777
6.8000000000000003219646771413 1.8332896407741623842520427232
6.90000000000000032751579226442 1.91572973692580221550597780314
7.00000000000000033306690738755 1.99921585707454328654779353572
7.10000000000000033861802251067 2.08369309281831142130632612061
7.2000000000000003441691376338 2.16910853824136613340476276573
7.30000000000000034972025275692 2.25541132549969005452131806347
7.40000000000000035527136788005 2.34255264348653982224623144453
7.50000000000000036082248300318 2.43048574149693189007070698242
7.6000000000000003663735981263 2.51916591972435653474951807216
7.70000000000000037192471324943 2.60855050832241804743753157042
7.80000000000000037747582837255 2.69859883665280400768298337106
7.90000000000000038302694349568 2.7892721942228883084171230534
8.0000000000000003885780586188 2.88053378469472711856777528908
8.10000000000000039412917374193 2.97234867422503446701895503
8.20000000000000039968028886506 3.06468373527523399021296821527
8.30000000000000040523140398818 3.15750758691371232991676492926
8.40000000000000041078251911131 3.25079053252035812250003027783
8.50000000000000041633363423443 3.34450449569739303199420106534
8.60000000000000042188474935756 3.43862295509109785783978826122
8.70000000000000042743586448069 3.53312087873674285465472154239
8.80000000000000043298697960381 3.6279746584540549814487660272
8.90000000000000043853809472694 3.72316204474291936748402589363
9.00000000000000044408920985006 3.81866208255859550179360104151
9.10000000000000044964032497319 3.91445504828229617786269427372
9.20000000000000045519144009631 4.0105223881462118656789788604
9.30000000000000046074255521944 4.10684665832158959594617012674
9.40000000000000046629367034257 4.20341146683388066362869316774
9.50000000000000047184478546569 4.30020141742982169195878424476
9.60000000000000047739590058882 4.39720205548716765790779064653
9.70000000000000048294701571194 4.49439981602821533590689043634
9.80000000000000048849813083507 4.59178197387281444517623474641
9.90000000000000049404924595819 4.68933659594485191744269971294
10.0000000000000004996003610813 4.78705249572782381423832234811
10.1000000000000005051514762044 4.88491918984971530227413075355
10.2000000000000005107025913276 4.98292685676465323752920970286
10.3000000000000005162537064507 5.08106629748836620502366293093
10.4000000000000005218048215738 5.17932889833609757194533669055
10.5000000000000005273559366969 5.27770659560500830008241595693
10.6000000000000005329070518201 5.37619184213804283385798438123
10.7000000000000005384581669432 5.47477757570250183827954544401
10.8000000000000005440092820663 5.57345718911398059004589139379
10.9000000000000005495603971895 5.67222450203472275461700545937
11.0000000000000005551115123126 5.77107373437465650899695877968
11.1000000000000005606626274357 5.8699994812232913759173401606
11.2000000000000005662137425588 5.96899668924114353588404517363
11.300000000000000571764857682 6.06806063444032303504984483443
11.4000000000000005773159728051 6.16718690128526948465834206436
11.5000000000000005828670879282 6.26637136304628651190738767849
11.6000000000000005884182030513 6.36561016334043277359615866528
11.7000000000000005939693181745 6.46489969879642147628768937069
11.8000000000000005995204332976 6.56423660278241199182822387404
11.9000000000000006050715484207 6.66361773013790452423417488589
12.0000000000000006106226635438 6.76304014285333648831292953204
12.100000000000000616173778667 6.86250109664339753615525276505
12.2000000000000006217248937901 6.96199802836250416121160305487
12.3000000000000006272760089132 7.06152854421328394686313649665
12.4000000000000006328271240363 7.16109040870129694828528536809
12.5000000000000006383782391595 7.26068153429155375794869760252
12.6000000000000006439293542826 7.36029997172466563115262055278
12.7000000000000006494804694057 7.45994390095267314119526565222
12.8000000000000006550315845288 7.5596116226567397294833933879
12.900000000000000660582699652 7.65930155031096047911720783366
13.0000000000000006661338147751 7.75901220275852120085101746205
13.1000000000000006716849298982 7.85874219726834644051604358878
13.2000000000000006772360450213 7.95849024304219629134015312246
13.3000000000000006827871601445 8.05825513514391077426856849982
13.4000000000000006883382752676 8.15803574882415759106593757322
13.5000000000000006938893903907 8.25783103421561539035806275963
13.6000000000000006994405055138 8.35764001137502191031273514281
13.700000000000000704991620637 8.45746176564993643439676595249
13.8000000000000007105427357601 8.55729544334941116404243362823
13.9000000000000007160938508832 8.65714024769903883413712999568
14.0000000000000007216449660064 8.75699543506204678944316477591
14.1000000000000007271960811295 8.85686031140924352333715018338
14.2000000000000007327471962526 8.95673422902169513937744687574
14.3000000000000007382983113757 9.05661658341101914489362729371
14.4000000000000007438494264989 9.15650681044313423800253961354
14.500000000000000749400541622 9.25640438365220009582157187189
14.6000000000000007549516567451 9.35630881173232336037727041281
14.7000000000000007605027718682 9.45621963619539774030290999889
14.8000000000000007660538869914 9.55613642918419002167255291678
14.9000000000000007716050021145 9.65605879143048235206250837842
15.0000000000000007771561172376 9.75598635034873688413934313146
15.1000000000000007827072323607 9.85591875825636410395117052963
15.2000000000000007882583474839 9.95585569071225319582597648808
15.300000000000000793809462607 10.0557968449657637856466841366
15.4000000000000007993605777301 10.1557419385088854359600677156
15.5000000000000008049116928532 10.2556907077247463221911395049
15.6000000000000008104628079764 10.355642906626097486106343355
15.7000000000000008160139230995 10.4555983056778157337754776551
15.8000000000000008215650382226 10.5555566906978583221662896807
15.9000000000000008271161533457 10.6555178618314676735774207901
16.0000000000000008326672684689 10.7554816325937659964493403725
16.100000000000000838218383592 10.8554478289761993174402277559
16.2000000000000008437694987151 10.9554162886125894056053353653
16.3000000000000008493206138382 11.0553868600008316807640440116
16.4000000000000008548717289614 11.1553594017765386567773546375
16.5000000000000008604228440845 11.2553337820351729183208047535
16.6000000000000008659739592076 11.3553098776994421416924803216
16.7000000000000008715250743307 11.455287573928942257412969446
16.8000000000000008770761894539 11.555266763569234465526345095
16.900000000000000882627304577 11.6552473466377283468968567294
17.0000000000000008881784197001 11.7552292298439176043719926018
17.1000000000000008937295348233 11.8552123261416778039984616467
17.2000000000000008992806499464 11.9551965543114876075032382818
17.3000000000000009048317650695 12.0551818385705770860946058261
17.4000000000000009103828801926 12.1551681082091394321475898201
17.5000000000000009159339953158 12.2551552972508663485956556112
17.6000000000000009214851104389 12.3551433441361831665448449197
17.700000000000000927036225562 12.4551321914266678543159346186
17.8000000000000009325873406851 12.5551217855292390363828756941
17.9000000000000009381384558083 12.6551120764387924071507661974
18.0000000000000009436895709314 12.7551030174980529408384419144
18.1000000000000009492406860545 12.85509456517349247536074202
18.2000000000000009547918011776 12.9550866788462389690633727804
18.3000000000000009603429163008 13.0550793206169753536629085763
18.4000000000000009658940314239 13.1550724551238927707373562913
18.500000000000000971445146547 13.2550660493728253967434087696
18.6000000000000009769962616701 13.3550600725787523265137095213
18.7000000000000009825473767933 13.455054496017906372074785871
18.8000000000000009880984919164 13.5550492928897803990567872769
18.9000000000000009936496070395 13.6550444381883692067839797415
19.0000000000000009992007221626 13.7550399085820291844684378165
19.1000000000000010047518372858 13.8550356823013792541987797231
19.2000000000000010103029524089 13.9550317390347051372792734827
19.300000000000001015854067532 14.055028059830364936716004071
19.4000000000000010214051826551 14.1550246270057275860081127443
19.5000000000000010269562977783 14.2550214240622070323644532639
19.6000000000000010325074129014 14.3550184356059842499811206228
19.7000000000000010380585280245 14.4550156472740364551913001551
19.8000000000000010436096431476 14.5550130456651183500424344805
19.9000000000000010491607582708 14.6550106182753639754734781242
20.0000000000000010547118733939 14.7550083534381999230267129127
20.100000000000001060262988517 14.8550062402682813406939923743
20.2000000000000010658141036402 14.9550042686091814728093507014
20.3000000000000010713652187633 15.0550024289845834880462528564
20.4000000000000010769163338864 15.1550007125527401596222010226
20.5000000000000010824674490095 15.254999111063982648099649506
20.6000000000000010880185641327 15.3549976168210742747012483205
20.7000000000000010935696792558 15.4549962226422188318406035335
20.8000000000000010991207943789 15.5549949218265457229584156135
20.900000000000001104671909502 15.6549937081219061167479369065
21.0000000000000011102230246252 15.7549925756948253983897603562
