601
-21 -506.125742808500500359627320579
-20.9499999999999999972244424384 -504.925742808500489217957901237
-20.8999999999999999944488848769 -503.725742808500477281393362273
-20.8499999999999999916733273153 -502.5257428085004644928813286
-20.7999999999999999888977697537 -501.325742808500450791274578623
-20.7499999999999999861222121922 -500.125742808500436111037142929
-20.6999999999999999833466546306 -498.925742808500420381929308659
-20.6499999999999999805710970691 -497.725742808500403528670015557
-20.5999999999999999777955395075 -496.525742808500385470575021008
-20.5499999999999999750199819459 -495.325742808500366121169094928
-20.4999999999999999722444243844 -494.125742808500345387770380553
-20.4499999999999999694688668228 -492.925742808500323171044923341
-20.3999999999999999666933092612 -491.725742808500299364529226887
-20.3499999999999999639177516997 -490.525742808500273854118541011
-20.2999999999999999611421941381 -489.325742808500246517518422527
-20.2499999999999999583666365766 -488.125742808500217223656932608
-20.199999999999999955591079015 -486.925742808500185832054645537
-20.1499999999999999528155214534 -485.725742808500152192149440799
-20.0999999999999999500399638919 -484.525742808500116142572833163
-20.0499999999999999472644063303 -483.325742808500077510374362467
-19.9999999999999999444888487687 -482.125742808500036110190315178
-19.9499999999999999417132912072 -480.925742808499991743352782212
-19.8999999999999999389377336456 -479.725742808499944196934770757
-19.8499999999999999361621760841 -478.525742808499893242726780458
-19.7999999999999999333866185225 -477.325742808499838636139924937
-19.7499999999999999306110609609 -476.125742808499780115030326542
-19.6999999999999999278355033994 -474.925742808499717398439133838
-19.6499999999999999250599458378 -473.725742808499650185242105795
-19.5999999999999999222843882762 -472.525742808499578152702271947
-19.5499999999999999195088307147 -471.325742808499500954918711974
-19.4999999999999999167332731531 -470.125742808499418221163998804
-19.4499999999999999139577155916 -468.925742808499329554102314271
-19.39999999999999991118215803 -467.725742808499234527879672747
-19.3499999999999999084066004684 -466.525742808499132686077073523
-19.2999999999999999056310429069 -465.325742808499023539516743839
-19.2499999999999999028554853453 -464.125742808498906563910928388
-19.1999999999999999000799277837 -462.9257428084987811973419243
-19.1499999999999998973043702222 -461.72574280849864683756124951
-19.0999999999999998945288126606 -460.525742808498502839094963085
-19.049999999999999891753255099 -459.325742808498348510141224375
-18.9999999999999998889776975375 -458.125742808498183109245179238
-18.9499999999999998862021399759 -456.925742808498005841735191334
-18.8999999999999998834265824144 -455.725742808497815855903289402
-18.8499999999999998806510248528 -454.525742808497612238911472014
-18.7999999999999998778754672912 -453.325742808497394012404193644
-18.7499999999999998750999097297 -452.12574280849716012780594367
-18.6999999999999998723243521681 -450.925742808496909461281316341
-18.6499999999999998695487946065 -449.725742808496640808333347513
-18.599999999999999866773237045 -448.525742808496352878014155307
-18.5499999999999998639976794834 -447.325742808496044286720058408
-18.4999999999999998612221219219 -446.125742808495713551541348512
-18.4499999999999998584465643603 -444.925742808495359083134752917
-18.3999999999999998556710067987 -443.72574280849497917808432908
-18.3499999999999998528954492372 -442.525742808494572010714074116
-18.2999999999999998501198916756 -441.325742808494135624312896939
-18.249999999999999847344334114 -440.12574280849366792172977627
-18.1999999999999998445687765525 -438.925742808493166655293900563
-18.1499999999999998417932189909 -437.725742808492629416011341482
-18.0999999999999998390176614294 -436.525742808492053621986335215
-18.0499999999999998362421038678 -435.325742808491436506011519066
-17.9999999999999998334665463062 -434.125742808490775102267476353
-17.9499999999999998306909887447 -432.925742808490066232067661589
-17.8999999999999998279154311831 -431.725742808489306488580189589
-17.8499999999999998251398736215 -430.525742808488492220453054471
-17.79999999999999982236431606 -429.325742808487619514264073938
-17.7499999999999998195887584984 -428.12574280848668417571120528
-17.6999999999999998168132009368 -426.92574280848568170945282524
-17.6499999999999998140376433753 -425.725742808484607297501076948
-17.5999999999999998112620858137 -424.525742808483455776064432559
-17.5499999999999998084865282522 -423.325742808482221610728166423
-17.4999999999999998057109706906 -422.125742808480898869853444882
-17.449999999999999802935413129 -420.925742808479481196067176624
-17.3999999999999998001598555675 -419.725742808477961775705590887
-17.3499999999999997973842980059 -418.525742808476333306064675464
-17.2999999999999997946087404443 -417.325742808474587960300065245
-17.2499999999999997918331828828 -416.125742808472717349807674223
-17.1999999999999997890576253212 -414.925742808470712483904255204
-17.1499999999999997862820677597 -413.72574280846856372661409367
-17.0999999999999997835065101981 -412.525742808466260750354133038
-17.0499999999999997807309526365 -411.325742808463792486294920983
-16.999999999999999777955395075 -410.125742808461147071158789009
-16.9499999999999997751798375134 -408.925742808458311790199553137
-16.8999999999999997724042799518 -407.725742808455273016089670287
-16.8499999999999997696287223903 -406.525742808452016143421114258
-16.7999999999999997668531648287 -405.325742808448525518505152775
-16.7499999999999997640776072672 -404.125742808444784364133611469
-16.6999999999999997613020497056 -402.925742808440774698939993242
-16.649999999999999758526492144 -401.725742808436477250972865945
-16.5999999999999997557509345825 -400.525742808431871365066112836
-16.5499999999999997529753770209 -399.325742808426934903560825164
-16.4999999999999997501998194593 -398.125742808421644139901661213
-16.4499999999999997474242618978 -396.925742808415973644596247612
-16.3999999999999997446487043362 -395.725742808409896162989491976
-16.3499999999999997418731467747 -394.525742808403382484265334752
-16.2999999999999997390975892131 -393.325742808396401301046303181
-16.2499999999999997363220316515 -392.125742808388919058916039089
-16.19999999999999973354647409 -390.925742808380899795141537441
-16.1499999999999997307709165284 -389.725742808372304965819921498
-16.0999999999999997279953589668 -388.525742808363093260618943474
-16.0499999999999997252198014053 -387.325742808353220404220769439
-15.9999999999999997224442438437 -386.125742808342638943514697099
-15.9499999999999997196686862821 -384.925742808331298019515958036
-15.8999999999999997168931287206 -383.725742808319143122914342586
-15.849999999999999714117571159 -382.525742808306115832077703046
-15.7999999999999997113420135975 -381.325742808292153532251061047
-15.7499999999999997085664560359 -380.125742808277189114601662508
-15.6999999999999997057908984743 -378.925742808261150653663454016
-15.6499999999999997030153409128 -377.725742808243961061630632295
-15.5999999999999997002397833512 -376.525742808225537717838644585
-15.5499999999999996974642257896 -375.325742808205792071651757326
-15.4999999999999996946886682281 -374.12574280818462921684849046
-15.4499999999999996919131106665 -372.92574280816194743545922046
-15.399999999999999689137553105 -371.725742808137637708863428419
-15.3499999999999996863619955434 -370.525742808111583193796704538
-15.2999999999999996835864379818 -369.325742808083658660748960682
-15.2499999999999996808108804203 -368.125742808053729892054537756
-15.1999999999999996780353228587 -366.925742808021653036781155545
-15.1499999999999996752597652971 -365.725742807987273919317008342
-15.0999999999999996724842077356 -364.525742807950427298332761845
-15.049999999999999669708650174 -363.325742807910936072556686136
-14.9999999999999996669330926125 -362.125742807868610429545519227
-14.9499999999999996641575350509 -360.925742807823246933359667301
-14.8999999999999996613819774893 -359.725742807774627546757694218
-14.8499999999999996586064199278 -358.525742807722518583210322824
-14.7999999999999996558308623662 -357.325742807666669583696851256
-14.7499999999999996530553048046 -356.125742807606812112885357572
-14.6999999999999996502797472431 -354.925742807542658468910587824
-14.6499999999999996475041896815 -353.725742807473900300548133938
-14.5999999999999996447286321199 -352.525742807400207125138412204
-14.5499999999999996419530745584 -351.325742807321224740136911596
-14.4999999999999996391775169968 -350.125742807236573520655900642
-14.4499999999999996364019594353 -348.925742807145846594814804656
-14.3999999999999996336264018737 -347.725742807048607888129158057
-14.3499999999999996308508443121 -346.525742806944390027538576311
-14.2999999999999996280752867506 -345.325742806832692094999553321
-14.249999999999999625299729189 -344.125742806712977219845830205
-14.1999999999999996225241716274 -342.925742806584669998344124965
-14.1499999999999996197486140659 -341.725742806447153728042434851
-14.0999999999999996169730565043 -340.525742806299767443617931995
-14.0499999999999996141974989428 -339.325742806141802739977389595
-13.9999999999999996114219413812 -338.125742805972500367340514713
-13.9499999999999996086463838196 -336.925742805791046581940609781
-13.8999999999999996058708262581 -335.725742805596569234802370424
-13.8499999999999996030952686965 -334.525742805388133579797706678
-13.7999999999999996003197111349 -333.325742805164737780831196852
-13.7499999999999995975441535734 -332.1257428049253080965606632
-13.6999999999999995947685960118 -330.925742804668693719508445324
-13.6499999999999995919930384503 -329.725742804393661244757791303
-13.5999999999999995892174808887 -328.525742804098888741648403612
-13.5499999999999995864419233271 -327.325742803782959399977009642
-13.4999999999999995836663657656 -326.125742803444354720163703565
-13.449999999999999580890808204 -324.925742803081447214652897429
-13.3999999999999995781152506424 -323.725742802692492585468489653
-13.3499999999999995753396930809 -322.525742802275621340325016726
-13.2999999999999995725641355193 -321.32574280182882980699799726
-13.2499999999999995697885779578 -320.125742801349970502764435843
-13.1999999999999995670130203962 -318.92574280083674181262462607
-13.1499999999999995642374628346 -317.725742800286676926694078423
-13.0999999999999995614619052731 -316.52574279969713198359363068
-13.0499999999999995586863477115 -315.325742799065273362849461621
-12.9999999999999995559107901499 -314.125742798388064065224479748
-12.9499999999999995531352325884 -312.925742797662249115518737938
-12.8999999999999995503596750268 -311.725742796884339917678061665
-12.8499999999999995475841174652 -310.525742796050597487014389574
-12.7999999999999995448085599037 -309.325742795157014478944206877
-12.7499999999999995420330023421 -308.125742794199295927866963067
-12.6999999999999995392574447806 -306.925742793172838603605702884
-12.649999999999999536481887219 -305.725742792072708886187504568
-12.5999999999999995337063296574 -304.525742790893619052619775006
-12.5499999999999995309307720959 -303.32574278962990186168576772
-12.4999999999999995281552145343 -302.125742788275483314602180344
-12.4499999999999995253796569727 -300.925742786823853460614033721
-12.3999999999999995226040994112 -299.725742785268035107205093343
-12.3499999999999995198285418496 -298.525742783600550284530699146
-12.2999999999999995170529842881 -297.325742781813384302885613455
-12.2499999999999995142774267265 -296.125742779897947230450496501
-12.1999999999999995115018691649 -294.925742777845032606161267914
-12.1499999999999995087263116034 -293.725742775644773189256313225
-12.0999999999999995059507540418 -292.525742773286593532813371456
-12.0499999999999995031751964802 -291.325742770759159153322533412
-11.9999999999999995003996389187 -290.125742768050322051980716784
-11.9499999999999994976240813571 -288.925742765147062325857623477
-11.8999999999999994948485237956 -287.725742762035425588289242488
-11.849999999999999492072966234 -286.525742758700455897712104069
-11.7999999999999994892974086724 -285.325742755126123872562900246
-11.7499999999999994865218511109 -284.125742751295249646729996146
-11.6999999999999994837462935493 -282.925742747189420295244551258
-11.6499999999999994809707359877 -281.725742742788901333320252403
-11.5999999999999994781951784262 -280.525742738072541863364278043
-11.5499999999999994754196208646 -279.325742733017672914051144141
-11.4999999999999994726440633031 -278.125742727599998482828774911
-11.4499999999999994698685057415 -276.925742721793478758155214004
-11.3999999999999994670929481799 -275.725742715570204960176270171
-11.3499999999999994643173906184 -274.525742708900265198268403825
-11.2999999999999994615418330568 -273.325742701751600700693666565
-11.2499999999999994587662754952 -272.125742694089851725336964902
-11.1999999999999994559907179337 -270.925742685878192410897895748
-11.1499999999999994532151603721 -269.725742677077153774751492115
-11.0999999999999994504396028105 -268.525742667644434006718908108
-11.049999999999999447664045249 -267.325742657534695146926507497
-10.9999999999999994448884876874 -266.125742646699345170486487215
-10.9499999999999994421129301259 -264.925742635086304431589485508
-10.8999999999999994393373725643 -263.725742622639755344422432542
-10.8499999999999994365618150027 -262.52574260929987409775183604
-10.7999999999999994337862574412 -261.325742595002543113656453691
-10.7499999999999994310106998796 -260.125742579679042868338784199
-10.699999999999999428235142318 -258.925742563255721593747109339
-10.6499999999999994254595847565 -257.7257425456536412724221033
-10.5999999999999994226840271949 -256.525742526788198224033226949
-10.5499999999999994199084696334 -255.325742506568716459942490789
-10.4999999999999994171329120718 -254.125742484898011851239628026
-10.4499999999999994143573545102 -252.925742461671925015404051614
-10.3999999999999994115817969487 -251.725742436778820676390789669
-10.3499999999999994088062393871 -250.525742410099051091787103179
-10.2999999999999994060306818255 -249.325742381504380967968999855
-10.249999999999999403255124264 -248.125742350857371099072065191
-10.1999999999999994004795667024 -246.925742318010717767189024118
-10.1499999999999993977040091409 -245.72574228280654472856342326
-10.0999999999999993949284515793 -244.525742245075644382642506372
-10.0499999999999993921528940177 -243.325742204636664476587070982
-9.99999999999999938937733645616 -242.125742161295236436037503417
-9.9499999999999993866017788946 -240.925742114843041132344636859
-9.89999999999999938382622133304 -239.725742065056807595742535634
-9.84999999999999938105066377148 -238.525742011697239861621887549
-9.79999999999999937827510620991 -237.325741954507866791607672363
-9.74999999999999937549954864835 -236.125741893213809340892176082
-9.69999999999999937272399108679 -234.925741827520459346443970785
-9.64999999999999936994843352522 -233.725741757112063485397067301
-9.59999999999999936717287596366 -232.525741681650205597076932272
-9.5499999999999993643973184021 -231.325741600772180073549424261
-9.49999999999999936162176084053 -230.125741514089248499935495898
-9.44999999999999935884620327897 -228.925741421184771164500534053
-9.39999999999999935607064571741 -227.725741321612204457003395214
-9.34999999999999935329508815585 -226.525741214892954529083587707
-9.29999999999999935051953059428 -225.32574110051407689947488824
-9.24999999999999934774397303272 -224.1257409779258109462364303
-9.19999999999999934496841547116 -222.925740846538937434425660284
-9.14999999999999934219285790959 -221.725740705721946376883266668
-9.09999999999999933941730034803 -220.525740554798001613965627796
-9.04999999999999933664174278647 -219.325740393041687520758773728
-8.99999999999999933386618522491 -218.125740219675522202837332037
-8.94999999999999933109062766334 -216.925740033866220418952489374
-8.89999999999999932831507010178 -215.725739834720688265742433589
-8.84999999999999932553951254022 -214.525739621281730369866466694
-8.79999999999999932276395497865 -213.32573939252344895066308905
-8.74999999999999931998839741709 -212.125739147346312634869624018
-8.69999999999999931721283985553 -210.925738884571871316984679525
-8.64999999999999931443728229397 -209.725738602937091656860270648
-8.5999999999999993116617247324 -208.525738301088285981883160937
-8.54999999999999930888616717084 -207.325737977574605405860731628
-8.49999999999999930611060960928 -206.125737630841065881049143948
-8.44999999999999930333505204771 -204.925737259221073653556666808
-8.39999999999999930055949448615 -203.725736860928414184802079318
-8.34999999999999929778393692459 -202.525736434048666021207157551
-8.29999999999999929500837936303 -201.325735976529998328418108371
-8.24999999999999929223282180146 -200.125735486173307841752278498
-8.1999999999999992894572642399 -198.925734960621647806961781231
-8.14999999999999928668170667834 -197.725734397348898079472949903
-8.09999999999999928390614911677 -196.525733793647621899573130613
-8.04999999999999928113059155521 -195.325733146616050947962897202
-7.99999999999999927835503399365 -194.125732453144136091790293999
-7.94999999999999927557947643209 -192.92573170989859673548934402
-7.89999999999999927280391887052 -191.725730913306896871751186266
-7.84999999999999927002836130896 -190.525730059540070762488221078
-7.7999999999999992672528037474 -189.325729144494315642752921878
-7.74999999999999926447724618583 -188.125728163771262905482430332
-7.69999999999999926170168862427 -186.925727112656832862960663879
-7.64999999999999925892613106271 -185.725725986098571361247250904
-7.59999999999999925615057350115 -184.525724778681359213514153953
-7.54999999999999925337501593958 -183.325723484601377581861535769
-7.49999999999999925059945837802 -182.125722097638204036792564496
-7.44999999999999924782390081646 -180.92572061112490501839567318
-7.39999999999999924504834325489 -179.725719017915980769738176385
-7.34999999999999924227278569333 -178.52571731035300846416819699
-7.29999999999999923949722813177 -177.325715480227818153895019805
-7.2499999999999992367216705702 -176.125713518743024273453555986
-7.19999999999999923394611300864 -174.925711416469722680608110349
-7.14999999999999923117055544708 -173.725709163302149546843685801
-7.09999999999999922839499788552 -172.525706748409083753223843723
-7.04999999999999922561944032395 -171.325704160181758733584000952
-6.99999999999999922284388276239 -170.125701386178032859062946237
-6.94999999999999922006832520083 -168.92569841306254939351025824
-6.89999999999999921729276763926 -167.725695226542597679950051089
-6.8499999999999992145172100777 -166.525691811299366449133696258
-6.79999999999999921174165251614 -165.325688150914257870381409388
-6.74999999999999920896609495458 -164.125684227789907082974598227
-6.69999999999999920619053739301 -162.925680023065526335799784157
-6.64999999999999920341497983145 -161.725675516526165397527676378
-6.59999999999999920063942226989 -160.525670686505450443721985525
-6.54999999999999919786386470832 -159.325665509781332035192157629
-6.49999999999999919508830714676 -158.125659961464338917028226857
-6.4499999999999991923127495852 -156.925654014877798021751020769
-6.39999999999999918953719202364 -155.725647641429442071899495137
-6.34999999999999918676163446207 -154.525640810473784352545973784
-6.29999999999999918398607690051 -153.325633489164595353355769144
-6.24999999999999918121051933895 -152.125625642296767837688845282
-6.19999999999999917843496177738 -150.925617232136805240532061782
-6.14999999999999917565940421582 -149.725608218241112866883564082
-6.09999999999999917288384665426 -148.525598557261211876698788768
-6.0499999999999991701082890927 -147.325588202734932199112528326
-5.99999999999999916733273153113 -146.125577104862571991408279644
-5.94999999999999916455717396957 -144.925565210266937695783986848
-5.89999999999999916178161640801 -143.725552461736099770550560091
-5.84999999999999915900605884644 -142.525538797947614373391657351
-5.79999999999999915623050128488 -141.325524153172870211783971003
-5.74999999999999915345494372332 -140.12550845696012197360972552
-5.69999999999999915067938616176 -138.925491633794666695243974363
-5.64999999999999914790382860019 -137.725473602734506559367444578
-5.59999999999999914512827103863 -136.525454277019720339721646524
-5.54999999999999914235271347707 -135.325433563653635375122155284
-5.4999999999999991395771559155 -134.125411362953751856833496106
-5.44999999999999913680159835394 -132.925387568070220589968620537
-5.39999999999999913402604079238 -131.7253620644695134151189327
-5.34999999999999913125048323082 -130.525334729380751255314737156
-5.29999999999999912847492566925 -129.325305431201967313573121031
-5.24999999999999912569936810769 -128.125274028863381231838084542
-5.19999999999999912292381054613 -126.925240371144542885261662368
-5.14999999999999912014825298456 -125.725204295941970677752210395
-5.099999999999999117372695423 -124.525165629483657365725387383
-5.04999999999999911459713786144 -123.325124185486545084966452602
-4.99999999999999911182158029987 -122.125079764252778773579273923
-4.94999999999999910904602273831 -120.925032151700231806470582274
-4.89999999999999910627046517675 -119.724981118322457453499881282
-4.84999999999999910349490761519 -118.524926418072852632010852886
-4.79999999999999910071935005362 -117.324867787167424030775060868
-4.74999999999999909794379249206 -116.124804942800118498156175483
-4.6999999999999990951682349305 -114.924737581764216825151923682
-4.64999999999999909239267736893 -113.724665378972789649143367599
-4.59999999999999908961711980737 -112.524587985870672782678724828
-4.54999999999999908684156224581 -111.32450502872983311411373179
-4.49999999999999908406600468425 -110.12441610681936122788787493
-4.44999999999999908129044712268 -108.924320790440638513514271781
-4.39999999999999907851488956112 -107.724218618817479750589882907
-4.34999999999999907573933199956 -106.524109097830241403616328875
-4.29999999999999907296377443799 -105.32399169758200495286459305
-4.24999999999999907018821687643 -104.123865849783986651984226936
-4.19999999999999906741265931487 -102.923730944946282484787709637
-4.14999999999999906463710175331 -101.723586329358921254939580784
-4.09999999999999906186154419174 -100.523431301846960145448118181
-4.04999999999999905908598663018 -99.3232651102820050577462056012
-3.99999999999999905631042906862 -98.1230869478310606215322420135
-3.94999999999999905353487150705 -96.9228959489219985279952137788
-3.89999999999999905075931394549 -95.7226911849031626794264087059
-3.84999999999999904798375638393 -94.5224716593726885561559275729
-3.79999999999999904520819882237 -93.3222363031509829807272259048
-3.7499999999999990424326412608 -92.1219839688674674087931364688
-3.69999999999999903965708369924 -90.9217134251301084217589197542
-3.64999999999999903688152613768 -89.7214233502434153581154431874
-3.59999999999999903410596857611 -88.5211123254374453119960250603
-3.54999999999999903133041101455 -87.3207788275668839685847044457
-3.49999999999999902855485345299 -86.1204212212354257769591781269
-3.44999999999999902577929589143 -84.9200377502964117385096293512
-3.39999999999999902300373832986 -83.7196265286759437418581666115
-3.3499999999999990202281807683 -82.5191855304594190920788191431
-3.29999999999999901745262320674 -81.3187125791765466009735593451
-3.24999999999999901467706564517 -80.1182053362133344635289212075
-3.19999999999999901190150808361 -78.9176612882721856441320913525
-3.14999999999999900912595052205 -77.7170777337929893185098631131
-3.09999999999999900635039296048 -76.5164517682388303356189954297
-3.04999999999999900357483539892 -75.3157802681395054412997210627
-2.99999999999999900079927783736 -74.1150598737742636927131589409
-2.9499999999999989980237202758 -72.9142869703618789828004396642
-2.89999999999999899524816271423 -71.7134576676110807785259635452
-2.84999999999999899247260515267 -70.5125677774672404970219888956
-2.79999999999999898969704759111 -69.3116127898717125910517117099
-2.74999999999999898692149002954 -68.11058784632798086382364635
-2.69999999999999898414593246798 -66.9094877110433120166030105078
-2.64999999999999898137037490642 -65.7083067393854368680088814196
-2.59999999999999897859481734486 -64.5070388433602314224610964074
-2.54999999999999897581925978329 -63.3056774537776995769372802456
-2.49999999999999897304370222173 -62.1042154787288633418994354716
-2.44999999999999897026814466017 -60.9026452579443612007374512676
-2.3999999999999989674925870986 -59.7009585125453360521984745256
-2.34999999999999896471702953704 -58.4991462896269852921145993145
-2.29999999999999896194147197548 -57.297198901033036790297931348
-2.24999999999999895916591441392 -56.0951058555830815103970926563
-2.19999999999999895639035685235 -54.8928557839012970862106103021
-2.14999999999999895361479929079 -53.6904363548611544357951798669
-2.09999999999999895083924172923 -52.4878341825019220551635862217
-2.04999999999999894806368416766 -51.2850347220838629968201075538
-1.9999999999999989452881266061 -50.0820221537233611860867543531
-1.94999999999999894251256904454 -48.8787792517785773575906284425
-1.89999999999999893973701148298 -47.675287237830276834305994172
-1.84999999999999893696145392141 -46.4715256147081367104420288079
-1.79999999999999893418589635985 -45.2674719785335595165142697374
-1.74999999999999893141033879829 -44.0631018051646406822109933206
-1.69999999999999892863478123672 -42.8583882067102847169677121278
-1.64999999999999892585922367516 -41.653301652893405861816492614
-1.5999999999999989230836661136 -40.4478096509419434111375843597
-1.54999999999999892030810855204 -39.241876376311091052111039597
-1.49999999999999891753255099047 -38.0354622448114283426264952878
-1.44999999999999891475699342891 -36.8285234145299727433351522216
-1.39999999999999891198143586735 -35.6210112031426849480496707136
-1.34999999999999890920587830578 -34.4128714026353069159018703582
-1.29999999999999890643032074422 -33.204043468811223789964837543
-1.24999999999999890365476318266 -31.9944595569059568396032739982
-1.1999999999999989008792056211 -30.7840433666382098982722650849
-1.14999999999999889810364805953 -29.5727087493855525451759402412
-1.09999999999999889532809049797 -28.3603580158442403518663202726
-1.04999999999999889255253293641 -27.1468798630133467460082466338
1 -25.9321468124141586936592735466
1.10000000000000000555111512313 -23.6563233581132288608426674016
1.20000000000000001110223024625 -21.6532145361945223311557611023
1.30000000000000001665334536938 -19.8769858032554633758115376696
1.4000000000000000222044604925 -18.2920464331608773658770774292
1.50000000000000002775557561563 -16.8702164485531544360264126933
1.60000000000000003330669073875 -15.5888100593914896604546229178
1.70000000000000003885780586188 -14.4293013586949968108938263444
1.80000000000000004440892098501 -13.3763721184765581624280432366
1.90000000000000004996003610813 -12.4172174637091592195447027799
2.00000000000000005551115123126 -11.5410299020928725673277327774
2.10000000000000006106226635438 -10.7386094024211870314608579715
2.20000000000000006661338147751 -10.0020642817192834903625073773
2.30000000000000007216449660064 -9.32457864908959240071290975111
2.40000000000000007771561172376 -8.70022939510558611765992431281
2.50000000000000008326672684689 -8.12384058789599413016156947461
2.60000000000000008881784197001 -7.59086647716795850192797185768
2.70000000000000009436895709314 -7.09729663545028662546909729242
2.80000000000000009992007221626 -6.63957841267019948316510860181
2.90000000000000010547118733939 -6.21455306088853969504286813249
3.00000000000000011102230246252 -5.81940274331907225823161002342
3.10000000000000011657341758564 -5.45160627213568895692153681704
3.20000000000000012212453270877 -5.10890188930022986000669870147
3.30000000000000012767564783189 -4.78925575975375234097991224033
3.40000000000000013322676295502 -4.49083511895242098485490304849
3.50000000000000013877787807814 -4.21198522934492361726481786527
3.60000000000000014432899320127 -3.95120946859545601384730469332
3.7000000000000001498801083244 -3.70715200696605185802611904986
3.80000000000000015543122344752 -3.47858263977302926777133810617
3.90000000000000016098233857065 -3.26438342847551773662862251437
4.00000000000000016653345369377 -3.06353687453480712088237067483
4.1000000000000001720845688169 -2.87511540658436881205240793774
4.20000000000000017763568394003 -2.69827200599684262498904543183
4.30000000000000018318679906315 -2.5322318306061624422203772448
4.40000000000000018873791418628 -2.37628472288786205752170092102
4.5000000000000001942890293094 -2.22977850888119104603370661565
4.60000000000000019984014443253 -2.09211300894261574950879692706
4.70000000000000020539125955565 -1.96273469226461167657508671159
4.80000000000000021094237467878 -1.84113191500734744087192744433
4.90000000000000021649348980191 -1.72683068772256166821999322856
5.00000000000000022204460492503 -1.61939092217235659420804377694
5.10000000000000022759572004816 -1.51840311117421830398119963853
5.20000000000000023314683517128 -1.42348539811046618240671788351
5.30000000000000023869795029441 -1.33428099548120531631531945192
5.40000000000000024424906541753 -1.25045591451630679246881095264
5.50000000000000024980018054066 -1.17169697048367534073041179623
5.60000000000000025535129566379 -1.09771003097563496827425116237
5.70000000000000026090241078691 -1.02821847712476214825323839717
5.80000000000000026645352591004 1.03801413737020451613379924614
5.90000000000000027200464103316 1.10549689074052436658321309386
6.00000000000000027755575615629 1.17470367729428207715603283731
6.10000000000000028310687127941 1.24556672353571291466063449921
6.20000000000000028865798640254 1.31801832225398966495366976692
6.30000000000000029420910152567 1.39199116312653507050043497509
6.40000000000000029976021664879 1.46741862903926587338650737185
6.50000000000000030531133177192 1.54423505877244515579082738812
6.60000000000000031086244689504 1.62237597703958271426741424374
6.70000000000000031641356201817 1.70177829316207530727697535975
6.8000000000000003219646771413 1.78238046990882880182707853616
6.90000000000000032751579226442 1.86412266422582879226039847722
7.00000000000000033306690738755 1.94694684172592635528482797836
7.10000000000000033861802251067 2.0307968669063460985088352212
7.2000000000000003441691376338 2.11561857111439752439269196867
7.30000000000000034972025275692 2.20135980029531720586913639409
7.40000000000000035527136788005 2.28797044453536096571880996828
7.50000000000000036082248300318 2.37540245136366989755492677086
7.6000000000000003663735981263 2.46360982470344986606043994367
7.70000000000000037192471324943 2.55254861127176330757885515143
7.80000000000000037747582837255 2.64217687612246470683287823062
7.90000000000000038302694349568 2.73245466891275949140888563664
8.0000000000000003885780586188 2.82334398235424136615449971023
8.10000000000000039412917374193 2.914808704187233795005568209
8.20000000000000039968028886506 3.00681456389546639066330591804
8.30000000000000040523140398818 3.09932907525869620021213345861
8.40000000000000041078251911131 3.19232147572551966306134976664
8.50000000000000041633363423443 3.28576266347858663427432802055
8.60000000000000042188474935756 3.37962513296063858957994974264
8.70000000000000042743586448069 3.47388290953285738636384674599
8.80000000000000043298697960381 3.56851148384727945782283897336
8.90000000000000043853809472694 3.66348774643264182018692216772
9.00000000000000044408920985006 3.7587899229179491361814906019
9.10000000000000044964032497319 3.85439751025012020429768076641
9.20000000000000045519144009631 3.95029121420102127408173261385
9.30000000000000046074255521944 4.0464528884046824669165644233
9.40000000000000046629367034257 4.14286547511713174919336801141
9.50000000000000047184478546569 4.23951294784864646913942592225
9.60000000000000047739590058882 4.33638025598087777158935944149
9.70000000000000048294701571194 4.43345327144880720228656508621
9.80000000000000048849813083507 4.53071873753941269727791016862
9.90000000000000049404924595819 4.62816421983483162293146247077
10.0000000000000004996003610813 4.72577805930730908771544527192
10.1000000000000005051514762044 4.82354932755593034548775964496
10.2000000000000005107025913276 4.92146778416070149078795929879
10.3000000000000005162537064507 5.01952383611763358568280200283
10.4000000000000005218048215738 5.11770849930879908257517764499
10.5000000000000005273559366969 5.216013361953589363331353514
10.6000000000000005329070518201 5.31443054998135734591950358212
10.7000000000000005384581669432 5.41295269426105278663155058178
10.8000000000000005440092820663 5.5115728996201466135480529303
10.9000000000000005495603971895 5.61028471558291249481701094692
11.0000000000000005551115123126 5.70908210875682709443166855582
11.1000000000000005606626274357 5.80795943679532182608576413047
11.2000000000000005662137425588 5.90691142386524204253268584232
11.300000000000000571764857682 6.00593313754803355356633586804
11.4000000000000005773159728051 6.10501996710478414028361123384
11.5000000000000005828670879282 6.20416760303671485560672405043
11.6000000000000005884182030513 6.30337201787446913572764486038
11.7000000000000005939693181745 6.40262944813152388433569114885
11.8000000000000005995204332976 6.50193637735919143180570475715
11.9000000000000006050715484207 6.60128952024294820522801617992
12.0000000000000006106226635438 6.7006858076821756231751345493
12.100000000000000616173778667 6.80012237279779782189212691767
12.2000000000000006217248937901 6.89959653781472135921964503108
12.3000000000000006272760089132 6.99910580176840074251189948524
12.4000000000000006328271240363 7.09864782898725127413306792678
12.5000000000000006383782391595 7.19822043830499162197879768938
12.6000000000000006439293542826 7.29782159295931007366107247007
12.7000000000000006494804694057 7.39744939113550061878132681717
12.8000000000000006550315845288 7.49710205711590007286929383842
12.900000000000000660582699652 7.59677793299806957959612732773
13.0000000000000006661338147751 7.69647547094669880786356303201
13.1000000000000006716849298982 7.7961932259461661801224594793
13.2000000000000006772360450213 7.89592984902256186980657381632
13.3000000000000006827871601445 7.99568408090577139861526141823
13.4000000000000006883382752676 8.09545474610392655937006117697
13.5000000000000006938893903907 8.19524074736415785574127010043
13.6000000000000006994405055138 8.29504106049512998851236572542
13.700000000000000704991620637 8.39485472952831085886684843373
13.8000000000000007105427357601 8.4946808621963171684685907407
13.9000000000000007160938508832 8.59451862570799829862921262386
14.0000000000000007216449660064 8.69436724280116726418444535364
14.1000000000000007271960811295 8.79422598805506581646504367397
14.2000000000000007327471962526 8.89409418444576295874658605139
14.3000000000000007382983113757 8.99397120012873503255707848971
14.4000000000000007438494264989 9.09385644543386394836211743281
14.500000000000000749400541622 9.19374937005902087513112980258
14.6000000000000007549516567451 9.29364946044927854544082198593
14.7000000000000007605027718682 9.39355623734961900335793040511
14.8000000000000007660538869914 9.49346925351977778648926405378
14.9000000000000007716050021145 9.59338809160059278328570506985
15.0000000000000007771561172376 9.69331236212190885241781015489
15.1000000000000007827072323607 9.7932417016427301556035334501
15.2000000000000007882583474839 9.89317577101491336947981204351
15.300000000000000793809462607 9.99311425376225874206032433829
15.4000000000000007993605777301 10.0930568545673844849348547833
15.5000000000000008049116928532 10.1930032978592652870294988082
15.6000000000000008104628079764 10.2929533264947797468290696669
15.7000000000000008160139230995 10.392906700528046100041626997
15.8000000000000008215650382226 10.4928631960617325283542993897
15.9000000000000008271161533457 10.5928226041749092410598235847
16.0000000000000008326672684689 10.6927847299223660056824037221
16.100000000000000838218383592 10.7927493914006523618217515573
16.2000000000000008437694987151 10.8927164188764097976203432217
16.3000000000000008493206138382 10.9926856539728570349275981193
16.4000000000000008548717289614 11.0926569489105625160825801808
16.5000000000000008604228440845 11.1926301657988933985861398368
16.6000000000000008659739592076 11.2926051759747689610490762991
16.7000000000000008715250743307 11.3925818593855693561831745557
16.8000000000000008770761894539 11.4925601040132591032194235741
16.900000000000000882627304577 11.5925398053369795226120703848
17.0000000000000008881784197001 11.6925208658315463535756461968
17.1000000000000008937295348233 11.792503194499458879996282023
17.2000000000000008992806499464 11.8924867064341857922794535561
17.3000000000000009048317650695 11.9924713224126414538815265934
17.4000000000000009103828801926 12.0924569685149048988527399773
17.5000000000000009159339953158 12.1924435757693633955804795771
17.6000000000000009214851104389 12.2924310798215833670531158349
17.700000000000000927036225562 12.3924194206253244167928623218
17.8000000000000009325873406851 12.492408542154217694216090943
17.9000000000000009381384558083 12.5923983921327283324251038754
18.0000000000000009436895709314 12.6923889217851136629410796364
18.1000000000000009492406860545 12.792380085601174783945843075
18.2000000000000009547918011776 12.8923718411176792319646006684
18.3000000000000009603429163008 12.9923641487144073565059096947
18.4000000000000009658940314239 13.0923569714238448736526088077
18.500000000000000971445146547 13.1923502747536093059137496506
18.6000000000000009769962616701 13.292344026520758908444540446
18.7000000000000009825473767933 13.3923381966971895226986939375
18.8000000000000009880984919164 13.4923327572653778556758430132
18.9000000000000009936496070395 13.5923276820837792066348284988
19.0000000000000009992007221626 13.6923229467612338875357155739
19.1000000000000010047518372858 13.7923185285397797272774877359
19.2000000000000010103029524089 13.8923144061853083173818214872
19.300000000000001015854067532 13.9923105598855402390672977164
19.4000000000000010214051826551 14.0923069711548295870253106055
19.5000000000000010269562977783 14.1923036227453408402561372271
19.6000000000000010325074129014 14.2923004985641716806660950143
19.7000000000000010380585280245 14.3922975835960238711018357299
19.8000000000000010436096431476 14.4922948638310509118351297856
19.9000000000000010491607582708 14.5922923261975360249598913085
20.0000000000000010547118733939 14.6922899584990771880783057036
20.100000000000001060262988517 14.7922877493559775625469089891
20.2000000000000010658141036402 14.8922856881505598406096174238
20.3000000000000010713652187633 14.9922837649761418662989319413
20.4000000000000010769163338864 15.0922819705894284569778507416
20.5000000000000010824674490095 15.1922802963660907497868535079
20.6000000000000010880185641327 15.2922787342593196984345789366
20.7000000000000010935696792558 15.3922772767611546238963202439
20.8000000000000010991207943789 15.4922759168664010459613960192
20.900000000000001104671909502 15.5922746480389644549523616722
21.0000000000000011102230246252 15.6922734641804382838337684086
