601
-21 -527.154889154160016471886015059
-20.9499999999999999972244424384 -525.904889154160005300985482999
-20.8999999999999999944488848769 -524.65488915415999333329102452
-20.8499999999999999916733273153 -523.404889154159980511613980597
-20.7999999999999999888977697537 -522.154889154159966774661064126
-20.7499999999999999861222121922 -520.904889154159952056739756558
-20.6999999999999999833466546306 -519.654889154159936287442559825
-20.6499999999999999805710970691 -518.404889154159919391308585935
-20.5999999999999999777955395075 -517.154889154159901287460857677
-20.5499999999999999750199819459 -515.904889154159881889217577149
-20.4999999999999999722444243844 -514.654889154159861103675493673
-20.4499999999999999694688668228 -513.404889154159838831263368587
-20.3999999999999999666933092612 -512.154889154159814965263390664
-20.3499999999999999639177516997 -510.90488915415978939129824185
-20.2999999999999999611421941381 -509.654889154159761986781347939
-20.2499999999999999583666365766 -508.404889154159732620327671833
-20.199999999999999955591079015 -507.154889154159701151122217396
-20.1499999999999999528155214534 -505.904889154159667428243208644
-20.0999999999999999500399638919 -504.654889154159631289936691155
-20.0499999999999999472644063303 -503.404889154159592562839069124
-19.9999999999999999444888487687 -502.154889154159551061143841192
-19.9499999999999999417132912072 -500.904889154159506585708530039
-19.8999999999999999389377336456 -499.65488915415945892309751321
-19.8499999999999999361621760841 -498.404889154159407844556154595
-19.7999999999999999333866185225 -497.154889154159353104911305781
-19.7499999999999999306110609609 -495.904889154159294441392892574
-19.6999999999999999278355033994 -494.6548891541592315723709227
-19.6499999999999999250599458378 -493.404889154159164196001844189
-19.5999999999999999222843882762 -492.154889154159091988777748199
-19.5499999999999999195088307147 -490.904889154159014603971443115
-19.4999999999999999167332731531 -489.654889154158931669969926221
-19.4499999999999999139577155916 -488.404889154158842788488242876
-19.39999999999999991118215803 -487.154889154158747532655148165
-19.3499999999999999084066004684 -485.904889154158645444961369869
-19.2999999999999999056310429069 -484.654889154158536035060611163
-19.2499999999999999028554853453 -483.404889154158418777412723648
-19.1999999999999999000799277837 -482.154889154158293108757722781
-19.1499999999999998973043702222 -480.904889154158158425408504614
-19.0999999999999998945288126606 -479.654889154158014080349251464
-19.049999999999999891753255099 -478.404889154157859380125580094
-18.9999999999999998889776975375 -477.154889154157693581511485069
-18.9499999999999998862021399759 -475.9048891541575158879370571
-18.8999999999999998834265824144 -474.654889154157325445659806354
-18.8499999999999998806510248528 -473.404889154157121339661188384
-18.7999999999999998778754672912 -472.154889154156902589248609527
-18.7499999999999998750999097297 -470.904889154156668143341772986
-18.6999999999999998723243521681 -469.654889154156416875420709657
-18.6499999999999998695487946065 -468.404889154156147578111211635
-18.599999999999999866773237045 -467.154889154155858957381643537
-18.5499999999999998639976794834 -465.904889154155549626323238873
-18.4999999999999998612221219219 -464.654889154155218098483986759
-18.4499999999999998584465643603 -463.404889154154862780724068592
-18.3999999999999998556710067987 -462.15488915415448196555850468
-18.3499999999999998528954492372 -460.904889154154073822950206106
-18.2999999999999998501198916756 -459.654889154153636391513985509
-18.249999999999999847344334114 -458.404889154153167569089249257
-18.1999999999999998445687765525 -457.1548891541526651026360591
-18.1499999999999998417932189909 -455.904889154152126577405999181
-18.0999999999999998390176614294 -454.654889154151549405335798676
-18.0499999999999998362421038678 -453.404889154150930812607924542
-17.9999999999999998334665463062 -452.154889154150267826318354935
-17.9499999999999998306909887447 -450.904889154149557260187452566
-17.8999999999999998279154311831 -449.654889154148795699245257952
-17.8499999999999998251398736215 -448.404889154147979483417593148
-17.79999999999999982236431606 -447.154889154147104689934083302
-17.7499999999999998195887584984 -445.904889154146167114473541001
-17.6999999999999998168132009368 -444.654889154145162250956089578
-17.6499999999999998140376433753 -443.404889154144085269884897121
-17.5999999999999998112620858137 -442.15488915414293099513342176
-17.5499999999999998084865282522 -440.904889154141693879066597148
-17.4999999999999998057109706906 -439.654889154140367975876379304
-17.449999999999999802935413129 -438.404889154138946913003493307
-17.3999999999999998001598555675 -437.154889154137423860508019802
-17.3499999999999997973842980059 -435.904889154135791498241602452
-17.2999999999999997946087404443 -434.654889154134041980663491034
-17.2499999999999997918331828828 -433.404889154132166899131310132
-17.1999999999999997890576253212 -432.15488915413015724148530573
-17.1499999999999997862820677597 -430.904889154128003348731813226
-17.0999999999999997835065101981 -429.654889154125694868617747977
-17.0499999999999997807309526365 -428.404889154123220705872976264
-16.999999999999999777955395075 -427.154889154120568968881408936
-16.9499999999999997751798375134 -425.904889154117726912524494791
-16.8999999999999997724042799518 -424.654889154114680876922393559
-16.8499999999999997696287223903 -423.404889154111416221778390769
-16.7999999999999997668531648287 -422.154889154107917256010983912
-16.7499999999999997640776072672 -420.904889154104167162335419791
-16.6999999999999997613020497056 -419.654889154100147916432187647
-16.649999999999999758526492144 -418.404889154095840200313955155
-16.5999999999999997557509345825 -417.154889154091223309474549438
-16.5499999999999997529753770209 -415.904889154086275053373698933
-16.4999999999999997501998194593 -414.654889154080971648779220601
-16.4499999999999997474242618978 -413.404889154075287605454006594
-16.3999999999999997446487043362 -412.154889154069195603638370126
-16.3499999999999997418731467747 -410.904889154062666362738875067
-16.2999999999999997390975892131 -409.654889154055668500592508157
-16.2499999999999997363220316515 -408.404889154048168382629753522
-16.19999999999999973354647409 -407.154889154040129960211578764
-16.1499999999999997307709165284 -405.90488915403151459736330673
-16.0999999999999997279953589668 -404.654889154022280885072577302
-16.0499999999999997252198014053 -403.404889154012384442258830858
-15.9999999999999997224442438437 -402.154889154001777702457682372
-15.9499999999999997196686862821 -400.904889153990409685194894378
-15.8999999999999997168931287206 -399.6548891539782257509510683
-15.849999999999999714117571159 -398.404889153965167338539303156
-15.7999999999999997113420135975 -397.15488915395117168363353943
-15.7499999999999997085664560359 -395.904889153936171517094707477
-15.6999999999999997057908984743 -394.654889153920094741644698962
-15.6499999999999997030153409128 -393.404889153902864085334109573
-15.5999999999999997002397833512 -392.154889153884396730138161625
-15.5499999999999996974642257896 -390.904889153864603913895669888
-15.4999999999999996946886682281 -389.654889153843390503677788509
-15.4499999999999996919131106665 -388.404889153820654538535955488
-15.399999999999999689137553105 -387.154889153796286739431273648
-15.3499999999999996863619955434 -385.904889153770169983989826139
-15.2999999999999996835864379818 -384.654889153742178743559361948
-15.2499999999999996808108804203 -383.404889153712178479861590191
-15.1999999999999996780353228587 -382.154889153680024998340120053
-15.1499999999999996752597652971 -380.904889153645563755095942869
-15.0999999999999996724842077356 -379.654889153608629114079273491
-15.049999999999999669708650174 -378.404889153569043550967477506
-14.9999999999999996669330926125 -377.154889153526616799902560006
-14.9499999999999996641575350509 -375.904889153481144938987048707
-14.8999999999999996613819774893 -374.654889153432409410142749181
-14.8499999999999996586064199278 -373.40488915338017596862136816
-14.7999999999999996558308623662 -372.154889153324193557117875716
-14.7499999999999996530553048046 -370.904889153264193099075083683
-14.6999999999999996502797472431 -369.654889153199886205379513853
-14.6499999999999996475041896815 -368.404889153130963788232348754
-14.5999999999999996447286321199 -367.154889153057094575533098955
-14.5499999999999996419530745584 -365.904889152977923518635439823
-14.4999999999999996391775169968 -364.654889152893070085822168744
-14.4499999999999996364019594353 -363.404889152802126433296948006
-14.3999999999999996336264018737 -362.154889152704655444901788453
-14.3499999999999996308508443121 -360.904889152600188631138265283
-14.2999999999999996280752867506 -359.654889152488223877394207038
-14.249999999999999625299729189 -358.404889152368223030552811775
-14.1999999999999996225241716274 -357.154889152239609312384336799
-14.1499999999999996197486140659 -355.90488915210176454728794656
-14.0999999999999996169730565043 -354.654889151954026191058985674
-14.0499999999999996141974989428 -353.404889151795684146400581654
-13.9999999999999996114219413812 -352.15488915162597734987347807
-13.9499999999999996086463838196 -350.904889151444090113879426922
-13.8999999999999996058708262581 -349.654889151249148206096048699
-13.8499999999999996030952686965 -348.404889151040214647519140747
-13.7999999999999996003197111349 -347.154889150816285208915913708
-13.7499999999999995975441535734 -345.904889150576283584043061289
-13.6999999999999995947685960118 -344.654889150319056216429952959
-13.6499999999999995919930384503 -343.404889150043366754862115211
-13.5999999999999995892174808887 -342.154889149747890110915531176
-13.5499999999999995864419233271 -340.904889149431206089979563002
-13.4999999999999995836663657656 -339.654889149091792565156293012
-13.449999999999999580890808204 -338.404889148728018161226934922
-13.3999999999999995781152506424 -337.1548891483381344135211249
-13.3499999999999995753396930809 -335.904889147920267364001045428
-13.2999999999999995725641355193 -334.654889147472408554167332043
-13.2499999999999995697885779578 -333.40488914699240537149456252
-13.1999999999999995670130203962 -332.154889146477950702996895231
-13.1499999999999995642374628346 -330.904889145926571846194173536
-13.0999999999999995614619052731 -329.654889145335618624179539284
-13.0499999999999995586863477115 -328.40488914470225064766414527
-12.9999999999999995559107901499 -327.154889144023423662774536863
-12.9499999999999995531352325884 -325.90488914329587491898398036
-12.8999999999999995503596750268 -324.654889142516107486849328848
-12.8499999999999995475841174652 -323.404889141680373450177298463
-12.7999999999999995448085599037 -322.154889140784655891834017274
-12.7499999999999995420330023421 -320.904889139824649586613402272
-12.6999999999999995392574447806 -319.654889138795740308365447927
-12.649999999999999536481887219 -318.404889137692982651925002457
-12.5999999999999995337063296574 -317.154889136511076263243051909
-12.5499999999999995309307720959 -315.904889135244340363471615841
-12.4999999999999995281552145343 -314.654889133886686444553307873
-12.4499999999999995253796569727 -313.404889132431589005078016045
-12.3999999999999995226040994112 -312.154889130872054185749769509
-12.3499999999999995198285418496 -310.90488912920058615371140522
-12.2999999999999995170529842881 -309.654889127409151074154607238
-12.2499999999999995142774267265 -308.40488912548913849604625529
-12.1999999999999995115018691649 -307.15488912343131996637304917
-12.1499999999999995087263116034 -305.904889121225804673985331247
-12.0999999999999995059507540418 -304.654889118861991909843882931
-12.0499999999999995031751964802 -303.404889116328520115171599138
-11.9999999999999995003996389187 -302.15488911361321227261179853
-11.9499999999999994976240813571 -300.904889110703017377917678826
-11.8999999999999994948485237956 -299.654889107583947710858590091
-11.849999999999999492072966234 -298.404889104241011603837824758
-11.7999999999999994892974086724 -297.154889100658141385076462397
-11.7499999999999994865218511109 -295.904889096818116150024445125
-11.6999999999999994837462935493 -294.654889092702478989802015596
-11.6499999999999994809707359877 -293.404889088291448278832441803
-11.5999999999999994781951784262 -292.154889083563822595272523269
-11.5499999999999994754196208646 -290.904889078496878817243472327
-11.4999999999999994726440633031 -289.654889073066262905064291125
-11.4499999999999994698685057415 -288.404889067245872844535060605
-11.3999999999999994670929481799 -287.154889061007733188639646649
-11.3499999999999994643173906184 -285.904889054321860594655106588
-11.2999999999999994615418330568 -284.65488904715611971037444341
-11.2499999999999994587662754952 -283.40488903947606871676226957
-11.1999999999999994559907179337 -282.154889031244793784646439638
-11.1499999999999994532151603721 -280.90488902242273164976381894
-11.0999999999999994504396028105 -279.654889012967479453368948797
-11.049999999999999447664045249 -278.404889002833590934405938296
-10.9999999999999994448884876874 -277.154888991972357993642244154
-10.9499999999999994421129301259 -275.904888980331576579852761811
-10.8999999999999994393373725643 -274.654888967855295772785875613
-10.8499999999999994365618150027 -273.404888954483548856877577259
-10.7999999999999994337862574412 -272.154888940152065093117232305
-10.7499999999999994310106998796 -270.904888924791960803692959118
-10.699999999999999428235142318 -269.654888908329408284609919916
-10.6499999999999994254595847565 -268.404888890685280954903133253
-10.5999999999999994226840271949 -267.15488887177477303684541458
-10.5499999999999994199084696334 -265.90488885150699193913167506
-10.4999999999999994171329120718 -264.654888829784521383814582808
-10.4499999999999994143573545102 -263.404888806502953177142795195
-10.3999999999999994115817969487 -262.154888781550385373735607866
-10.3499999999999994088062393871 -260.904888754806884421992409706
-10.2999999999999994060306818255 -259.65488872614390870550524376
-10.249999999999999403255124264 -258.404888695423690709685764989
-10.1999999999999994004795667024 -257.15488866249857484394191858
-10.1499999999999993977040091409 -255.904888627210307736588657394
-10.0999999999999993949284515793 -254.654888589389277591226253221
-10.0499999999999993921528940177 -253.404888548853698948470942839
-9.99999999999999938937733645616 -252.154888505408738934498641119
-9.9499999999999993866017788946 -250.904888458845580796601586905
-9.89999999999999938382622133304 -249.65488840894042022450781222
-9.84999999999999938105066377148 -248.404888355453389633124895504
-9.79999999999999937827510620991 -247.154888298127405236089159465
-9.74999999999999937549954864835 -245.904888236686931368364342088
-9.69999999999999937272399108679 -244.654888170836656118355284196
-9.64999999999999936994843352522 -243.404888100260071903669667698
-9.59999999999999936717287596366 -242.154888024617954167724276759
-9.5499999999999993643973184021 -240.904887943546730884654382886
-9.49999999999999936162176084053 -239.654887856656735035090609425
-9.44999999999999935884620327897 -238.404887763530331652792795688
-9.39999999999999935607064571741 -237.154887663719910439169431904
-9.34999999999999935329508815585 -235.90488755674573429646430731
-9.29999999999999935051953059428 -234.654887442093633437750924768
-9.24999999999999934774397303272 -233.404887319212533989508513749
-9.19999999999999934496841547116 -232.154887187511809206890296986
-9.14999999999999934219285790959 -230.904887046358440569007648393
-9.09999999999999933941730034803 -229.654886895073975107540514883
-9.04999999999999933664174278647 -228.404886732931264342347751964
-8.99999999999999933386618522491 -227.154886559150969147777613008
-8.94999999999999933109062766334 -225.904886372897813748016544541
-8.89999999999999932831507010178 -224.654886173276570833648537356
-8.84999999999999932553951254022 -223.404885959327758498823136336
-8.79999999999999932276395497865 -222.154885730023028312826064286
-8.74999999999999931998839741709 -220.904885484260222354743123328
-8.69999999999999931721283985553 -219.654885220858075448156836946
-8.64999999999999931443728229397 -218.4048849385505371267532347
-8.5999999999999993116617247324 -217.154884635980686033129053281
-8.54999999999999930888616717084 -215.904884311694207493172217368
-8.49999999999999930611060960928 -214.654883964132402907701915978
-8.44999999999999930333505204771 -213.404883591624697351480681787
-8.39999999999999930055949448615 -212.154883192380609356402978342
-8.34999999999999929778393692459 -210.904882764481144268995251412
-8.29999999999999929500837936303 -209.65488230586956979986610585
-8.24999999999999929223282180146 -208.404881814341529411059142802
-8.1999999999999992894572642399 -207.154881287534446002059017901
-8.14999999999999928668170667834 -205.904880722916164941124831876
-8.09999999999999928390614911677 -204.654880117772781829208036112
-8.04999999999999928113059155521 -203.404879469195596461301015777
-7.99999999999999927835503399365 -202.154878774067130245730085044
-7.94999999999999927557947643209 -200.90487802904613983535936274
-7.89999999999999927280391887052 -199.654877230551554894151163938
-7.84999999999999927002836130896 -198.404876374745262744703641593
-7.7999999999999992672528037474 -197.154875457513657092240857381
-7.74999999999999926447724618583 -195.904874474447862071238845869
-7.69999999999999926170168862427 -194.65487342082253648366753022
-7.64999999999999925892613106271 -193.404872291573156261864337353
-7.59999999999999925615057350115 -192.154871081271665861248593996
-7.54999999999999925337501593958 -190.904869784100381432956213671
-7.49999999999999925059945837802 -189.654868393824020205968633078
-7.44999999999999924782390081646 -188.404866903759721481613481804
-7.39999999999999924504834325489 -187.154865306744914966647591701
-7.34999999999999924227278569333 -185.904863595102881797533652986
-7.29999999999999923949722813177 -184.65486176060584248761112154
-7.2499999999999992367216705702 -183.404859794435394106591784403
-7.19999999999999923394611300864 -182.154857687140106220192228198
-7.14999999999999923117055544708 -180.904855428590071414528557472
-7.09999999999999922839499788552 -179.654853007928191538375776486
-7.04999999999999922561944032395 -178.404850413517965044883105778
-6.99999999999999922284388276239 -177.154847632887523925935690485
-6.94999999999999922006832520083 -175.904844652669650624519283537
-6.89999999999999921729276763926 -174.654841458537485894569062223
-6.8499999999999992145172100777 -173.404838035135617758736892827
-6.79999999999999921174165251614 -172.154834366006219390149701431
-6.74999999999999920896609495458 -170.904830433509879804867156982
-6.69999999999999920619053739301 -169.65482621874074557957374278
-6.64999999999999920341497983145 -168.404821701435564277515495334
-6.59999999999999920063942226989 -167.154816859876190738866021875
-6.54999999999999919786386470832 -165.904811670785085723501046447
-6.49999999999999919508830714676 -164.654806109213302427584695594
-6.4499999999999991923127495852 -163.404800148420419961673873272
-6.39999999999999918953719202364 -162.15479375974584379580275557
-6.34999999999999918676163446207 -160.904786912470851251120398161
-6.29999999999999918398607690051 -159.654779573670715138274707463
-6.24999999999999918121051933895 -158.404771708056190384100886805
-6.19999999999999917843496177738 -157.15476327780359670732789235
-6.14999999999999917565940421582 -155.904754242372674839438007295
-6.09999999999999917288384665426 -154.654744558311334156905356383
-6.0499999999999991701082890927 -153.404734179046345592493982967
-5.99999999999999916733273153113 -152.154723054658964999319849127
-5.94999999999999916455717396957 -150.904711131644398399744960455
-5.89999999999999916178161640801 -149.654698352653941382091437554
-5.84999999999999915900605884644 -148.404684656218539901980292588
-5.79999999999999915623050128488 -147.15466997645242845974494514
-5.74999999999999915345494372332 -145.904654242735403583586147642
-5.69999999999999915067938616176 -144.654637379372185234433130694
-5.64999999999999914790382860019 -143.40461930522720560579090996
-5.59999999999999914512827103863 -142.154599933333043217874736233
-5.54999999999999914235271347707 -140.90457917047058954846246847
-5.4999999999999991395771559155 -139.654556916718894997801653803
-5.44999999999999913680159835394 -138.404533064972489987615434429
-5.39999999999999913402604079238 -137.154507500423814616724358608
-5.34999999999999913125048323082 -135.904480100008215639951913301
-5.29999999999999912847492566925 -134.654450731808781628036699305
-5.24999999999999912569936810769 -133.404419254418084945420229002
-5.19999999999999912292381054613 -132.154385516253681498998016293
-5.14999999999999912014825298456 -130.904349354823984811912282503
-5.099999999999999117372695423 -129.654310595940878498538103305
-5.04999999999999911459713786144 -128.404269052875159173626205225
-4.99999999999999911182158029987 -127.154224525450608598533924886
-4.94999999999999910904602273831 -125.904176799072177679717962829
-4.89999999999999910627046517675 -124.654125643683423853242701355
-4.84999999999999910349490761519 -123.404070812647975295325141391
-4.79999999999999910071935005362 -122.154012041549397971690675538
-4.74999999999999909794379249206 -120.903949046903412231692961255
-4.6999999999999990951682349305 -119.65388152477594167071079428
-4.64999999999999909239267736893 -118.403809149299975251901891689
-4.59999999999999908961711980737 -117.15373157108368081124925984
-4.54999999999999908684156224581 -115.90364841550162033669405674
-4.49999999999999908406600468425 -114.653559280860280694115719469
-4.44999999999999908129044712268 -113.403463736428443216927115705
-4.39999999999999907851488956112 -112.153361320322166741939340026
-4.34999999999999907573933199956 -110.903251537233345674443138455
-4.29999999999999907296377443799 -109.653133855989921296725032739
-4.24999999999999907018821687643 -108.403007706934863898759498114
-4.19999999999999906741265931487 -107.152872479109997726003503102
-4.14999999999999906463710175331 -105.902727517229601639069953654
-4.09999999999999906186154419174 -104.652572118427476191590992811
-4.04999999999999905908598663018 -103.402405528759811844806774159
-3.99999999999999905631042906862 -102.152226939444711245015726877
-3.94999999999999905353487150705 -100.90203548281759741444921104
-3.89999999999999905075931394549 -99.6518302279799641891657982717
-3.84999999999999904798375638393 -98.4016101761169782027259219923
-3.79999999999999904520819882237 -97.1513742554573038908022355554
-3.7499999999999990424326412608 -95.9011213158461725939246851779
-3.69999999999999903965708369924 -94.6508501229001291910223244666
-3.64999999999999903688152613768 -93.4005593517090368136109983466
-3.59999999999999903410596857611 -92.1502475800477702537142538112
-3.54999999999999903133041101455 -90.8999132810565454590779624665
-3.49999999999999902855485345299 -89.6495548153449746756665152945
-3.44999999999999902577929589143 -88.3991704224706571079986313279
-3.39999999999999902300373832986 -87.148758211738359321094646823
-3.3499999999999990202281807683 -85.8983161522605459253045908227
-3.29999999999999901745262320674 -84.6478420622141179941301434735
-3.24999999999999901467706564517 -83.3973335972216219401735067115
-3.19999999999999901190150808361 -82.1467882377778102926998794223
-3.14999999999999900912595052205 -80.8962032756341581699852524047
-3.09999999999999900635039296048 -79.6455757990446379107810210753
-3.04999999999999900357483539892 -78.3949026767655814010898314065
-2.99999999999999900079927783736 -77.1441805406906428488148766619
-2.9499999999999989980237202758 -75.8934057669885130601556632895
-2.89999999999999899524816271423 -74.6425744555958944204145309163
-2.84999999999999899247260515267 -73.3916824079010478792285688377
-2.79999999999999898969704759111 -72.1407251024336448812231775568
-2.74999999999999898692149002954 -70.889697668354315936472354195
-2.69999999999999898414593246798 -69.6385948565117313427774911179
-2.64999999999999898137037490642 -68.3874110078057426309051139497
-2.59999999999999897859481734486 -67.13614001856141865525224543
-2.54999999999999897581925978329 -65.8847753025799684778479741846
-2.49999999999999897304370222173 -64.6333097494876460601359188042
-2.44999999999999897026814466017 -63.3817356789516895898311061504
-2.3999999999999989674925870986 -62.1300447902718492589005914908
-2.34999999999999896471702953704 -60.8782281067855168954015758385
-2.29999999999999896194147197548 -59.6262759144419680106920061361
-2.24999999999999895916591441392 -58.3741776938044238947423587421
-2.19999999999999895639035685235 -57.1219220446246825844506189355
-2.14999999999999895361479929079 -55.8694966020004498304219743787
-2.09999999999999895083924172923 -54.6168879429659093632368403949
-2.04999999999999894806368416766 -53.3640814821761663604827003333
-1.9999999999999989452881266061 -52.1110613551193415177012297472
-1.94999999999999894251256904454 -50.8578102870179941639733012615
-1.89999999999999893973701148298 -49.6043094452538013037924458624
-1.84999999999999893696145392141 -48.3505382727528750802349974054
-1.79999999999999893418589635985 -47.0964742992870845441581340249
-1.74999999999999893141033879829 -45.8420929270579621672350412891
-1.69999999999999892863478123672 -44.5873671862068606813666389769
-1.64999999999999892585922367516 -43.3322674550026009037062211124
-1.5999999999999989230836661136 -42.0767611383498496448656839833
-1.54999999999999892030810855204 -40.8208122968774727673168432848
-1.49999999999999891753255099047 -39.5643812171262783060786657937
-1.44999999999999891475699342891 -38.307423911153520577684566505
-1.39999999999999891198143586735 -37.0498915310643248118705142788
-1.34999999999999890920587830578 -35.791729680373944469864942687
-1.29999999999999890643032074422 -34.5328775994339922985233648544
-1.24999999999999890365476318266 -33.2732671960531337006962139961
-1.1999999999999989008792056211 -32.0128218843942085810685271452
-1.14999999999999889810364805953 -30.7514551845076016609468056811
-1.09999999999999889532809049797 -29.4890690204212296758497454028
-1.04999999999999889255253293641 -28.2255516350332314592518284971
1 -26.9607750129047469194874865208
1.10000000000000000555111512313 -24.5913405406070283301061070929
1.20000000000000001110223024625 -22.506025036506258598114476419
1.30000000000000001665334536938 -20.6570780063590014019582787491
1.4000000000000000222044604925 -19.0074203098363313279847514129
1.50000000000000002775557561563 -17.5276929343493056530159766755
1.60000000000000003330669073875 -16.1942604859740947002782291313
1.70000000000000003885780586188 -14.9878212155819211675980616506
1.80000000000000004440892098501 -13.8924150794588345895714052118
1.90000000000000004996003610813 -12.8947004332565189843158928448
2.00000000000000005551115123126 -11.9834165209456045742739530449
2.10000000000000006106226635438 -11.148977269572087208296123309
2.20000000000000006661338147751 -10.3831596791153102518491566552
2.30000000000000007216449660064 -9.67886154232783556786974735626
2.40000000000000007771561172376 -9.02991077225768743431234602467
2.50000000000000008326672684689 -8.4309136910683453481076328863
2.60000000000000008881784197001 -7.87713311411757893819899474384
2.70000000000000009436895709314 -7.36438948974828527092488650255
2.80000000000000009992007221626 -6.88898007230941360656572295251
2.90000000000000010547118733939 -6.44761233727135745440355457478
3.00000000000000011102230246252 -6.0373487412463377003051898954
3.10000000000000011657341758564 -5.65556058653562115250034215372
3.20000000000000012212453270877 -5.29988923845530592758673974433
3.30000000000000012767564783189 -4.96821331218796981309509755634
3.40000000000000013322676295502 -4.65862072800111461765026276187
3.50000000000000013877787807814 -4.3693847530760726233060124963
3.60000000000000014432899320127 -4.09894332149739186692101258887
3.7000000000000001498801083244 -3.8458810626918876970190590235
3.80000000000000015543122344752 -3.60891358074363280075062716427
3.90000000000000016098233857065 -3.3868736180653731822116807049
4.00000000000000016653345369377 -3.178698810779337077968802452
4.1000000000000001720845688169 -2.98342080272866160796221302348
4.20000000000000017763568394003 -2.80015553256317926585928913151
4.30000000000000018318679906315 -2.62809454571379586064860970618
4.40000000000000018873791418628 -2.46649721195905166184646062355
4.5000000000000001942890293094 -2.314683751208637547711392688
4.60000000000000019984014443253 -2.17202898645464588761562022819
4.70000000000000020539125955565 -2.03795675479999336177365096872
4.80000000000000021094237467878 -1.9119349161353656484055925912
4.90000000000000021649348980191 -1.79347090530567604401970239595
5.00000000000000022204460492503 -1.68210777822154997284773355798
5.10000000000000022759572004816 -1.57742070590797273638102793882
5.20000000000000023314683517128 -1.47901387337292498491747880316
5.30000000000000023869795029441 -1.38651774272978305243382786836
5.40000000000000024424906541753 -1.29958664242078106910403407753
5.50000000000000024980018054066 -1.21789664678530166441413891724
5.60000000000000025535129566379 -1.14114371265513474504046259516
5.70000000000000026090241078691 -1.06904204215461071759932288492
5.80000000000000026645352591004 -1.00132264342366279388233282247
5.90000000000000027200464103316 1.06507717816929900161860346892
6.00000000000000027755575615629 1.13324051814443953044545675597
6.10000000000000028310687127941 1.20310102723710027793610485425
6.20000000000000028865798640254 1.27459098491333578703171710614
6.30000000000000029420910152567 1.34764286293570310095838358307
6.40000000000000029976021664879 1.42218964298603217600891042303
6.50000000000000030531133177192 1.49816510022829140324498899775
6.60000000000000031086244689504 1.57550405358716987444385533557
6.70000000000000031641356201817 1.65414258384262936911066647858
6.8000000000000003219646771413 1.734018220919065724115717605
6.90000000000000032751579226442 1.81507010197597875273837497812
7.00000000000000033306690738755 1.89723910208414985926963256278
7.10000000000000033861802251067 1.98046793939853148769718856723
7.2000000000000003441691376338 2.06470125681937079365154177781
7.30000000000000034972025275692 2.14988568217075800613612285871
7.40000000000000035527136788005 2.23596986892581785760282570176
7.50000000000000036082248300318 2.32290451947555050425155995384
7.6000000000000003663735981263 2.41064239287935855951239029174
7.70000000000000037192471324943 2.49913829895489611097446756031
7.80000000000000037747582837255 2.58834908046804390542890259814
7.90000000000000038302694349568 2.67823358507511026391823432133
8.0000000000000003885780586188 2.76875262855282774827970704598
8.10000000000000039412917374193 2.85986895073086913255067616554
8.20000000000000039968028886506 2.95154716541940995156689384142
8.30000000000000040523140398818 3.04375370550316567007157041597
8.40000000000000041078251911131 3.13645676425529142551352355043
8.50000000000000041633363423443 3.22962623381107349880016700813
8.60000000000000042188474935756 3.32323364163359622104721366233
8.70000000000000042743586448069 3.41725208570232937731525215551
8.80000000000000043298697960381 3.5116561690613547702454269026
8.90000000000000043853809472694 3.60642193427700192238200722164
9.00000000000000044408920985006 3.70152679827506166876091511958
9.10000000000000044964032497319 3.79694948795540649383525509193
9.20000000000000045519144009631 3.89266997691656104959535398863
9.30000000000000046074255521944 3.98866942356423820755866277006
9.40000000000000046629367034257 4.08493011082572367513683431921
9.50000000000000047184478546569 4.18143538764585127784673524145
9.60000000000000047739590058882 4.27816961239973206360674094912
9.70000000000000048294701571194 4.37511809832194328194398543922
9.80000000000000048849813083507 4.47226706102110844167724122714
9.90000000000000049404924595819 4.56960356812227670757084045858
10.0000000000000004996003610813 4.6671154910568242302420504605
10.1000000000000005051514762044 4.76479145900035733921331543796
10.2000000000000005107025913276 4.86262081494292706458967615797
10.3000000000000005162537064507 4.9605935738624207500677894761
10.4000000000000005218048215738 5.05870038296096041608684315196
10.5000000000000005273559366969 5.15693248391521628794766852779
10.6000000000000005329070518201 5.25528167708447076985856548814
10.7000000000000005384581669432 5.35374028761480149493689038876
10.8000000000000005440092820663 5.45230113337367423431777038299
10.9000000000000005495603971895 5.55095749464635229376845072606
11.0000000000000005551115123126 5.64970308552366451089418635221
11.1000000000000005606626274357 5.74853202690967452607906783463
11.2000000000000005662137425588 5.84743882107752297579923555742
11.300000000000000571764857682 5.94641832770205133083524597118
11.4000000000000005773159728051 6.0454657412986557892764154275
11.5000000000000005828670879282 6.14457656999906984121501538899
11.6000000000000005884182030513 6.24374661559635478744468062866
11.7000000000000005939693181745 6.34297195479321932156428979401
11.8000000000000005995204332976 6.44224892158983256744037567676
11.9000000000000006050715484207 6.54157409074948850735366575607
12.0000000000000006106226635438 6.6409442622827798718114019421
12.100000000000000616173778667 6.7403564468933092524804155945
12.2000000000000006217248937901 6.83980785233037322972412045839
12.3000000000000006272760089132 6.9392958705964755550470647384
12.4000000000000006328271240363 7.03881806595993621810679071378
12.5000000000000006383782391595 7.13837216372524674014614729547
12.6000000000000006439293542826 7.23795603971616379599445551563
12.7000000000000006494804694057 7.33756771042882168457562392136
12.8000000000000006550315845288 7.43720532381437013119829363324
12.900000000000000660582699652 7.53686715065280042327054649148
13.0000000000000006661338147751 7.63655157648170477157836946374
13.1000000000000006716849298982 7.73625709404571740171572242707
13.2000000000000006772360450213 7.83598229623430885708283962099
13.3000000000000006827871601445 7.93572586947744606195674698441
13.4000000000000006883382752676 8.03548658757038947814594635549
13.5000000000000006938893903907 8.13526330590057556378264873507
13.6000000000000006994405055138 8.23505495605112868859533673512
13.700000000000000704991620637 8.33486054075706314892764277111
13.8000000000000007105427357601 8.43467912919167482157258828946
13.9000000000000007160938508832 8.53450985256198546753343877218
14.0000000000000007216449660064 8.6343518999933931470627675957
14.1000000000000007271960811295 8.73420451468490220842171454251
14.2000000000000007327471962526 8.83406699031745855584556857693
14.3000000000000007382983113757 8.93393866769900315290551150701
14.4000000000000007438494264989 9.03381893163088177954580969147
14.500000000000000749400541622 9.1337072079812147459948569928
14.6000000000000007549516567451 9.2336029609517393687670885366
14.7000000000000007605027718682 9.33350569052549328994462505652
14.8000000000000007660538869914 9.4334149300835108740323502992
14.9000000000000007716050021145 9.53333024417946058356910005203
15.0000000000000007771561172376 9.63325122646186097551539496796
15.1000000000000007827072323607 9.73317749773417925140161418228
15.2000000000000007882583474839 9.83310870414374152207220988802
15.300000000000000793809462607 9.93304451549097040626651046549
15.4000000000000007993605777301 10.0329846236510154695767464509
15.5000000000000008049116928532 10.132928741100357428523157152
15.6000000000000008104628079764 10.232876599541449999234200081
15.7000000000000008160139230995 10.332827948618915671612533682
15.8000000000000008215650382226 10.4327825547212353539059610352
15.9000000000000008271161533457 10.5327401998622684831811595468
16.0000000000000008326672684689 10.6327006806373114685044194952
16.100000000000000838218383592 10.732663807248749772866602268
16.2000000000000008437694987151 10.8326294025966840102128827761
16.3000000000000008493206138382 10.9325973014302145176015599952
16.4000000000000008548717289614 11.0325673495553532640880167218
16.5000000000000008604228440845 11.1325394030957979075891724204
16.6000000000000008659739592076 11.2325133278030514678385141837
16.7000000000000008715250743307 11.3324889984126035389361548055
16.8000000000000008770761894539 11.4324662980431062457843197072
16.900000000000000882627304577 11.5324451176356812204506540112
17.0000000000000008881784197001 11.6324253554306836446575152181
17.1000000000000008937295348233 11.7324069164794267255099157755
17.2000000000000008992806499464 11.8323897121885356434771781455
17.3000000000000009048317650695 11.9323736598947547854900000516
17.4000000000000009103828801926 12.0323586824681766562327789017
17.5000000000000009159339953158 12.1323447079419959078303952576
17.6000000000000009214851104389 12.2323316691670180612988119289
17.700000000000000927036225562 12.3323195034892702925225631504
17.8000000000000009325873406851 12.4323081524491716646250161978
17.9000000000000009381384558083 12.5322975615008229163850440454
18.0000000000000009436895709314 12.6322876797500718393603353776
18.1000000000000009492406860545 12.7322784597100998406554665045
18.2000000000000009547918011776 12.8322698570733589112497359408
18.3000000000000009603429163008 12.932261830498766292034536799
18.4000000000000009658940314239 13.0322543414131370165520936116
18.500000000000000971445146547 13.1322473538259025525827211394
18.6000000000000009769962616701 13.2322408341562272837360263781
18.7000000000000009825473767933 13.3322347510716938658278068998
18.8000000000000009880984919164 13.432229075337783840369990331
18.9000000000000009936496070395 13.5322237796774315500362757653
19.0000000000000009992007221626 13.6322188386399776224906152692
19.1000000000000010047518372858 13.7322142284788932974976570956
19.2000000000000010103029524089 13.8322099270376888808348387672
19.300000000000001015854067532 13.932205913643458816260030452
19.4000000000000010214051826551 14.0322021690075524596276345893
19.5000000000000010269562977783 14.1321986751328937909133120605
19.6000000000000010325074129014 14.2321954152275051726723330374
19.7000000000000010380585280245 14.3321923736238200088779141066
19.8000000000000010436096431476 14.4321895357033969177094599632
19.9000000000000010491607582708 14.532186887826673937871675622
20.0000000000000010547118733939 14.6321844172674254638604961787
20.100000000000001060262988517 14.7321821121516071665108189123
20.2000000000000010658141036402 14.8321799614002952087838420385
20.3000000000000010713652187633 14.9321779546764457135592776198
20.4000000000000010769163338864 15.0321760823352187740010690965
20.5000000000000010824674490095 15.1321743353776284054451290417
20.6000000000000010880185641327 15.2321727054072958024745764836
20.7000000000000010935696792558 15.3321711845900981622264230358
20.8000000000000010991207943789 15.4321697656165192362609100517
20.900000000000001104671909502 15.5321684416665207450264548527
21.0000000000000011102230246252 15.6321672063767658931472754484
