404
-20.999999999999999389 -63.678071905112527519
-20.899999999999999384 -63.378071905112512809
-20.799999999999999378 -63.078071905112492952
-20.699999999999999373 -62.778071905112477741
-20.599999999999999367 -62.478071905112450632
-20.499999999999999362 -62.178071905112417555
-20.399999999999999356 -61.87807190511238916
-20.299999999999999351 -61.578071905112350168
-20.199999999999999345 -61.278071905112307988
-20.099999999999999339 -60.978071905112263448
-19.999999999999999334 -60.678071905112204437
-19.899999999999999328 -60.378071905112140573
-19.799999999999999323 -60.078071905112068047
-19.699999999999999317 -59.778071905111989996
-19.599999999999999312 -59.478071905111885333
-19.499999999999999306 -59.178071905111775853
-19.399999999999999301 -58.878071905111647829
-19.299999999999999295 -58.578071905111502195
-19.199999999999999289 -58.278071905111332821
-19.099999999999999284 -57.978071905111134712
-18.999999999999999278 -57.678071905110913706
-18.899999999999999273 -57.378071905110657141
-18.799999999999999267 -57.078071905110364478
-18.699999999999999262 -56.778071905110025465
-18.599999999999999256 -56.478071905109638038
-18.499999999999999251 -56.178071905109190696
-18.399999999999999245 -55.878071905108682506
-18.299999999999999239 -55.578071905108087956
-18.199999999999999234 -55.278071905107412491
-18.099999999999999228 -54.978071905106637787
-17.999999999999999223 -54.678071905105749115
-17.899999999999999217 -54.378071905104724089
-17.799999999999999212 -54.07807190510354537
-17.699999999999999206 -53.778071905102194973
-17.599999999999999201 -53.478071905100642344
-17.499999999999999195 -53.178071905098858299
-17.39999999999999919 -52.878071905096810229
-17.299999999999999184 -52.578071905094456217
-17.199999999999999178 -52.278071905091751653
-17.099999999999999173 -51.978071905088645481
-16.999999999999999167 -51.678071905085079318
-16.899999999999999162 -51.378071905080982254
-16.799999999999999156 -51.078071905076276211
-16.699999999999999151 -50.778071905070870219
-16.599999999999999145 -50.478071905064659115
-16.49999999999999914 -50.178071905057527245
-16.399999999999999134 -49.87807190504933067
-16.299999999999999128 -49.578071905039915684
-16.199999999999999123 -49.278071905029109879
-16.099999999999999117 -48.978071905016682015
-15.999999999999999112 -48.678071905002419103
-15.899999999999999106 -48.378071904986028003
-15.799999999999999101 -48.078071904967201973
-15.699999999999999095 -47.778071904945575941
-15.59999999999999909 -47.478071904920735362
-15.499999999999999084 -47.178071904892198616
-15.399999999999999079 -46.8780719048594199
-15.299999999999999073 -46.578071904821766888
-15.199999999999999067 -46.27807190477852013
-15.099999999999999062 -45.978071904728830953
-14.999999999999999056 -45.678071904671762323
-14.899999999999999051 -45.378071904606206249
-14.799999999999999045 -45.078071904530898809
-14.69999999999999904 -44.778071904444395521
-14.599999999999999034 -44.478071904345032005
-14.499999999999999029 -44.178071904230888236
-14.399999999999999023 -43.878071904099774301
-14.299999999999999017 -43.578071903949164125
-14.199999999999999012 -43.278071903776157752
-14.099999999999999006 -42.978071903577419706
-13.999999999999999001 -42.678071903349143328
-13.899999999999998995 -42.378071903086908351
-13.79999999999999899 -42.078071902785691242
-13.699999999999998984 -41.778071902439678631
-13.599999999999998979 -41.478071902042215048
-13.499999999999998973 -41.17807190158564557
-13.399999999999998967 -40.87807190106118911
-13.299999999999998962 -40.578071900458745029
-13.199999999999998956 -40.278071899766719788
-13.099999999999998951 -39.978071898971791287
-12.999999999999998945 -39.678071898058654158
-12.89999999999999894 -39.378071897009747284
-12.799999999999998934 -39.078071895804855636
-12.699999999999998929 -38.778071894420807017
-12.599999999999998923 -38.478071892830951673
-12.499999999999998918 -38.178071891004683747
-12.399999999999998912 -37.878071888906854968
-12.299999999999998906 -37.578071886497081044
-12.199999999999998901 -37.27807188372897785
-12.099999999999998895 -36.978071880549263696
-11.99999999999999889 -36.678071876896729719
-11.899999999999998884 -36.378071872701071321
-11.799999999999998879 -36.078071867881524853
-11.699999999999998873 -35.778071862345320327
-11.599999999999998868 -35.478071855985890476
-11.499999999999998862 -35.178071848680824446
-11.399999999999998856 -34.878071840289504666
-11.299999999999998851 -34.578071830650415799
-11.199999999999998845 -34.278071819578003707
-11.09999999999999884 -33.978071806859142503
-10.999999999999998834 -33.67807179224900889
-10.899999999999998829 -33.378071775466371562
-10.799999999999998823 -33.078071756188183057
-10.699999999999998818 -32.778071734043358595
-10.599999999999998812 -32.478071708605638529
-10.499999999999998807 -32.17807167938535956
-10.399999999999998801 -31.87807164582008112
-10.299999999999998795 -31.578071607263695402
-10.19999999999999879 -31.278071562974037086
-10.099999999999998784 -30.978071512098571482
-9.9999999999999987788 -30.678071453658004522
-9.8999999999999987732 -30.378071386527415805
-9.7999999999999987677 -30.07807130941460637
-9.6999999999999987621 -29.778071220835240059
-9.5999999999999987566 -29.478071119084245761
-9.499999999999998751 -29.178071002203034097
-9.3999999999999987454 -28.878070867941743987
-9.2999999999999987399 -28.578070713715981927
-9.1999999999999987343 -28.278070536557055934
-9.0999999999999987288 -27.978070333054824885
-8.9999999999999987232 -27.678070099292061637
-8.8999999999999987177 -27.378069830769042445
-8.7999999999999987121 -27.078069522316945555
-8.6999999999999987066 -26.778069167998331356
-8.599999999999998701 -26.478068760992859611
-8.4999999999999986955 -26.178068293466003653
-8.3999999999999986899 -25.878067756418220805
-8.2999999999999986844 -25.578067139511710707
-8.1999999999999986788 -25.278066430871439096
-8.0999999999999986733 -24.978065616856475815
-7.9999999999999986677 -24.678064681797451202
-7.8999999999999986622 -24.37806360769487587
-7.7999999999999986566 -24.078062373872623685
-7.6999999999999986511 -23.778060956579873083
-7.5999999999999986455 -23.478059328533855851
-7.49999999999999864 -23.178057458394571493
-7.3999999999999986344 -22.8780553101614123
-7.2999999999999986289 -22.578052842479928366
-7.1999999999999986233 -22.278050007845646211
-7.0999999999999986178 -21.978046751689241974
-6.9999999999999986122 -21.678043011325744713
-6.8999999999999986067 -21.378038714747337287
-6.7999999999999986011 -21.078033779236497834
-6.6999999999999985956 -20.778028109772794457
-6.59999999999999859 -20.478021597202503754
-6.4999999999999985845 -20.178014116135765001
-6.3999999999999985789 -19.878005522530640557
-6.2999999999999985734 -19.577995650917419143
-6.1999999999999985678 -19.277984311209473753
-6.0999999999999985623 -18.977971285038954662
-5.9999999999999985567 -18.677956321546457318
-5.8999999999999985512 -18.377939132542973976
-5.7999999999999985456 -18.07791938695032848
-5.6999999999999985401 -17.777896704412187696
-5.5999999999999985345 -17.477870647951297798
-5.499999999999998529 -17.177840715530083311
-5.3999999999999985234 -16.877806330349909452
-5.2999999999999985179 -16.57776682969943415
-5.1999999999999985123 -16.27772145213362011
-5.0999999999999985068 -15.977669322731591012
-4.9999999999999985012 -15.677609436143015656
-4.8999999999999984956 -15.377540637087959734
-4.7999999999999984901 -15.077461597923370034
-4.6999999999999984845 -14.777370792829220867
-4.599999999999998479 -14.477266468097502419
-4.4999999999999984734 -14.177146607925672623
-4.3999999999999984679 -13.877008895021433047
-4.2999999999999984623 -13.576850665214478973
-4.1999999999999984568 -13.276668855140958098
-4.0999999999999984512 -12.976459941913553214
-3.9999999999999984457 -12.676219873510314222
-3.8999999999999984401 -12.375943988402693065
-3.7999999999999984346 -12.0756269226917213
-3.699999999999998429 -11.775262502721682329
-3.5999999999999984235 -11.474843620783188369
-3.4999999999999984179 -11.174362091089296761
-3.3999999999999984124 -10.873808482692623778
-3.2999999999999984068 -10.573171925387999776
-3.1999999999999984013 -10.272439883887844794
-3.0999999999999983957 -9.9715978946330180614
-2.9999999999999983902 -9.6706292584677664282
-2.8999999999999983846 -9.3695146810089862566
-2.7999999999999983791 -9.0682318508068687724
-2.6999999999999983735 -8.7667549432350197005
-2.599999999999998368 -8.4650540353445345616
-2.4999999999999983624 -8.16309441351422978
-2.3999999999999983569 -7.8608357514255101869
-2.2999999999999983513 -7.5582311304200401081
-2.1999999999999983458 -7.255225867310923891
-2.0999999999999983402 -6.9517561057499834382
-1.9999999999999983347 -6.6477471156888152442
-1.8999999999999983291 -6.3431112304858192036
-1.7999999999999983236 -6.0377453317004518062
-1.699999999999998318 -5.7315277660852600886
-1.5999999999999983125 -5.424314545703520244
-1.4999999999999983069 -5.1159346376765618128
-1.3999999999999983014 -4.806184090934707831
-1.2999999999999982958 -4.4948186680903283925
-1.1999999999999982903 -4.1815445434650094482
-1.0999999999999982847 -3.8660064822487248569
-0.99999999999999827915 -3.5477727143418247458
1.0 -3.5477727143418247458
1.1000000000000017264 -3.2472698242359146622
1.2000000000000017319 -2.9806993421639174907
1.3000000000000017375 -2.7424693880446862503
1.4000000000000017431 -2.5282525615999528091
1.5000000000000017486 -2.3346327302580415776
1.6000000000000017542 -2.1588663513625134847
1.7000000000000017597 -1.9987165798123257065
1.8000000000000017653 -1.8523351529132608659
1.9000000000000017708 -1.7181765237529021551
2.0000000000000017764 -1.5949342952372518334
2.1000000000000017819 -1.4814934057420618851
2.2000000000000017875 -1.3768936498930890183
2.300000000000001793 -1.280301491886109764
2.4000000000000017986 -1.190988035020477442
2.5000000000000018041 -1.1083116217154521377
2.6000000000000018097 -1.031703957601544323
2.64 -1.0026449042151
2.645 1.00092703811219
2.7000000000000018152 1.0404439970279317697
2.8000000000000018208 1.1135675953844027783
2.9000000000000018263 1.1882652151608064046
3.0000000000000018319 1.2644563347213598856
3.1000000000000018374 1.3420633191451357876
3.200000000000001843 1.4210114387114250335
3.3000000000000018485 1.5012288751694180036
3.4000000000000018541 1.5826467159291473846
3.5000000000000018596 1.6651989365826193069
3.6000000000000018652 1.7488223723858061251
3.7000000000000018707 1.8334566795018475957
3.8000000000000018763 1.9190442869267702874
3.9000000000000018818 2.0055303400958257883
4.0000000000000018874 2.0928626372074161694
4.1000000000000018929 2.1809915593084721294
4.2000000000000018985 2.2698699951668424488
4.300000000000001904 2.3594532619173642292
4.4000000000000019096 2.4496990224150832527
4.5000000000000019151 2.5405672001650427073
4.6000000000000019207 2.6320198926275096628
4.7000000000000019262 2.7240212836228323243
4.8000000000000019318 2.8165375554849991288
4.9000000000000019373 2.9095368015379575431
5.0000000000000019429 3.0029889393962870847
5.1000000000000019484 3.0968656255229832209
5.200000000000001954 3.1911401714120629886
5.3000000000000019595 3.2857874617035138836
5.4000000000000019651 3.3807838744829181623
5.5000000000000019706 3.4761072039679859376
5.6000000000000019762 3.5717365857387957112
5.7000000000000019817 3.6676524246285345075
5.8000000000000019873 3.7638363253558597259
5.9000000000000019929 3.8602710259484320338
6.0000000000000019984 3.9569403339809349925
6.100000000000002004 4.0538290656262793322
6.2000000000000020095 4.1509229875002563048
6.3000000000000020151 4.2482087612619478864
6.4000000000000020206 4.3456738909191668249
6.5000000000000020262 4.4433066727762902263
6.6000000000000020317 4.5410961479531080947
6.7000000000000020373 4.6390320573956834577
6.8000000000000020428 4.7371047992952783358
6.9000000000000020484 4.8353053888272516581
7.0000000000000020539 4.9336254201190128879
7.1000000000000020595 5.0320570303547889514
7.200000000000002065 5.1305928659244970408
7.3000000000000020706 5.2292260505241413659
7.4000000000000020761 5.3279501551158277504
7.5000000000000020817 5.4267591696570499593
7.6000000000000020872 5.5256474765114367012
7.7000000000000020928 5.624609825453796952
7.8000000000000020983 5.7236413101873181936
7.9000000000000021039 5.8227373462901154472
8.0000000000000021094 5.9218936505155528239
8.100000000000002115 6.021106221368918952
8.2000000000000021205 6.1203713208911061799
8.3000000000000021261 6.2196854575776528657
8.4000000000000021316 6.3190453703708878601
8.5000000000000021372 6.4184480136594083018
8.6000000000000021427 6.5178905432276787144
8.7000000000000021483 6.617370303097628134
8.8000000000000021538 6.7168848132103067896
8.9000000000000021594 6.8164317578944607364
9.0000000000000021649 6.9160089750764181046
9.1000000000000021705 7.0156144461839926993
9.200000000000002176 7.1152462867019828789
9.3000000000000021816 7.2149027373391811201
9.4000000000000021871 7.314582155768751461
9.5000000000000021927 7.4142830089044602488
9.6000000000000021982 7.5140038656812574302
9.7000000000000022038 7.6137433903056693761
9.8000000000000022093 7.7135003359490822819
9.9000000000000022149 7.8132735388525583337
10.00000000000000222 7.9130619128196551874
10.100000000000002226 8.0128644440690231458
10.200000000000002232 8.112680186428709139
10.300000000000002237 8.2125082568424432804
10.400000000000002243 8.3123478311767484846
10.500000000000002248 8.4121981403016236325
10.600000000000002254 8.5120584664314478246
10.700000000000002259 8.6119281397078836269
10.800000000000002265 8.7118065350066835793
10.90000000000000227 8.8116930689613481681
11.000000000000002276 8.9115871971765577279
11.100000000000002282 9.0114884116348996849
11.200000000000002287 9.111396238265598731
11.300000000000002293 9.2113102346861516111
11.400000000000002298 9.3112299880844783402
11.500000000000002304 9.4111551132473335708
11.600000000000002309 9.5110852507154883409
11.700000000000002315 9.6110200650678217236
11.80000000000000232 9.7109592433156706369
11.900000000000002326 9.8109024934011683669
12.000000000000002331 9.9108495428029253742
12.100000000000002337 10.010800137228983201
12.200000000000002343 10.110754039397223015
12.300000000000002348 10.210711027904267144
12.400000000000002354 10.310670896155936125
12.500000000000002359 10.410633451381317431
12.600000000000002365 10.510598513711776358
12.70000000000000237 10.610565915314094949
12.800000000000002376 10.710535499585031271
12.900000000000002381 10.810507120401831254
13.000000000000002387 10.910480641425801442
13.100000000000002393 11.010455935435443986
13.200000000000002398 11.110432883732567695
13.300000000000002404 11.210411375558951115
13.400000000000002409 11.31039130756994554
13.500000000000002415 11.410372583346195954
13.60000000000000242 11.510355112911112238
13.700000000000002426 11.610338812313964121
13.800000000000002431 11.710323603236984584
13.900000000000002437 11.810309412588097394
14.000000000000002442 11.910296172182529842
14.100000000000002448 12.010283818384619844
14.200000000000002454 12.11027229183840566
14.300000000000002459 12.210261537140669575
14.400000000000002465 12.310251502620629957
14.50000000000000247 12.410242140045527438
14.600000000000002476 12.510233404428488642
14.700000000000002481 12.610225253786033159
14.800000000000002487 12.710217648945007495
14.900000000000002492 12.810210553357540968
15.000000000000002498 12.910203932915026474
15.100000000000002504 13.010197755827543103
15.200000000000002509 13.110191992371528167
15.300000000000002515 13.210186614871515325
15.40000000000000252 13.310181597476272054
15.500000000000002526 13.4101769160822426
15.600000000000002531 13.510172548177573522
15.700000000000002537 13.61016847276166484
15.800000000000002542 13.710164670267454617
15.900000000000002548 13.810161122412510191
16.000000000000002554 13.910157812136196181
16.100000000000002559 14.010154723531390616
16.200000000000002565 14.110151841753238298
16.30000000000000257 14.210149152984552329
16.400000000000002576 14.310146644247384931
16.500000000000002581 14.410144303510243033
16.600000000000002587 14.510142119541946728
16.700000000000002592 14.610140081793130379
16.800000000000002598 14.71013818056097279
16.900000000000002603 14.810136406606326763
17.000000000000002609 14.910134751439048402
17.100000000000002615 15.010133207138624412
17.20000000000000262 15.110131766212551413
17.300000000000002626 15.210130421838476409
17.400000000000002631 15.310129167459629181
17.500000000000002637 15.41012799707667293
17.600000000000002642 15.510126905086086547
17.700000000000002648 15.610125886202680634
17.800000000000002653 15.710124935619440566
17.900000000000002659 15.810124048571906097
18.000000000000002665 15.910123221017712518
18.10000000000000267 16.010122448848344233
18.200000000000002676 16.110121728432161994
18.300000000000002681 16.210121056260934951
18.400000000000002687 16.31012042898396267
18.500000000000002692 16.410119843866184919
18.600000000000002698 16.510119297850998143
18.700000000000002703 16.610118788369636856
18.800000000000002709 16.710118313097601177
18.900000000000002714 16.810117869635836588
19.00000000000000272 16.910117455886021103
19.100000000000002726 17.010117069733288524
19.200000000000002731 17.110116709415085521
19.300000000000002737 17.210116373494963651
19.400000000000002742 17.310116059883199738
19.500000000000002748 17.410115767121175565
19.600000000000002753 17.510115494181169788
19.700000000000002759 17.610115239610526997
19.800000000000002764 17.710115001964087733
19.90000000000000277 17.81011478005339327
20.000000000000002776 17.910114573284395862
20.100000000000002781 18.010114380135674877
20.200000000000002787 18.110114200066166221
20.300000000000002792 18.210114031844248482
20.400000000000002798 18.310113875103336663
20.500000000000002803 18.410113728815808433
20.600000000000002809 18.510113592350016248
20.700000000000002814 18.610113465089928732
20.80000000000000282 18.710113346322843321
20.900000000000002826 18.810113235347541004
21.000000000000002831 18.910113131985743101
