601
-21 -548.18290353032961270093443933
-20.9499999999999999972244424384 -546.882903530329601502737622092
-20.8999999999999999944488848769 -545.582903530329589505986940913
-20.8499999999999999916733273153 -544.282903530329576653367419953
-20.7999999999999999888977697537 -542.982903530329562883450389105
-20.7499999999999999861222121922 -541.682903530329548130398229908
-20.6999999999999999833466546306 -540.382903530329532323647930061
-20.6499999999999999805710970691 -539.082903530329515387571925539
-20.5999999999999999777955395075 -537.782903530329497241114600188
-20.5499999999999999750199819459 -536.482903530329477797402695622
-20.4999999999999999722444243844 -535.1829035303294569633277589
-20.4499999999999999694688668228 -533.882903530329434639098621021
-20.3999999999999999666933092612 -532.582903530329410717761755256
-20.3499999999999999639177516997 -531.28290353032938508468720993
-20.2999999999999999611421941381 -529.982903530329357617017644827
-20.2499999999999999583666365766 -528.682903530329328183077823026
-20.199999999999999955591079015 -527.382903530329296641741719922
-20.1499999999999999528155214534 -526.082903530329262841754207468
-20.0999999999999999500399638919 -524.782903530329226621004053354
-20.0499999999999999472644063303 -523.482903530329187805744740808
-19.9999999999999999444888487687 -522.182903530329146209759363947
-19.9499999999999999417132912072 -520.882903530329101633465584771
-19.8999999999999999389377336456 -519.582903530329053862956349817
-19.8499999999999999361621760841 -518.28290353032900266897175574
-19.7999999999999999333866185225 -516.982903530328947805797122104
-19.7499999999999999306110609609 -515.682903530328889010081975068
-19.6999999999999999278355033994 -514.382903530328825999574265419
-19.6499999999999999250599458378 -513.082903530328758471763737067
-19.5999999999999999222843882762 -511.782903530328686102427925386
-19.5499999999999999195088307147 -510.482903530328608544073796834
-19.4999999999999999167332731531 -509.182903530328525424267539644
-19.4499999999999999139577155916 -507.882903530328436343844477812
-19.39999999999999991118215803 -506.582903530328340874990504415
-19.3499999999999999084066004684 -505.282903530328238559185812756
-19.2999999999999999056310429069 -503.982903530328128905001041965
-19.2499999999999999028554853453 -502.682903530328011385735244355
-19.1999999999999999000799277837 -501.3829035303278854368843215
-19.1499999999999998973043702222 -500.082903530327750453427761213
-19.0999999999999998945288126606 -498.782903530327605786920634241
-19.049999999999999891753255099 -497.482903530327450742376873497
-18.9999999999999998889776975375 -496.18290353032728457492885544
-18.9499999999999998862021399759 -494.882903530327106486247228058
-18.8999999999999998834265824144 -493.5829035303269156207037775
-18.8499999999999998806510248528 -492.28290353032671106125889036
-18.7999999999999998778754672912 -490.982903530326491825053844897
-18.7499999999999998750999097297 -489.682903530326256858686745723
-18.6999999999999998723243521681 -488.382903530326005033149395976
-18.6499999999999998695487946065 -487.082903530325735138400771271
-18.599999999999999866773237045 -485.782903530325445877551013088
-18.5499999999999998639976794834 -484.482903530325135860627987235
-18.4999999999999998612221219219 -483.182903530324803597896446612
-18.4499999999999998584465643603 -481.882903530324447492697687175
-18.3999999999999998556710067987 -480.582903530324065833775281196
-18.3499999999999998528954492372 -479.282903530323656787050001837
-18.2999999999999998501198916756 -477.982903530323218386804405581
-18.249999999999999847344334114 -476.682903530322748526234701617
-18.1999999999999998445687765525 -475.382903530322244947324496176
-18.1499999999999998417932189909 -474.082903530321705229991740439
-18.0999999999999998390176614294 -472.782903530321126780456717313
-18.0499999999999998362421038678 -471.482903530320506818775158344
-17.9999999999999998334665463062 -470.182903530319842365476569265
-17.9499999999999998306909887447 -468.882903530319130227243541897
-17.8999999999999998279154311831 -467.582903530318366981563220686
-17.8499999999999998251398736215 -466.282903530317548960277151846
-17.79999999999999982236431606 -464.982903530316672231950448213
-17.7499999999999998195887584984 -463.682903530315732582975528015
-17.6999999999999998168132009368 -462.382903530314725497319603544
-17.6499999999999998140376433753 -461.082903530313646134818576965
-17.5999999999999998112620858137 -459.782903530312489307913013868
-17.5499999999999998084865282522 -458.482903530311249456714377086
-17.4999999999999998057109706906 -457.182903530309920622281677786
-17.449999999999999802935413129 -455.882903530308496417980099271
-17.3999999999999998001598555675 -454.582903530306969998783930039
-17.3499999999999997973842980059 -453.282903530305334028376262069
-17.2999999999999997946087404443 -451.982903530303580643887320513
-17.2499999999999997918331828828 -450.682903530301701418101941233
-17.1999999999999997890576253212 -449.382903530299687318954548132
-17.1499999999999997862820677597 -448.082903530297528666116944754
-17.0999999999999997835065101981 -446.782903530295215084470261378
-17.0499999999999997807309526365 -445.482903530292735454237422634
-16.999999999999999777955395075 -444.182903530290077857536449669
-16.9499999999999997751798375134 -442.882903530287229521097707718
-16.8999999999999997724042799518 -441.582903530284176754869772215
-16.8499999999999997696287223903 -440.282903530280904886218825309
-16.7999999999999997668531648287 -438.982903530277398189405315237
-16.7499999999999997640776072672 -437.682903530273639809998911346
-16.6999999999999997613020497056 -436.382903530269611683868458704
-16.649999999999999758526492144 -435.082903530265294450357561267
-16.5999999999999997557509345825 -433.782903530260667359228475983
-16.5499999999999997529753770209 -432.482903530255708170927047977
-16.4999999999999997501998194593 -431.182903530250393049689314779
-16.4499999999999997474242618978 -429.8829035302446964489760014
-16.3999999999999997446487043362 -428.58290353023859098868425243
-16.3499999999999997418731467747 -427.282903530232047323546424956
-16.2999999999999997390975892131 -425.982903530225034002083407172
-16.2499999999999997363220316515 -424.682903530217517315434528253
-16.19999999999999973354647409 -423.382903530209461135337467416
-16.1499999999999997307709165284 -422.082903530200826740479420012
-16.0999999999999997279953589668 -420.78290353019157263038488552
-16.0499999999999997252198014053 -419.482903530181654325945537626
-15.9999999999999997224442438437 -418.182903530171024155633432361
-15.9499999999999997196686862821 -416.882903530159631026369997894
-15.8999999999999997168931287206 -415.582903530147420177949498294
-15.849999999999999714117571159 -414.282903530134332919836618897
-15.7999999999999997113420135975 -412.982903530120306349073102963
-15.7499999999999997085664560359 -411.682903530105273047937570789
-15.6999999999999997057908984743 -410.382903530089160759905337094
-15.6499999999999997030153409128 -409.082903530071892042350742367
-15.5999999999999997002397833512 -407.782903530053383894322727886
-15.5499999999999996974642257896 -406.482903530033547357604574766
-15.4999999999999996946886682281 -405.182903530012287089140318962
-15.4499999999999996919131106665 -403.882903529989500902772729386
-15.399999999999999689137553105 -402.582903529965079278090233746
-15.3499999999999996863619955434 -401.282903529938904834022087359
-15.2999999999999996835864379818 -399.982903529910851764651644228
-15.2499999999999996808108804203 -398.682903529880785234535992733
-15.1999999999999996780353228587 -397.382903529848560730625587456
-15.1499999999999996752597652971 -396.082903529814023367668908523
-15.0999999999999996724842077356 -394.782903529777007143763607773
-15.049999999999999669708650174 -393.48290352973733414247598241
-14.9999999999999996669330926125 -392.182903529694813677693799905
-14.9499999999999996641575350509 -390.882903529649241377102248379
-14.8999999999999996613819774893 -389.582903529600398199877781545
-14.8499999999999996586064199278 -388.282903529548049383878448595
-14.7999999999999996558308623662 -386.982903529491943317270427484
-14.7499999999999996530553048046 -385.682903529431810329167286102
-14.6999999999999996502797472431 -384.382903529367361393469234202
-14.6499999999999996475041896815 -383.082903529298286739672428627
-14.5999999999999996447286321199 -381.782903529224254363971250177
-14.5499999999999996419530745584 -380.482903529144908433497233155
-14.4999999999999996391775169968 -379.18290352905986757602469476
-14.4499999999999996364019594353 -377.882903528968723046922612416
-14.3999999999999996336264018737 -376.582903528871036764542286729
-14.3499999999999996308508443121 -375.28290352876633920459797033
-14.2999999999999996280752867506 -373.982903528654127143419898916
-14.249999999999999625299729189 -372.682903528533861239232772785
-14.1999999999999996225241716274 -371.382903528404963439834213803
-14.1499999999999996197486140659 -370.082903528266814204213322014
-14.0999999999999996169730565043 -368.782903528118749524755167518
-14.0499999999999996141974989428 -367.482903527960057735718578494
-13.9999999999999996114219413812 -366.18290352778997609264731837
-13.9499999999999996086463838196 -364.88290352760768710627374672
-13.8999999999999996058708262581 -363.582903527412314613294037472
-13.8499999999999996030952686965 -362.282903527202919565129312883
-13.7999999999999996003197111349 -360.982903526978495514431563496
-13.7499999999999995975441535734 -359.682903526737963777640447966
-13.6999999999999995947685960118 -358.38290352648016825034001948
-13.6499999999999995919930384503 -357.082903526203869850495623559
-13.5999999999999995892174808887 -355.782903525907740562862634388
-13.5499999999999995864419233271 -354.482903525590357055941746619
-13.4999999999999995836663657656 -353.182903525250193840801003239
-13.449999999999999580890808204 -351.882903524885615938882742294
-13.3999999999999995781152506424 -350.582903524494871023553602512
-13.3499999999999995753396930809 -349.282903524076080997626296374
-13.2999999999999995725641355193 -347.98290352362723296637088156
-13.2499999999999995697885779578 -346.682903523146169562627707632
-13.1999999999999995670130203962 -345.382903522630578577520118767
-13.1499999999999995642374628346 -344.082903522077981846927387747
-13.0999999999999995614619052731 -342.782903521485723340301198869
-13.0499999999999995586863477115 -341.482903520850956394575094642
-12.9999999999999995559107901499 -340.182903520170630031807225527
-12.9499999999999995531352325884 -338.882903519441474294792743227
-12.8999999999999995503596750268 -337.582903518659984530162088677
-12.8499999999999995475841174652 -336.282903517822404543422558691
-12.7999999999999995448085599037 -334.982903516924708544978575034
-12.7499999999999995420330023421 -333.682903515962581800354965804
-12.6999999999999995392574447806 -332.38290351493139989161937057
-12.649999999999999536481887219 -331.082903513826206490324661855
-12.5999999999999995337063296574 -329.782903512641689535137951954
-12.5499999999999995309307720959 -328.482903511372155699654938676
-12.4999999999999995281552145343 -327.182903510011503027680180894
-12.4499999999999995253796569727 -325.882903508553191604445884435
-12.3999999999999995226040994112 -324.582903506990212122801585062
-12.3499999999999995198285418496 -323.28290350531505219328936381
-12.2999999999999995170529842881 -321.982903503519660236175289761
-12.2499999999999995142774267265 -320.682903501595406781885534992
-12.1999999999999995115018691649 -319.382903499533042993839183456
-12.1499999999999995087263116034 -318.082903497322656214319287953
-12.0999999999999995059507540418 -316.782903494953622319715047842
-12.0499999999999995031751964802 -315.482903492414554656132309799
-11.9999999999999995003996389187 -314.182903489693249309933223265
-11.9499999999999994976240813571 -312.882903486776626450149809443
-11.8999999999999994948485237956 -311.58290348365066746083575528
-11.849999999999999492072966234 -310.282903480300347561185172262
-11.7999999999999994892974086724 -308.982903476709563589559100517
-11.7499999999999994865218511109 -307.68290347286105660431594742
-11.6999999999999994837462935493 -306.382903468736328929429099754
-11.6499999999999994809707359877 -305.082903464315555246173893687
-11.5999999999999994781951784262 -303.782903459577487303548626433
-11.5499999999999994754196208646 -302.482903454499351789422794864
-11.4999999999999994726440633031 -301.182903449056740871532823801
-11.4499999999999994698685057415 -299.882903443223494882213192771
-11.3999999999999994670929481799 -298.582903436971576582989736048
-11.3499999999999994643173906184 -297.282903430270936404690472643
-11.2999999999999994615418330568 -295.982903423089368015353088699
-11.2499999999999994587662754952 -294.682903415392353521718649403
-11.1999999999999994559907179337 -293.382903407142897560274800809
-11.1499999999999994532151603721 -292.082903398301349480409133832
-11.0999999999999994504396028105 -290.782903388825212764997832309
-11.049999999999999447664045249 -289.482903378668940772411098471
-10.9999999999999994448884876874 -288.182903367783717818170278786
-10.9499999999999994421129301259 -286.882903356117224544026072295
-10.8999999999999994393373725643 -285.58290334361338644670397856
-10.8499999999999994365618150027 -284.282903330212104357619206874
-10.7999999999999994337862574412 -282.982903315848965578109537178
-10.7499999999999994310106998796 -281.682903300454934281754082046
-10.699999999999999428235142318 -280.382903283956019695691599451
-10.6499999999999994254595847565 -279.082903266272920466044915889
-10.5999999999999994226840271949 -277.782903247320643498084720199
-10.5499999999999994199084696334 -276.482903227008095439076205827
-10.4999999999999994171329120718 -275.182903205237644840255997696
-10.4499999999999994143573545102 -273.88290318190465289345238572
-10.3999999999999994115817969487 -272.582903156896970486811609246
-10.3499999999999994088062393871 -271.282903130094399162200668697
-10.2999999999999994060306818255 -269.98290310136811338334462748
-10.249999999999999403255124264 -268.682903070580041337789483049
-10.1999999999999994004795667024 -267.382903037582201296466422165
-10.1499999999999993977040091409 -266.082903002215990341011439322
-10.0999999999999993949284515793 -264.782902964311422040038904824
-10.0499999999999993921528940177 -263.482902923686309410178002009
-9.99999999999999938937733645616 -262.182902880145389234677266084
-9.9499999999999993866017788946 -260.882902833479383530500299295
-9.89999999999999938382622133304 -259.58290278346399365271987036
-9.84999999999999938105066377148 -258.282902729858822201215481566
-9.79999999999999937827510620991 -256.982902672406217547634256969
-9.74999999999999937549954864835 -255.68290261083003542861802886
-9.69999999999999937272399108679 -254.382902544834311652642312768
-9.64999999999999936994843352522 -253.082902474101839540538566205
-9.59999999999999936717287596366 -251.7829023982926452618251642
-9.5499999999999993643973184021 -250.482902317042353738152783178
-9.49999999999999936162176084053 -249.182902229960437259116094108
-9.44999999999999935884620327897 -247.8829021366283383918660319
-9.39999999999999935607064571741 -246.582902036597458161663927146
-9.34999999999999935329508815585 -245.282901929386999832844182696
-9.29999999999999935051953059428 -243.982901814481657925480900918
-9.24999999999999934774397303272 -242.682901691329141359047080813
-9.19999999999999934496841547116 -241.382901559337518816933991509
-9.14999999999999934219285790959 -240.082901417872373571027242084
-9.09999999999999933941730034803 -238.782901266253754089503431472
-9.04999999999999933664174278647 -237.482901103752905769210142855
-8.99999999999999933386618522491 -236.182900929588768081698793416
-8.94999999999999933109062766334 -234.882900742924220294131299978
-8.89999999999999932831507010178 -233.582900542862057717450560592
-8.84999999999999932553951254022 -232.282900328440679138574113873
-8.79999999999999932276395497865 -230.982900098629464704704502985
-8.74999999999999931998839741709 -229.682899852323822039464942402
-8.69999999999999931721283985553 -228.382899588339876775300281743
-8.64999999999999931443728229397 -227.082899305408781976751074036
-8.5999999999999993116617247324 -225.782899002170619096580400641
-8.54999999999999930888616717084 -224.482898677167861142484278116
-8.49999999999999930611060960928 -223.18289832883836662678722336
-8.44999999999999930333505204771 -221.882897955507870614974257542
-8.39999999999999930055949448615 -220.582897555381936770268633807
-8.34999999999999929778393692459 -219.282897126537331699077473992
-8.29999999999999929500837936303 -217.982896666912780123502582157
-8.24999999999999929223282180146 -216.682896174299056428858273795
-8.1999999999999992894572642399 -215.382895646328364941894353783
-8.14999999999999928668170667834 -214.082895080462957873797720432
-8.09999999999999928390614911677 -212.782894473982936194537952592
-8.04999999999999928113059155521 -211.482893823973174774037886554
-7.99999999999999927835503399365 -210.18289312730930891202030095
-7.94999999999999927557947643209 -208.882892380642714861867934862
-7.89999999999999927280391887052 -207.58289158038441211262913406
-7.84999999999999927002836130896 -206.282890722687810004023138224
-7.7999999999999992672528037474 -204.982889803430215686875225123
-7.74999999999999926447724618583 -203.682888818193014478957587616
-7.69999999999999926170168862427 -202.382887762240427274896942503
-7.64999999999999925892613106271 -201.082886630496742817717617469
-7.59999999999999925615057350115 -199.78288541752191529556314906
-7.54999999999999925337501593958 -198.482884117485409854621189461
-7.49999999999999925059945837802 -197.182882724138170180127796044
-7.44999999999999924782390081646 -195.882881230782573250642020077
-7.39999999999999924504834325489 -194.582879630240226672682962836
-7.34999999999999924227278569333 -193.282877914817453606242258166
-7.29999999999999923949722813177 -191.982876076268299146133722121
-7.2499999999999992367216705702 -190.682874105754880075449728614
-7.19999999999999923394611300864 -189.382871993804887097442468004
-7.14999999999999923117055544708 -188.082869730266034918577464114
-7.09999999999999922839499788552 -186.782867304257240831399541446
-7.04999999999999922561944032395 -185.482864704116296659394828945
-6.99999999999999922284388276239 -184.182861917343782000152069854
-6.94999999999999922006832520083 -182.882858930542948555093362137
-6.89999999999999921729276763926 -181.582855729355285875050355176
-6.8499999999999992145172100777 -180.282852298391457985662385427
-6.79999999999999921174165251614 -178.982848621157277982593868813
-6.74999999999999920896609495458 -177.682844679974363693973279
-6.69999999999999920619053739301 -176.382840455895091778172310176
-6.64999999999999920341497983145 -175.082835928611440032241009498
-6.59999999999999920063942226989 -173.782831076357278093734266727
-6.54999999999999919786386470832 -172.482825875803634979895226824
-6.49999999999999919508830714676 -171.182820301946437865852297266
-6.4499999999999991923127495852 -169.882814327986179988501896138
-6.39999999999999918953719202364 -168.582807925198936393245839369
-6.34999999999999918676163446207 -167.282801062798104221184036705
-6.29999999999999918398607690051 -165.982793707786199154399698287
-6.24999999999999918121051933895 -164.682785824795991270328318336
-6.19999999999999917843496177738 -163.382777375920211659355191986
-6.14999999999999917565940421582 -162.082768320529005470605536469
-6.09999999999999917288384665426 -160.782758615074247287121181651
-6.0499999999999991701082890927 -159.482748212879770589241608288
-5.99999999999999916733273153113 -158.182737063916494216459972086
-5.94999999999999916455717396957 -156.882725114561354830244750521
-5.89999999999999916178161640801 -155.582712307338875032618281005
-5.84999999999999915900605884644 -154.28269858064411159702860529
-5.79999999999999915623050128488 -152.982683868445636776111563966
-5.74999999999999915345494372332 -151.682668099967107386908582932
-5.69999999999999915067938616176 -150.382651199345870821242874218
-5.64999999999999914790382860019 -149.082633085266943728840537667
-5.59999999999999914512827103863 -147.782613670570577269625352165
-5.54999999999999914235271347707 -146.482592861831491876211981947
-5.4999999999999991395771559155 -145.182570558907723700887538467
-5.44999999999999913680159835394 -143.882546654456873577420522728
-5.39999999999999913402604079238 -142.582521033417386576747754238
-5.34999999999999913125048323082 -141.28249357245231517659700144
-5.29999999999999912847492566925 -139.98246413935283072113910081
-5.24999999999999912569936810769 -138.682432592398545156284781615
-5.19999999999999912292381054613 -137.382398779671486835236737569
-5.14999999999999912014825298456 -136.082362538320339241790854199
-5.099999999999999117372695423 -134.78232369377129840835277119
-5.04999999999999911459713786144 -133.482282058881632121380327171
-4.99999999999999911182158029987 -132.182237433031730083022515917
-4.94999999999999910904602273831 -130.88218960115111725839202866
-4.89999999999999910627046517675 -129.582138332673560741914918531
-4.84999999999999910349490761519 -128.282083380416031499001002076
-4.79999999999999910071935005362 -126.982024479375883953141651876
-4.74999999999999909794379249206 -125.681961345440186040166069832
-4.6999999999999990951682349305 -124.381893674000667236684724569
-4.64999999999999909239267736893 -123.081821138467249105400178066
-4.59999999999999908961711980737 -121.781743388672578691287266632
-4.54999999999999908684156224581 -120.481660049159395907233272344
-4.49999999999999908406600468425 -119.18157071734192773426974013
-4.44999999999999908129044712268 -117.881474961531810063053823161
-4.39999999999999907851488956112 -116.5813723188182872640318021
-4.34999999999999907573933199956 -115.281262292791624488782409537
-4.29999999999999907296377443799 -113.981144351097782051310130718
-4.24999999999999907018821687643 -112.681017922811438095679585871
-4.19999999999999906741265931487 -111.380882395613397418799753699
-4.14999999999999906463710175331 -110.080737112757282188188472449
-4.09999999999999906186154419174 -108.780581369809154770290095153
-4.04999999999999905908598663018 -107.480414411142363218234774889
-3.99999999999999905631042906862 -106.180235426168414112463305285
-3.94999999999999905353487150705 -104.880043545283051878186866222
-3.89999999999999905075931394549 -103.579837835504943208844848042
-3.84999999999999904798375638393 -102.279617295782412667472341933
-3.79999999999999904520819882237 -100.979380851941531578015532344
-3.7499999999999990424326412608 -99.6791273512465050912657982961
-3.69999999999999903965708369924 -98.3788555565407070520741064759
-3.64999999999999903688152613768 -97.0785641399338509097310302066
-3.59999999999999903410596857611 -95.7782516759976254660194995795
-3.54999999999999903133041101455 -94.4779166344286303781388932518
-3.49999999999999902855485345299 -93.177557372133576535224132361
-3.44999999999999902577929589143 -91.8771721246874232806688494889
-3.39999999999999902300373832986 -90.5767589971103536418943827722
-3.3499999999999990202281807683 -89.2763159539041779270920604167
-3.29999999999999901745262320674 -87.9758408082828335919536853594
-3.24999999999999901467706564517 -86.6753312105250326052716553849
-3.19999999999999901190150808361 -85.3747846353697013326903316068
-3.14999999999999900912595052205 -84.0741983683665519382887526077
-3.09999999999999900635039296048 -82.7735694910847906214182062057
-3.04999999999999900357483539892 -81.4728948650724581021063261636
-2.99999999999999900079927783736 -80.1721711144470386335154025572
-2.9499999999999989980237202758 -78.8713946069845635053841632261
-2.89999999999999899524816271423 -77.5705614335592372168897009772
-2.84999999999999899247260515267 -76.2696673857683520904591267899
-2.79999999999999898969704759111 -74.9687079315576041743449520471
-2.74999999999999898692149002954 -73.6676781886394956301726083337
-2.69999999999999898414593246798 -72.3665728954718522425126201145
-2.64999999999999898137037490642 -71.0653863795340608379581263781
-2.59999999999999897859481734486 -69.7641125226048002275167476124
-2.54999999999999897581925978329 -68.4627447227060376424726478948
-2.49999999999999897304370222173 -67.1612758523329777669409032677
-2.44999999999999897026814466017 -65.8596982125373881853112411341
-2.3999999999999989674925870986 -64.5580034823709648733076846696
-2.34999999999999896471702953704 -63.256182663124551458463071235
-2.29999999999999896194147197548 -61.9542260167161552068383737388
-2.24999999999999895916591441392 -60.6521229974834608891372594594
-2.19999999999999895639035685235 -59.3498621765220595333654197009
-2.14999999999999895361479929079 -58.0474311575753602404356490774
-2.09999999999999895083924172923 -56.7448164833218003001416690778
-2.04999999999999894806368416766 -55.4420035307141419318402866615
-1.9999999999999989452881266061 -54.1389763937976671318807733591
-1.94999999999999894251256904454 -52.8357177521606151603696597141
-1.89999999999999893973701148298 -51.5322087228407776808406460297
-1.84999999999999893696145392141 -50.2284286931135542052246457548
-1.79999999999999893418589635985 -48.9243551311021925022345772255
-1.74999999999999893141033879829 -47.6199633705589639952312682404
-1.69999999999999892863478123672 -46.3152263654391165130207827982
-1.64999999999999892585922367516 -45.0101144089919938029631215627
-1.5999999999999989230836661136 -43.704594810979339116528038223
-1.54999999999999892030810855204 -42.3986315252386822971102164319
-1.49999999999999891753255099047 -41.0921847180594488566890746226
-1.44999999999999891475699342891 -39.7852102656238953574303369667
-1.39999999999999891198143586735 -38.4776591659401825100220265
-1.34999999999999890920587830578 -37.1694768470655484127623627233
-1.29999999999999890643032074422 -35.860602348716153111471939434
-1.24999999999999890365476318266 -34.5509673482165490166910306037
-1.1999999999999989008792056211 -33.2404949936378596629792921695
-1.14999999999999889810364805953 -31.9290984961760156186802615571
-1.09999999999999889532809049797 -30.6166794192775311654442989876
-1.04999999999999889255253293641 -29.3031255821999990087616139293
1 -27.988308468338820970194295409
1.10000000000000000555111512313 -25.5252696933774901878898355111
1.20000000000000001110223024625 -23.3577546752777537534937980512
1.30000000000000001665334536938 -21.4360969600468558900665163299
1.4000000000000000222044604925 -19.7217289854282029363773062864
1.50000000000000002775557561563 -18.184112696531219120730846106
1.60000000000000003330669073875 -16.7986630887398620882967277509
1.70000000000000003885780586188 -15.5453025639302196447360675285
1.80000000000000004440892098501 -14.4074292556069511902877328134
1.90000000000000004996003610813 -13.371164742873489138461128167
2.00000000000000005551115123126 -12.4247949989457491494942613951
2.10000000000000006106226635438 -11.5583479032021272652729029524
2.20000000000000006661338147751 -10.7632691354002216953220745965
2.30000000000000007216449660064 -10.0321701740297445246108417469
2.40000000000000007771561172376 -9.35862996534370585564082795886
2.50000000000000008326672684689 -8.73703710888995284757236189132
2.60000000000000008881784197001 -8.16246302567108706777237919789
2.70000000000000009436895709314 -7.63055909978701661092193560558
2.80000000000000009992007221626 -7.13747257162461114599131802036
2.90000000000000010547118733939 -6.67977724274183259941268132315
3.00000000000000011102230246252 -6.2544159834748267444124123478
3.10000000000000011657341758564 -5.85865271796243947155577665686
3.20000000000000012212453270877 -5.49003206927535435316072008995
3.30000000000000012767564783189 -5.14634522962063195785826431167
3.40000000000000013322676295502 -4.82560091240451427563689265753
3.50000000000000013877787807814 -4.52600046920731782895838273983
3.60000000000000014432899320127 -4.24591643302925174407285869806
3.7000000000000001498801083244 -3.98387389178829889971970519364
3.80000000000000015543122344752 -3.73853421149021314815751231875
3.90000000000000016098233857065 -3.5086807225972756458921843446
4.00000000000000016653345369377 -3.29320605995941891257335583908
4.1000000000000001720845688169 -3.0911009091504950827934673296
4.20000000000000017763568394003 -2.90144396238600686878968642931
4.30000000000000018318679906315 -2.72339292719620889447227512003
4.40000000000000018873791418628 -2.55617646227315885019720138258
4.5000000000000001942890293094 -2.39908693884586379582452896313
4.60000000000000019984014443253 -2.25147394389813546383842041604
4.70000000000000020539125955565 -2.11273845475038414987050758152
4.80000000000000021094237467878 -1.9823276240717853271358863113
4.90000000000000021649348980191 -1.85973012122033631840232801847
5.00000000000000022204460492503 -1.74447198071775373270675728844
5.10000000000000022759572004816 -1.63611291229116152367849854142
5.20000000000000023314683517128 -1.53424302974442377143081259194
5.30000000000000023869795029441 -1.43847995831741779628775404948
5.40000000000000024424906541753 -1.34846628239779634719215668317
5.50000000000000024980018054066 -1.26386729762179235218988967194
5.60000000000000025535129566379 -1.1843690336226474613759846723
5.70000000000000026090241078691 -1.10967651598978435915931684778
5.80000000000000026645352591004 -1.03951223838586807194353085112
5.90000000000000027200464103316 1.02687673944779765253401317701
6.00000000000000027755575615629 1.09401586685760709818278344926
6.10000000000000028310687127941 1.16289129562982186600778189748
6.20000000000000028865798640254 1.23343542082436512917465803228
6.30000000000000029420910152567 1.30558062125296425771680365189
6.40000000000000029976021664879 1.37925959764428338116580150797
6.50000000000000030531133177192 1.45440567648044840520550748644
6.60000000000000031086244689504 1.53095308006152815672746860898
6.70000000000000031641356201817 1.60883716370514471917132144754
6.8000000000000003219646771413 1.68799462129622988712318851689
6.90000000000000032751579226442 1.76836366066128923862761122194
7.00000000000000033306690738755 1.84988415044978711129541287682
7.10000000000000033861802251067 1.93249774036244595526832262393
7.2000000000000003441691376338 2.01614795667444146539182155566
7.30000000000000034972025275692 2.1007802750642688366802884941
7.40000000000000035527136788005 2.18634217278108173702543578968
7.50000000000000036082248300318 2.27278316216979351815549913486
7.6000000000000003663735981263 2.36005480752966072669220968919
7.70000000000000037192471324943 2.44811072721389684138571382112
7.80000000000000037747582837255 2.53690658279030917774427260065
7.90000000000000038302694349568 2.62640005698085199448913115665
8.0000000000000003885780586188 2.71655082198570567444818128989
8.10000000000000039412917374193 2.80732049967885974518489033291
8.20000000000000039968028886506 2.89867261504048648581095360271
8.30000000000000040523140398818 2.99057254406939664496847187476
8.40000000000000041078251911131 3.08298745729881629468779077595
8.50000000000000041633363423443 3.17588625992239319089450659513
8.60000000000000042188474935756 3.26923952942609095597289735898
8.70000000000000042743586448069 3.36301945151644924373606499605
8.80000000000000043298697960381 3.45719975503724907355561765046
8.90000000000000043853809472694 3.5517556464753277579575713969
9.00000000000000044408920985006 3.64666374457231869959840044641
9.10000000000000044964032497319 3.741902015482450124737852077
9.20000000000000045519144009631 3.8374497088470847756319147991
9.30000000000000046074255521944 3.9332872950941730601797724439
9.40000000000000046629367034257 4.02939640421489920010865118865
9.50000000000000047184478546569 4.12575976622014238140988497521
9.60000000000000047739590058882 4.22236115343553646470391854973
9.70000000000000048294701571194 4.31918532475545726150804857742
9.80000000000000048849813083507 4.41621797194275469326844776892
9.90000000000000049404924595819 4.51344566803204164269896717623
10.0000000000000004996003610813 4.61085581786942739864389484864
10.1000000000000005051514762044 4.70843661080033449330341430779
10.2000000000000005107025913276 4.80617697549907841608548166625
10.3000000000000005162537064507 4.90406653691885950795103351719
10.4000000000000005218048215738 5.00209557532838047162159832506
10.5000000000000005273559366969 5.10025498739115296503533453596
10.6000000000000005329070518201 5.19853624923541057025758161146
10.7000000000000005384581669432 5.2969313814561466180825905503
10.8000000000000005440092820663 5.39543291598591214411132901584
10.9000000000000005495603971895 5.49403386476743330476245217351
11.0000000000000005551115123126 5.59272769015865250562713537037
11.1000000000000005606626274357 5.6915082769992973289574922068
11.2000000000000005662137425588 5.79036990626738897495946601617
11.300000000000000571764857682 5.88930723025408750134661297219
11.4000000000000005773159728051 5.9883152491858205277273183335
11.5000000000000005828670879282 6.08738928922365537410049171693
11.6000000000000005884182030513 6.18652498177126476350487038012
11.7000000000000005939693181745 6.28571824402452768204310563727
11.8000000000000005995204332976 6.38496526069773447620184041295
11.9000000000000006050715484207 6.48426246686347264022649198018
12.0000000000000006106226635438 6.5836065318455089687101419815
12.100000000000000616173778667 6.68299434410631393748757222913
12.2000000000000006217248937901 6.78242299707326073842288282304
12.3000000000000006272760089132 6.88188977584994525756806742971
12.4000000000000006328271240363 6.98139214476149019977205730506
12.5000000000000006383782391595 7.08092773568509647307650831217
12.6000000000000006439293542826 7.18049433711947144355660996393
12.7000000000000006494804694057 7.28008988394908349644203818074
12.8000000000000006550315845288 7.37971244786145494700367322988
12.900000000000000660582699652 7.47936022837790251796267899514
13.0000000000000006661338147751 7.57903154446026011168388716667
13.1000000000000006716849298982 7.67872482665816791972553598539
13.2000000000000006772360450213 7.77843860976348192564538716495
13.3000000000000006827871601445 7.87817152594024667003682922765
13.4000000000000006883382752676 7.97792229830048086721559485598
13.5000000000000006938893903907 8.0776897348977500338819682826
13.6000000000000006994405055138 8.17747272311214334168225690839
13.700000000000000704991620637 8.27727022440183462738540228046
13.8000000000000007105427357601 8.37708126939789152519828804325
13.9000000000000007160938508832 8.4769049533204040195328492766
14.0000000000000007216449660064 8.57674043169533662203561707416
14.1000000000000007271960811295 8.67658691635276932904805594369
14.2000000000000007327471962526 8.77644367168838413862976092346
14.3000000000000007382983113757 8.87631001117117892348306109557
14.4000000000000007438494264989 8.97618529408145165031091419287
14.500000000000000749400541622 9.07606892246409811523967378877
14.6000000000000007549516567451 9.17596033828320833402093788975
14.7000000000000007605027718682 9.27585902076483326409782893996
14.8000000000000007660538869914 9.37576448391562737825659803621
14.9000000000000007716050021145 9.47567627420585643231115099651
15.0000000000000007771561172376 9.57559396840599617713382825076
15.1000000000000007827072323607 9.67551717156683928370091571838
15.2000000000000007882583474839 9.77544551513367681769562544128
15.300000000000000793809462607 9.87537865518572956562535098023
15.4000000000000007993605777301 9.97531627079257563131001325416
15.5000000000000008049116928532 10.0752580624798561481436555275
15.6000000000000008104628079764 10.1752037507970427505036634603
15.7000000000000008160139230995 10.2751530749805205828151458948
15.8000000000000008215650382226 10.3751057917056809678393384613
15.9000000000000008271161533457 10.475061673922130184229215046
16.0000000000000008326672684689 10.5750205097665068036486362031
16.100000000000000838218383592 10.6749821015477613075663131205
16.2000000000000008437694987151 10.7749462648000897552317770555
16.3000000000000008493206138382 10.874912827399029536598725681
16.4000000000000008548717289614 10.9748816287365210667942419241
16.5000000000000008604228440845 11.0748525189510159355436630931
16.6000000000000008659739592076 11.1748253582089707161489740592
16.7000000000000008715250743307 11.2748000160343074948917138607
16.8000000000000008770761894539 11.3747763706826482674007323357
16.900000000000000882627304577 11.4747543085573416647535407639
17.0000000000000008881784197001 11.574733723664497960066327442
17.1000000000000008937295348233 11.6747145171044328504118301513
17.2000000000000008992806499464 11.7746965965970929395808710297
17.3000000000000009048317650695 11.87467987603919694403582349
17.4000000000000009103828801926 11.9746642750909771388321567864
17.5000000000000009159339953158 12.0746497187905461383202646021
17.6000000000000009214851104389 12.1746361371940454112539734246
17.700000000000000927036225562 12.2746234650398545643213855588
17.8000000000000009325873406851 12.3746116414352549568577646457
17.9000000000000009381384558083 12.4746006095640481616043209271
18.0000000000000009436895709314 12.5745903164137296572035045424
18.1000000000000009492406860545 12.6745807125209113914133637958
18.2000000000000009547918011776 12.7745717517337739238204204234
18.3000000000000009603429163008 12.8745633909904101492837702619
18.4000000000000009658940314239 12.974555590111998498431325211
18.500000000000000971445146547 13.0745483116098143646782745622
18.6000000000000009769962616701 13.1745415205051546508502016911
18.7000000000000009825473767933 13.2745351841613120733886545041
18.8000000000000009880984919164 13.3745292721267934988904892828
18.9000000000000009936496070395 13.4745237559890303880326375196
19.0000000000000009992007221626 13.5745186092378796396656269473
19.1000000000000010047518372858 13.6745138071382600003131068469
19.2000000000000010103029524089 13.7745093266113129532302258956
19.300000000000001015854067532 13.8745051461235178337365710979
19.4000000000000010214051826551 13.9745012455832290273176660108
19.5000000000000010269562977783 14.0744976062441386748121636742
19.6000000000000010325074129014 14.1744942106152015037846447877
19.7000000000000010380585280245 14.2744910423765893846991816827
19.8000000000000010436096431476 14.374488086301272122111626388
19.9000000000000010491607582708 14.4744853281818479724047656575
20.0000000000000010547118733939 14.574482754762272559112224929
20.100000000000001060262988517 14.6744803536741583546179458308
20.2000000000000010658141036402 14.7744781133773388250305092982
20.3000000000000010713652187633 14.8744760231044117979379727179
20.4000000000000010769163338864 14.9744740728089957082298105848
20.5000000000000010824674490095 15.0744722531174501964232482174
20.6000000000000010880185641327 15.1744705552838291620887404859
20.7000000000000010935696792558 15.2744689711478498915116748581
20.8000000000000010991207943789 15.3744674930956763578472532048
20.900000000000001104671909502 15.4744661140233283029793553182
21.0000000000000011102230246252 15.5744648273025403177285766486
