601
-21 -569.209870577929881748479183042
-20.9499999999999999972244424384 -567.859870577929870524716171927
-20.8999999999999999944488848769 -566.509870577929858500763533988
-20.8499999999999999916733273153 -565.15987057792984561918888902
-20.7999999999999999888977697537 -563.809870577929831818437736034
-20.7499999999999999861222121922 -562.459870577929817032537594364
-20.6999999999999999833466546306 -561.109870577929801190780909981
-20.6499999999999999805710970691 -559.759870577929784217385202873
-20.5999999999999999777955395075 -558.409870577929766031128822035
-20.5499999999999999750199819459 -557.059870577929746544960557341
-20.4999999999999999722444243844 -555.709870577929725665581231895
-20.4499999999999999694688668228 -554.359870577929703292995263823
-20.3999999999999999666933092612 -553.009870577929679320030042099
-20.3499999999999999639177516997 -551.659870577929653631820806321
-20.2999999999999999611421941381 -550.309870577929626105258554501
-20.2499999999999999583666365766 -548.959870577929596608398325317
-20.199999999999999955591079015 -547.609870577929564999825010703
-20.1499999999999999528155214534 -546.259870577929531127973650636
-20.0999999999999999500399638919 -544.909870577929494830400943111
-20.0499999999999999472644063303 -543.55987057792945593300446787
-19.9999999999999999444888487687 -542.209870577929414249185871124
-19.9499999999999999417132912072 -540.85987057792936957895398912
-19.8999999999999999389377336456 -539.509870577929321707963599813
-19.8499999999999999361621760841 -538.15987057792927040648518239
-19.7999999999999999333866185225 -536.809870577929215428300732884
-19.7499999999999999306110609609 -535.459870577929156509520328642
-19.6999999999999999278355033994 -534.109870577929093367313753537
-19.6499999999999999250599458378 -532.759870577929025698551087519
-19.5999999999999999222843882762 -531.409870577928953178345726578
-19.5499999999999999195088307147 -530.059870577928875458492830199
-19.4999999999999999167332731531 -528.709870577928792165795690798
-19.4499999999999999139577155916 -527.359870577928702900271980873
-19.39999999999999991118215803 -526.009870577928607233231256329
-19.3499999999999999084066004684 -524.65987057792850470521447554
-19.2999999999999999056310429069 -523.309870577928394823785630569
-19.2499999999999999028554853453 -521.959870577928277061164876109
-19.1999999999999999000799277837 -520.609870577928150851691779902
-19.1499999999999998973043702222 -519.259870577928015589106501844
-19.0999999999999998945288126606 -517.909870577927870623635833912
-19.049999999999999891753255099 -516.559870577927715258870095076
-18.9999999999999998889776975375 -515.209870577927548748415870156
-18.9499999999999998862021399759 -513.85987057792737029230850415
-18.8999999999999998834265824144 -512.509870577927179033167108857
-18.8499999999999998806510248528 -511.15987057792697405207360102
-18.7999999999999998778754672912 -509.809870577926754364155964753
-18.7499999999999998750999097297 -508.45987057792651891385450944
-18.6999999999999998723243521681 -507.10987057792626656984837055
-18.6499999999999998695487946065 -505.759870577925996119617867863
-18.599999999999999866773237045 -504.409870577925706263616585316
-18.5499999999999998639976794834 -503.059870577925395609025160837
-18.4999999999999998612221219219 -501.709870577925062663056764045
-18.4499999999999998584465643603 -500.359870577924705825782084917
-18.3999999999999998556710067987 -499.009870577924323382439347025
-18.3499999999999998528954492372 -497.659870577923913495192383825
-18.2999999999999998501198916756 -496.309870577923474194297163518
-18.249999999999999847344334114 -494.959870577923003368634304827
-18.1999999999999998445687765525 -493.609870577922498755562078651
-18.1499999999999998417932189909 -492.259870577921957930041124501
-18.0999999999999998390176614294 -490.909870577921378292978610196
-18.0499999999999998362421038678 -489.559870577920757058735811523
-17.9999999999999998334665463062 -488.209870577920091241739067652
-17.9499999999999998306909887447 -486.859870577919377642129758442
-17.8999999999999998279154311831 -485.509870577918612830384330947
-17.8499999999999998251398736215 -484.15987057791779313083045196
-17.79999999999999982236431606 -482.809870577916914603980057756
-17.7499999999999998195887584984 -481.459870577915973027594385633
-17.6999999999999998168132009368 -480.109870577914963876389977213
-17.6499999999999998140376433753 -478.759870577913882300288111327
-17.5999999999999998112620858137 -477.409870577912723101103123381
-17.5499999999999998084865282522 -476.059870577911480707557564695
-17.4999999999999998057109706906 -474.709870577910149148504113305
-17.449999999999999802935413129 -473.35987057790872202422552859
-17.3999999999999998001598555675 -472.009870577907192475674704263
-17.3499999999999997973842980059 -470.659870577905553151506973459
-17.2999999999999997946087404443 -469.309870577903796172746208205
-17.2499999999999997918331828828 -467.959870577901913094914882503
-17.1999999999999997890576253212 -466.609870577899894867446078911
-17.1499999999999997862820677597 -465.259870577897731790182354302
-17.0999999999999997835065101981 -463.909870577895413466752378588
-17.0499999999999997807309526365 -462.559870577892928754601253363
-16.999999999999999777955395075 -461.20987057789026571143433351
-16.9499999999999997751798375134 -459.859870577887411537817136413
-16.8999999999999997724042799518 -458.509870577884352515655447924
-16.8499999999999997696287223903 -457.159870577881073942259932506
-16.7999999999999997668531648287 -455.809870577877560059678332132
-16.7499999999999997640776072672 -454.459870577873793978955592418
-16.6999999999999997613020497056 -453.10987057786975759895787574
-16.649999999999999758526492144 -451.759870577865431519370292693
-16.5999999999999997557509345825 -450.409870577860794947450179478
-16.5499999999999997529753770209 -449.059870577855825598087735136
-16.4999999999999997501998194593 -447.709870577850499586693664648
-16.4499999999999997474242618978 -446.359870577844791314398997303
-16.3999999999999997446487043362 -445.009870577838673345015298504
-16.3499999999999997418731467747 -443.659870577832116273163889935
-16.2999999999999997390975892131 -442.309870577825088582940247234
-16.2499999999999997363220316515 -440.959870577817556496434252083
-16.19999999999999973354647409 -439.609870577809483811378218263
-16.1499999999999997307709165284 -438.259870577800831727142354362
-16.0999999999999997279953589668 -436.909870577791558658241318309
-16.0499999999999997252198014053 -435.559870577781620034455491557
-15.9999999999999997224442438437 -434.209870577770968086606264972
-15.9499999999999997196686862821 -432.859870577759551616955675191
-15.8999999999999997168931287206 -431.509870577747315753126827818
-15.849999999999999714117571159 -430.159870577734201684362337271
-15.7999999999999997113420135975 -428.809870577720146378853121575
-15.7499999999999997085664560359 -427.459870577705082280778905892
-15.6999999999999997057908984743 -426.109870577688936985604273907
-15.6499999999999997030153409128 -424.759870577671632892069592391
-15.5999999999999997002397833512 -423.409870577653086829204119307
-15.5499999999999996974642257896 -422.059870577633209656568551052
-15.4999999999999996946886682281 -420.709870577611905835805592958
-15.4499999999999996919131106665 -419.359870577589072971439230543
-15.399999999999999689137553105 -418.009870577564601318715574209
-15.3499999999999996863619955434 -416.659870577538373256119736999
-15.2999999999999996835864379818 -415.309870577510262720033421939
-15.2499999999999996808108804203 -413.959870577480134598815926565
-15.1999999999999996780353228587 -412.609870577447844083396242729
-15.1499999999999996752597652971 -411.259870577413235971254902362
-15.0999999999999996724842077356 -409.909870577376143920450189795
-15.049999999999999669708650174 -408.559870577336389650103231788
-14.9999999999999996669330926125 -407.209870577293782083499133424
-14.9499999999999996641575350509 -405.859870577248116429685514703
-14.8999999999999996613819774893 -404.509870577199173199154193202
-14.8499999999999996586064199278 -403.15987057714671714887493182
-14.7999999999999996558308623662 -401.809870577090496151610604551
-14.7499999999999996530553048046 -400.459870577030239984079195285
-14.6999999999999996502797472431 -399.109870576965659028137985669
-14.6499999999999996475041896815 -397.759870576896442878747233106
-14.5999999999999996447286321199 -396.409870576822258852022579891
-14.5499999999999996419530745584 -395.059870576742750386205215415
-14.4999999999999996391775169968 -393.709870576657535327864127491
-14.4499999999999996364019594353 -392.359870576566204095093151998
-14.3999999999999996336264018737 -391.009870576468317708874311181
-14.3499999999999996308508443121 -389.659870576363405683145278093
-14.2999999999999996280752867506 -388.309870576250963763429672472
-14.249999999999999625299729189 -386.959870576130451503161017387
-14.1999999999999996225241716274 -385.609870576001289666051067891
-14.1499999999999996197486140659 -384.259870575862857442017112976
-14.0999999999999996169730565043 -382.909870575714489463286731734
-14.0499999999999996141974989428 -381.559870575555472606338046459
-13.9999999999999996114219413812 -380.209870575385042564304143344
-13.9499999999999996086463838196 -378.859870575202380173367077673
-13.8999999999999996058708262581 -377.5098705750066074754844423
-13.8499999999999996030952686965 -376.159870574796783498524172343
-13.7999999999999996003197111349 -374.809870574571899733524994291
-13.7499999999999995975441535734 -373.459870574330875287344175429
-13.6999999999999995947685960118 -372.109870574072551687393992908
-13.6499999999999995919930384503 -370.75987057379568731349612144
-13.5999999999999995892174808887 -369.409870573498951430090897235
-13.5499999999999995864419233271 -368.059870573180917790117538906
-13.4999999999999995836663657656 -366.70987057284005777982266113
-13.449999999999999580890808204 -365.359870572474733071547908572
-13.3999999999999995781152506424 -364.009870572083187749182660385
-13.3499999999999995753396930809 -362.659870571663539868433142865
-13.2999999999999995725641355193 -361.309870571213772411342757039
-13.2499999999999995697885779578 -359.959870570731723591586922064
-13.1999999999999995670130203962 -358.609870570215076463945260422
-13.1499999999999995642374628346 -357.259870569661347788009508436
-13.0999999999999995614619052731 -355.909870569067876092601050642
-13.0499999999999995586863477115 -354.559870568431808883530220367
-12.9999999999999995559107901499 -353.20987056775008893321201613
-12.9499999999999995531352325884 -351.859870567019439586239863632
-12.8999999999999995503596750268 -350.509870566236349010289294965
-12.8499999999999995475841174652 -349.159870565397053316654186954
-12.7999999999999995448085599037 -347.809870564497518469285133857
-12.7499999999999995420330023421 -346.459870563533420895376512312
-12.6999999999999995392574447806 -345.109870562500126704307840015
-12.649999999999999536481887219 -343.759870561392669415056137197
-12.5999999999999995337063296574 -342.409870560205726085027021377
-12.5499999999999995309307720959 -341.059870558933591725568743606
-12.4999999999999995281552145343 -339.709870557570151881198377575
-12.4499999999999995253796569727 -338.359870556108853240743320136
-12.3999999999999995226040994112 -337.009870554542672139141730631
-12.3499999999999995198285418496 -335.659870552864080798507059588
-12.2999999999999995170529842881 -334.309870551065011146195664304
-12.2499999999999995142774267265 -332.959870549136816035970451325
-12.1999999999999995115018691649 -331.609870547070227685871546933
-12.1499999999999995087263116034 -330.259870544855313133027181859
-12.0999999999999995059507540418 -328.909870542481426491299984861
-12.0499999999999995031751964802 -327.559870539937157782296795553
-11.9999999999999995003996389187 -326.209870537210278093800067793
-11.9499999999999994976240813571 -324.859870534287680802026776976
-11.8999999999999994948485237956 -323.509870531155318575201622243
-11.849999999999999492072966234 -322.159870527798135855654291965
-11.7999999999999994892974086724 -320.809870524199996495918175611
-11.7499999999999994865218511109 -319.45987052034360620101569905
-11.6999999999999994837462935493 -318.109870516210429404151478008
-11.6499999999999994809707359877 -316.759870511780600176278734585
-11.5999999999999994781951784262 -315.409870507032826741328300587
-11.5499999999999994754196208646 -314.059870501944289138155204589
-11.4999999999999994726440633031 -312.709870496490529537317579344
-11.4499999999999994698685057415 -311.359870490645334685498101349
-11.3999999999999994670929481799 -310.009870484380609912539689376
-11.3499999999999994643173906184 -308.659870477666244095512867812
-11.2999999999999994615418330568 -307.309870470469964930767113112
-11.2499999999999994587662754952 -305.959870462757183818333725659
-11.1999999999999994559907179337 -304.609870454490829613119386531
-11.1499999999999994532151603721 -303.259870445631170443817578736
-11.0999999999999994504396028105 -301.90987043613562274311225849
-11.049999999999999447664045249 -300.559870425958546571278874666
-10.9999999999999994448884876874 -299.209870415051026249406585991
-10.9499999999999994421129301259 -297.859870403360635247855639695
-10.8999999999999994393373725643 -296.509870390831184199885944775
-10.8499999999999994365618150027 -295.159870377402450829283127604
-10.7999999999999994337862574412 -293.809870363009890493876915187
-10.7499999999999994310106998796 -292.459870347584325953675683211
-10.699999999999999428235142318 -291.109870331051614872482568132
-10.6499999999999994254595847565 -289.759870313332293454832661406
-10.5999999999999994226840271949 -288.409870294341194505383009178
-10.5499999999999994199084696334 -287.059870273987038074946030911
-10.4999999999999994171329120718 -285.70987025217199272559156133
-10.4499999999999994143573545102 -284.359870228791205306019603391
-10.3999999999999994115817969487 -283.009870203732296977046176574
-10.3499999999999994088062393871 -281.659870176874823064820740268
-10.2999999999999994060306818255 -280.309870148089694145525717068
-10.249999999999999403255124264 -278.959870117238555578960800737
-10.1999999999999994004795667024 -277.609870084173122508691167734
-10.1499999999999993977040091409 -276.259870048734467132379264278
-10.0999999999999993949284515793 -274.909870010752254816495423978
-10.0499999999999993921528940177 -273.559869970043925383710211236
-9.99999999999999938937733645616 -272.209869926413815637728919645
-9.9499999999999993866017788946 -270.859869879652218907869041317
-9.89999999999999938382622133304 -269.509869829534377092946746786
-9.84999999999999938105066377148 -268.159869775819400359572951095
-9.79999999999999937827510620991 -266.809869718249109302203351598
-9.74999999999999937549954864835 -265.459869656546793999567846907
-9.69999999999999937272399108679 -264.109869590415884002630854747
-9.64999999999999936994843352522 -262.759869519538522861084413311
-9.59999999999999936717287596366 -261.409869443574040336491806692
-9.5499999999999993643973184021 -260.059869362157314958374174376
-9.49999999999999936162176084053 -258.709869274897019052401040602
-9.44999999999999935884620327897 -257.359869181373737804872952123
-9.39999999999999935607064571741 -256.00986908113795332215338107
-9.34999999999999935329508815585 -254.659868973707883994705500288
-9.29999999999999935051953059428 -253.309868858567168779795935487
-9.24999999999999934774397303272 -251.95986873516238527139646038
-9.19999999999999934496841547116 -250.609868602900389626759774622
-9.14999999999999934219285790959 -249.259868461145465562723277578
-9.09999999999999933941730034803 -247.909868309216268716885217556
-9.04999999999999933664174278647 -246.559868146382551684984786295
-8.99999999999999933386618522491 -245.209867971861653991368304153
-8.94999999999999933109062766334 -243.859867784814740119264056209
-8.89999999999999932831507010178 -242.509867584342767516280348819
-8.84999999999999932553951254022 -241.159867369482165192255759822
-8.79999999999999932276395497865 -239.809867139200202135079042939
-8.74999999999999931998839741709 -238.459866892390023278661107853
-8.69999999999999931721283985553 -237.109866627865329158703649731
-8.64999999999999931443728229397 -235.759866344354673678572677545
-8.5999999999999993116617247324 -234.409866040495352571201108083
-8.54999999999999930888616717084 -233.059865714826853174669934227
-8.49999999999999930611060960928 -231.709865365783834029473070872
-8.44999999999999930333505204771 -230.359864991688600544295382951
-8.39999999999999930055949448615 -229.009864590743040553533630052
-8.34999999999999929778393692459 -227.659864161019980992088779675
-8.29999999999999929500837936303 -226.309863700453924128636967371
-8.24999999999999929223282180146 -224.959863206831118814225102586
-8.1999999999999992894572642399 -223.609862677778919004248458444
-8.14999999999999928668170667834 -222.259862110754378383227224044
-8.09999999999999928390614911677 -220.909861503032026246770489149
-8.04999999999999928113059155521 -219.559860851690765855970315132
-7.99999999999999927835503399365 -218.209860153599832257197084021
-7.94999999999999927557947643209 -216.859859405403742034489882685
-7.89999999999999927280391887052 -215.509858603506162610600340003
-7.84999999999999927002836130896 -214.159857744052623512824617611
-7.7999999999999992672528037474 -212.809856822911986445922336211
-7.74999999999999926447724618583 -211.459855835656585039732652766
-7.69999999999999926170168862427 -210.109854777540938734667041314
-7.64999999999999925892613106271 -208.759853643478938403104944386
-7.59999999999999925615057350115 -207.409852428019393945617825122
-7.54999999999999925337501593958 -206.05985112531982621226675719
-7.49999999999999925059945837802 -204.709849729118377142741757193
-7.44999999999999924782390081646 -203.359848232703702953847057815
-7.39999999999999924504834325489 -202.009846628882705484817487894
-7.34999999999999924227278569333 -200.659844909945946393012732813
-7.29999999999999923949722813177 -199.309843067630577724082310082
-7.2499999999999992367216705702 -197.95984109308061040744330722
-7.19999999999999923394611300864 -196.609838976804329391626388939
-7.14999999999999923117055544708 -195.259836708628650372233555944
-7.09999999999999922839499788552 -193.90983427765019831085742533
-7.04999999999999922561944032395 -192.559831672182872124373860014
-6.99999999999999922284388276239 -191.20982887970164296330265135
-6.94999999999999922006832520083 -189.859825886782315312532879714
-6.89999999999999921729276763926 -188.50982267903696064863683006
-6.8499999999999992145172100777 -187.159819241044712479704910016
-6.79999999999999921174165251614 -185.809815556277589173535177858
-6.74999999999999920896609495458 -184.459811607020986937937871647
-6.69999999999999920619053739301 -183.109807374288459534546559488
-6.64999999999999920341497983145 -181.759802837730373657765709671
-6.59999999999999920063942226989 -180.409797975535999256783544242
-6.54999999999999919786386470832 -179.059792764328562274217529438
-6.49999999999999919508830714676 -177.7097871790527531622546487
-6.4499999999999991923127495852 -176.35978119285414794660385595
-6.39999999999999918953719202364 -175.009774776949959357963502893
-6.34999999999999918676163446207 -173.659767900490493444058321256
-6.29999999999999918398607690051 -172.309760530410641901838154561
-6.24999999999999918121051933895 -170.959752631270691902380946283
-6.19999999999999917843496177738 -169.609744165085683176362857065
-6.14999999999999917565940421582 -168.259735091142486322948692007
-6.09999999999999917288384665426 -166.909725365803716416748675512
-6.0499999999999991701082890927 -165.559714942297531711404552341
-5.99999999999999916733273153113 -164.20970377049229824612826319
-5.94999999999999916455717396957 -162.859691796655027099283302593
-5.89999999999999916178161640801 -161.509678963192411519346663404
-5.84999999999999915900605884644 -160.159665208373205786772500962
-5.79999999999999915623050128488 -158.809650466030595976282005982
-5.74999999999999915345494372332 -157.459634665243114318449839189
-5.69999999999999915067938616176 -156.109617729992543084244400529
-5.64999999999999914790382860019 -154.759599578797140276721650048
-5.59999999999999914512827103863 -153.409580124318397305208125071
-5.54999999999999914235271347707 -152.059559272939407584337337906
-5.4999999999999991395771559155 -150.709536924312783934510428776
-5.44999999999999913680159835394 -149.359512970875910994073457854
-5.39999999999999913402604079238 -148.009487297331155754677648556
-5.34999999999999913125048323082 -146.659459780088483897427044206
-5.29999999999999912847492566925 -145.309430286667740858933266078
-5.24999999999999912569936810769 -143.959398675057653429204334547
-5.19999999999999912292381054613 -142.609364793028389020595978825
-5.14999999999999912014825298456 -141.259328477394274290205146117
-5.099999999999999117372695423 -139.909289553223021176426169083
-5.04999999999999911459713786144 -138.559247832987535129905042827
-4.99999999999999911182158029987 -137.209203115656085749785546519
-4.94999999999999910904602273831 -135.859155185716302397738381879
-4.89999999999999910627046517675 -134.50910381212811470856982384
-4.84999999999999910349490761519 -133.159048747200388117181538565
-4.79999999999999910071935005362 -131.808989725385605243484899708
-4.74999999999999909794379249206 -130.458926461986512659512986183
-4.6999999999999990951682349305 -129.108858651768186394839110816
-4.64999999999999909239267736893 -127.758785967468465425846613754
-4.59999999999999908961711980737 -126.40870805819915693742999746
-4.54999999999999908684156224581 -125.058624547729826589577485501
-4.49999999999999908406600468425 -123.708535032645347223097288457
-4.44999999999999908129044712268 -122.358439080367685818580280054
-4.39999999999999907851488956112 -121.00833622703165601028130999
-4.34999999999999907573933199956 -119.658225975203546430689089194
-4.29999999999999907296377443799 -118.308107791430647380728067232
-4.24999999999999907018821687643 -116.957981103608732844294251421
-4.19999999999999906741265931487 -115.607845298153503964336798
-4.14999999999999906463710175331 -114.257699716960855148463379701
-4.09999999999999906186154419174 -112.90754365413957534142405296
-4.04999999999999905908598663018 -111.557376352498733908935497426
-3.99999999999999905631042906862 -110.207196999770510937497168234
-3.94999999999999905353487150705 -108.857004724547601999367957956
-3.89999999999999905075931394549 -107.506798591912542299756875718
-3.84999999999999904798375638393 -106.156577598734337420853783199
-3.79999999999999904520819882237 -104.806340668605638199741525253
-3.7499999999999990424326412608 -103.456086646391333685585708566
-3.69999999999999903965708369924 -102.105814292356833767750580106
-3.64999999999999903688152613768 -100.755522275841443756991275853
-3.59999999999999903410596857611 -99.4052091684390648885624950744
-3.54999999999999903133041101455 -98.0548734366449509022532220649
-3.49999999999999902855485345299 -96.7045134339233698993431730419
-3.44999999999999902577929589143 -95.3541273921467149805046757067
-3.39999999999999902300373832986 -94.0037134123518222152881693276
-3.3499999999999990202281807683 -92.6532694547539277227159160287
-3.29999999999999901745262320674 -91.3027933279527551198518146887
-3.24999999999999901467706564517 -89.952282677258587441796853729
-3.19999999999999901190150808361 -88.6017349720587481652553900913
-3.14999999999999900912595052205 -87.2511474921365834716229125093
-3.09999999999999900635039296048 -85.9005173128456740042228077581
-3.04999999999999900357483539892 -84.5498412890314599515707726341
-2.99999999999999900079927783736 -83.199116037580564611480787751
-2.9499999999999989980237202758 -81.8483379184646458783034608101
-2.89999999999999899524816271423 -80.4975030141303550704495708789
-2.84999999999999899247260515267 -79.146607107069659855880903699
-2.79999999999999898969704759111 -77.7956456553850654490154825646
-2.74999999999999898692149002954 -76.4446137661417598662360593546
-2.69999999999999898414593246798 -75.0935061662729586635547042959
-2.64999999999999898137037490642 -73.7423171707751914586582394493
-2.59999999999999897859481734486 -72.3910406478963137379402567552
-2.54999999999999897581925978329 -71.0396699809798763291241452536
-2.49999999999999897304370222173 -69.6881980265842244929574145521
-2.44999999999999897026814466017 -68.3366170684422285039171502544
-2.3999999999999989674925870986 -66.9849187667665430682360425554
-2.34999999999999896471702953704 -65.6330941023341534416586847164
-2.29999999999999896194147197548 -64.2811333147007510099414934048
-2.24999999999999895916591441392 -62.9290258337978284801921039925
-2.19999999999999895639035685235 -61.5767602040504088356180476234
-2.14999999999999895361479929079 -60.2243240000174823476825496135
-2.09999999999999895083924172923 -58.8717037323961600877155804477
-2.04999999999999894806368416766 -57.5188847430388621107271937331
-1.9999999999999989452881266061 -56.1658510874038317475633760923
-1.94999999999999894251256904454 -54.8125854025845182032116998908
-1.89999999999999893973701148298 -53.4590687587323668834019438227
-1.84999999999999893696145392141 -52.1052804912870050460305587181
-1.79999999999999893418589635985 -50.7511980109408294844901924621
-1.74999999999999893141033879829 -49.3967965876700355813151469066
-1.69999999999999892863478123672 -48.0420491044334713937897645325
-1.64999999999999892585922367516 -46.6869257752385261889228938465
-1.5999999999999989230836661136 -45.3313938211529068377247905395
-1.54999999999999892030810855204 -43.9754170964414041042338659556
-1.49999999999999891753255099047 -42.6189556552466851316005432367
-1.44999999999999891475699342891 -41.2619652470049287974576543585
-1.39999999999999891198143586735 -39.9045198803185281104252946218
-1.34999999999999890920587830578 -38.546195356375074898039141559
-1.29999999999999890643032074422 -37.1872999907083351114997558762
-1.24999999999999890365476318266 -35.8276420910412898769646921331
-1.1999999999999989008792056211 -34.4671445568870675319365618246
-1.14999999999999889810364805953 -33.10572031084115508299987581
-1.09999999999999889532809049797 -31.743270579292617642706991614
-1.04999999999999889255253293641 -30.3796827853419833734931832605
1 -29.0148279435350432362592719707
1.10000000000000000555111512313 -26.4581908950629329852886912167
1.20000000000000001110223024625 -24.2084828029865608323748724373
1.30000000000000001665334536938 -22.2141212463385179429585665813
1.4000000000000000222044604925 -20.435050234776191427314485714
1.50000000000000002775557561563 -18.8395526655539312067294622723
1.60000000000000003330669073875 -17.4020939180458308267397468109
1.70000000000000003885780586188 -16.1018205397642672748908873526
1.80000000000000004440892098501 -14.9214888358199239938800285467
1.90000000000000004996003610813 -13.8466836028576316642939318311
2.00000000000000005551115123126 -12.8652375373108249024147885596
2.10000000000000006106226635438 -11.9667924653090364491610321374
2.20000000000000006661338147751 -11.1424627423869346441601640835
2.30000000000000007216449660064 -10.3845735322240350334116649364
2.40000000000000007771561172376 -9.68645481987157924393599466017
2.50000000000000008326672684689 -9.04227749738166572873459249746
2.60000000000000008881784197001 -8.44692161977448811457936090529
2.70000000000000009436895709314 -7.89586955199993235494184224028
2.80000000000000009992007221626 -7.38511858474993069995130354877
2.90000000000000010547118733939 -6.91110892979228196897971622985
3.00000000000000011102230246252 -6.47066397348403492297259315834
3.10000000000000011657341758564 -6.060940377967132168856162798
3.20000000000000012212453270877 -5.67938614731421087069602578743
3.30000000000000012767564783189 -5.32370517237026999429334320843
3.40000000000000013322676295502 -4.991827069884224901970659192
3.50000000000000013877787807814 -4.68188136483373868350179052074
3.60000000000000014432899320127 -4.3921752481510890332983884012
3.7000000000000001498801083244 -4.12117428840958835498626030769
3.80000000000000015543122344752 -3.86748559450546387592831685
3.90000000000000016098233857065 -3.62984302320830474652662877774
4.00000000000000016653345369377 -3.40709410493442471982690386879
4.1000000000000001720845688169 -3.19818842621306083883043750405
4.20000000000000017763568394003 -3.00216726025978919755571507857
4.30000000000000018318679906315 -2.81815427958183068288574156364
4.40000000000000018873791418628 -2.64534721810770924798995080381
4.5000000000000001942890293094 -2.48301037631984659472219450477
4.60000000000000019984014443253 -2.33046788254888769446142556183
4.70000000000000020539125955565 -2.18709763815716033902581331097
4.80000000000000021094237467878 -2.05232588489161672818651481283
4.90000000000000021649348980191 -1.92562234019948368349880707671
5.00000000000000022204460492503 -1.80649585161043857624199346711
5.10000000000000022759572004816 -1.69449052508892060526792643847
5.20000000000000023314683517128 -1.58918228509579473803146477274
5.30000000000000023869795029441 -1.49017582638164429300651084097
5.40000000000000024424906541753 -1.39710191955705759104164422745
5.50000000000000024980018054066 -1.30961503444117477323416897579
5.60000000000000025535129566379 -1.22739124719167039451766798584
5.70000000000000026090241078691 -1.15012639932024375491151011612
5.80000000000000026645352591004 -1.07753447890764540356859865391
5.90000000000000027200464103316 -1.00934619663308047541753140803
6.00000000000000027755575615629 1.05684761804912359243379849198
6.10000000000000028310687127941 1.12475500003860816322081596627
6.20000000000000028865798640254 1.19436873831931387009968590604
6.30000000000000029420910152567 1.26562123607231730969610498775
6.40000000000000029976021664879 1.33844502645474530316571193015
6.50000000000000030531133177192 1.41277309606833740562674467905
6.60000000000000031086244689504 1.48853917431050517021584173653
6.70000000000000031641356201817 1.56567798931389381736713425098
6.8000000000000003219646771413 1.6441254915150155265441127863
6.90000000000000032751579226442 1.72381904618112705252750289404
7.00000000000000033306690738755 1.80469759646291212479069532358
7.10000000000000033861802251067 1.8867017987273537154366681003
7.2000000000000003441691376338 1.96977413206145975431918737581
7.30000000000000034972025275692 2.05385898392606783508066789668
7.40000000000000035527136788005 2.13890271398392259809601363203
7.50000000000000036082248300318 2.22485369813254716428710645503
7.6000000000000003663735981263 2.31166235474550877509414774079
7.70000000000000037192471324943 2.39928115507101994631522310405
7.80000000000000037747582837255 2.48766461965980451607549264576
7.90000000000000038302694349568 2.57676930259987031059062887131
8.0000000000000003885780586188 2.66655376522891418281383630121
8.10000000000000039412917374193 2.75697854087968414636308142024
8.20000000000000039968028886506 2.84800609209334126602215805174
8.30000000000000040523140398818 2.93960076161376107779631633978
8.40000000000000041078251911131 3.03172871835432489004483417112
8.50000000000000041633363423443 3.12435789941011744393156455586
8.60000000000000042188474935756 3.21745794907416277709681275907
8.70000000000000042743586448069 3.311000155707589459279445612
8.80000000000000043298697960381 3.40495738721126690858128122216
8.90000000000000043853809472694 3.49930402575104702120141982196
9.00000000000000044408920985006 3.59401590230058273202258238443
9.10000000000000044964032497319 3.68907023148487733465315037785
9.20000000000000045519144009631 3.78444554713418312593616225913
9.30000000000000046074255521944 3.88012163889142659018363073536
9.40000000000000046629367034257 3.97607949015670619784606142515
9.50000000000000047184478546569 4.07230121759923578719353167469
9.60000000000000047739590058882 4.16877001241999309630454144513
9.70000000000000048294701571194 4.26547008350685321019342177181
9.80000000000000048849813083507 4.36238660258770145801183632825
9.90000000000000049404924595819 4.45950565145548945504740312276
10.0000000000000004996003610813 4.55681417131198928706748168421
10.1000000000000005051514762044 4.65429991425369679234765889865
10.2000000000000005107025913276 4.75195139690353770078069086467
10.3000000000000005162537064507 4.84975785617536526254320463055
10.4000000000000005218048215738 4.94770920714435527315138065434
10.5000000000000005273559366969 5.04579600298498057964358915958
10.6000000000000005329070518201 5.1440093969289851696647651659
10.7000000000000005384581669432 5.24234110618840682263166215494
10.8000000000000005440092820663 5.34078337778297134399043844814
10.9000000000000005495603971895 5.43932895620687906705949567504
11.0000000000000005551115123126 5.53797105286692685041414526101
11.1000000000000005606626274357 5.63670331722187879098780533385
11.2000000000000005662137425588 5.73551980955185863008831625961
11.300000000000000571764857682 5.83441497528614683032818052503
11.4000000000000005773159728051 5.93338362081800262130009500263
11.5000000000000005828670879282 6.03242089073588810207681636092
11.6000000000000005884182030513 6.13152224640165352357344139865
11.7000000000000005939693181745 6.23068344580776817823938135087
11.8000000000000005995204332976 6.32990052464747889051996112517
11.9000000000000006050715484207 6.42916977853378669900519631805
12.0000000000000006106226635438 6.52848774630529940356571851665
12.100000000000000616173778667 6.6278511943592983543047874782
12.2000000000000006217248937901 6.72725710195471409331073106715
12.3000000000000006272760089132 6.82670264743010508499802618286
12.4000000000000006328271240363 6.92618519528414985615388320231
12.5000000000000006383782391595 7.02570228406857302831762097596
12.6000000000000006439293542826 7.1252516150458115311510591602
12.7000000000000006494804694057 7.22483104156607372920883982999
12.8000000000000006550315845288 7.32443855912073922589024145359
12.900000000000000660582699652 7.42407229603128122003051273403
13.0000000000000006661338147751 7.52373050473505915316736424461
13.1000000000000006716849298982 7.62341155363142152683068703255
13.2000000000000006772360450213 7.72311391945357329328018458729
13.3000000000000006827871601445 7.82283618013359656457302243999
13.4000000000000006883382752676 7.92257700812986609484498074078
13.5000000000000006938893903907 8.02233516418787155094157515988
13.6000000000000006994405055138 8.12210949150714724812292108977
13.700000000000000704991620637 8.22189891028861767171006316055
13.8000000000000007105427357601 8.32170241263819512369098177082
13.9000000000000007160938508832 8.4215190578039160242087967593
14.0000000000000007216449660064 8.52134796772527687951519162836
14.1000000000000007271960811295 8.62118832287473206262563301519
14.2000000000000007327471962526 8.72103935837254588337309065473
14.3000000000000007382983113757 8.82090036035735362044837615846
14.4000000000000007438494264989 8.9207706625958830006001657084
14.500000000000000749400541622 9.02064964331632183461699883692
14.6000000000000007549516567451 9.12053672225079196381180325206
14.7000000000000007605027718682 9.22043135787330712912833548757
14.8000000000000007660538869914 9.3203330448204556082289215139
14.9000000000000007716050021145 9.42024131148286018354466727393
15.0000000000000007771561172376 9.520155717756230851419115071
15.1000000000000007827072323607 9.62007585294154222948797031628
15.2000000000000007882583474839 9.72000133378454035394029787688
15.300000000000000793809462607 9.81993180264541487946775107073
15.4000000000000007993605777301 9.91986692579006490927139138111
15.5000000000000008049116928532 10.0198063917949420023208876686
15.6000000000000008104628079764 10.1197499100579744459161910627
15.7000000000000008160139230995 10.2196972094085646629848983883
15.8000000000000008215650382226 10.3196480368101085693545268123
15.9000000000000008271161533457 10.4196021561489136361125551108
16.0000000000000008326672684689 10.5195593471037930834030194445
16.100000000000000838218383592 10.6195194040909886818830805489
16.2000000000000008437694987151 10.7194821352794256264987432334
16.3000000000000008493206138382 10.8194473616716313497174978689
16.4000000000000008548717289614 10.9194149162459573520096458604
16.5000000000000008604228440845 11.0193846431560304621939377718
16.6000000000000008659739592076 11.1193563969836286403943866507
16.7000000000000008715250743307 11.2193300420414276713847010259
16.8000000000000008770761894539 11.3193054517222999673754437434
16.900000000000000882627304577 11.4192825078920662432119758524
17.0000000000000008881784197001 11.5192611003228060181393488001
17.1000000000000008937295348233 11.6192411261640246528001685604
17.2000000000000008992806499464 11.7192224894491538084807769733
17.3000000000000009048317650695 11.8192051006350296257688675421
17.4000000000000009103828801926 11.9191888761721493199994755443
17.5000000000000009159339953158 12.0191737381036529924814483198
17.6000000000000009214851104389 12.1191596136911139265633635455
17.700000000000000927036225562 12.2191464350653481014156146063
17.8000000000000009325873406851 12.3191341389005726999416967983
17.9000000000000009381384558083 12.4191226661103545594287812217
18.0000000000000009436895709314 12.5191119615638933285159296842
18.1000000000000009492406860545 12.6191019738212810331602312338
18.2000000000000009547918011776 12.7190926548864702681073462792
18.3000000000000009603429163008 12.8190839599767677406140123294
18.4000000000000009658940314239 12.9190758473077487943873455996
18.500000000000000971445146547 13.0190682778925622030048073061
18.6000000000000009769962616701 13.1190612153546632886890765757
18.7000000000000009825473767933 13.2190546257530776170775665105
18.8000000000000009880984919164 13.3190484774193574434093147023
18.9000000000000009936496070395 13.4190427408054490225560206124
19.0000000000000009992007221626 13.5190373883417411083384549857
19.1000000000000010047518372858 13.6190323943046137031400913826
19.2000000000000010103029524089 13.7190277346928516073590282741
19.300000000000001015854067532 13.8190233871123297750197851729
19.4000000000000010214051826551 13.9190193306684171080518850339
19.5000000000000010269562977783 14.0190155458655823052574850879
19.6000000000000010325074129014 14.1190120145137198983871143031
19.7000000000000010380585280245 14.2190087196407468209998112532
19.8000000000000010436096431476 14.3190056454110499190594063708
19.9000000000000010491607582708 14.4190027770493928685528915619
20.0000000000000010547118733939 14.5190001007699171483925695464
20.100000000000001060262988517 14.6189976037098961512237158765
20.2000000000000010658141036402 14.7189952738679243169848343293
20.3000000000000010713652187633 14.8189931000462444529189047259
20.4000000000000010769163338864 14.9189910717969362607582779556
20.5000000000000010824674490095 15.0189891793717076218104016942
20.6000000000000010880185641327 15.1189874136750474821675508929
20.7000000000000010935696792558 15.2189857662205153158810326577
20.8000000000000010991207943789 15.318984229089957200815339487
20.900000000000001104671909502 15.4189827948954525920361019511
21.0000000000000011102230246252 15.518981456743808988201446329
