601
-21 -590.235865786462825955956819586
-20.9499999999999999972244424384 -588.835865786462814708180867311
-20.8999999999999999944488848769 -587.435865786462802658691007656
-20.8499999999999999916733273153 -586.035865786462789749945457524
-20.7999999999999999888977697537 -584.635865786462775920272460804
-20.7499999999999999861222121922 -583.235865786462761103573865912
-20.6999999999999999833466546306 -581.835865786462745229007428055
-20.6499999999999999805710970691 -580.435865786462728220646309236
-20.5999999999999999777955395075 -579.035865786462709997114139397
-20.5499999999999999750199819459 -577.635865786462690471193884634
-20.4999999999999999722444243844 -576.235865786462669549408642525
-20.4499999999999999694688668228 -574.835865786462647131572349695
-20.3999999999999999666933092612 -573.435865786462623110308242103
-20.3499999999999999639177516997 -572.035865786462597370532753555
-20.2999999999999999611421941381 -570.635865786462569788902371833
-20.2499999999999999583666365766 -569.235865786462540233220793764
-20.199999999999999955591079015 -567.835865786462508561803529763
-20.1499999999999999528155214534 -566.435865786462474622796903836
-20.0999999999999999500399638919 -565.03586578646243825344817587
-20.0499999999999999472644063303 -563.635865786462399279323278053
-19.9999999999999999444888487687 -562.235865786462357513468405541
-19.9499999999999999417132912072 -560.835865786462312755511431585
-19.8999999999999999389377336456 -559.4358657864622647906988281
-19.8499999999999999361621760841 -558.035865786462213388863462703
-19.7999999999999999333866185225 -556.635865786462158303318310952
-19.7499999999999999306110609609 -555.235865786462099269670766503
-19.6999999999999999278355033994 -553.835865786462036004551850183
-19.6499999999999999250599458378 -552.435865786461968204254210009
-19.5999999999999999222843882762 -551.035865786461895543272365748
-19.5499999999999999195088307147 -549.635865786461817672738181775
-19.4999999999999999167332731531 -548.235865786461734218744048406
-19.4499999999999999139577155916 -546.835865786461644780545712137
-19.39999999999999991118215803 -545.4358657864615489286361168
-19.3499999999999999084066004684 -544.035865786461446202680997622
-19.2999999999999999056310429069 -542.635865786461336109306305723
-19.2499999999999999028554853453 -541.235865786461218119726828411
-19.1999999999999999000799277837 -539.835865786461091667204607334
-19.1499999999999998973043702222 -538.435865786460956144324938525
-19.0999999999999998945288126606 -537.035865786460810900076861514
-19.049999999999999891753255099 -535.635865786460655236724105049
-18.9999999999999998889776975375 -534.235865786460488406451449755
-18.9499999999999998862021399759 -532.83586578646030960777038862
-18.8999999999999998834265824144 -531.435865786460117981666809301
-18.8499999999999998806510248528 -530.035865786459912607472182246
-18.7999999999999998778754672912 -528.635865786459692498438409688
-18.7499999999999998750999097297 -527.235865786459456596995066225
-18.6999999999999998723243521681 -525.835865786459203769666235154
-18.6499999999999998695487946065 -524.435865786458932801622508522
-18.599999999999999866773237045 -523.035865786458642390841965379
-18.5499999999999998639976794834 -521.635865786458331141852063202
-18.4999999999999998612221219219 -520.235865786457997559022363219
-18.4499999999999998584465643603 -518.835865786457640039375851389
-18.3999999999999998556710067987 -517.435865786457256864884303002
-18.3499999999999998528954492372 -516.035865786456846194210658923
-18.2999999999999998501198916756 -514.635865786456406053858723583
-18.249999999999999847344334114 -513.235865786455934328687646148
-18.1999999999999998445687765525 -511.835865786455428751745593164
-18.1499999999999998417932189909 -510.435865786454886893373748678
-18.0999999999999998390176614294 -509.035865786454306149528270728
-18.0499999999999998362421038678 -507.635865786453683729264074208
-17.9999999999999998334665463062 -506.235865786453016641320281499
-17.9499999999999998306909887447 -504.835865786452301679742864429
-17.8999999999999998279154311831 -503.435865786451535408475373483
-17.8499999999999998251398736215 -502.035865786450714144843690278
-17.79999999999999982236431606 -500.635865786449833941855423543
-17.7499999999999998195887584984 -499.235865786448890569228871462
-17.6999999999999998168132009368 -497.835865786447879493060366951
-17.6499999999999998140376433753 -496.435865786446795854032277912
-17.5999999999999998112620858137 -495.03586578644563444405692019
-17.5499999999999998084865282522 -493.635865786444389681244123317
-17.4999999999999998057109706906 -492.23586578644305558307213175
-17.449999999999999802935413129 -490.835865786441625737632888804
-17.3999999999999998001598555675 -489.435865786440093272813495055
-17.3499999999999997973842980059 -488.03586578643845082326571328
-17.2999999999999997946087404443 -486.635865786436690495004760416
-17.2499999999999997918331828828 -485.235865786434803827467232233
-17.1999999999999997890576253212 -483.835865786432781752845793877
-17.1499999999999997862820677597 -482.435865786430614552505180358
-17.0999999999999997835065101981 -481.035865786428291810270022461
-17.0499999999999997807309526365 -479.635865786425802362359978205
-16.999999999999999777955395075 -478.235865786423134243731535307
-16.9499999999999997751798375134 -476.835865786420274630568579024
-16.8999999999999997724042799518 -475.435865786417209778645308919
-16.8499999999999997696287223903 -474.035865786413924957265248737
-16.7999999999999997668531648287 -472.635865786410404378458830267
-16.7499999999999997640776072672 -471.235865786406631121099242649
-16.6999999999999997613020497056 -469.835865786402587049571813428
-16.649999999999999758526492144 -468.435865786398252726606009455
-16.5999999999999997557509345825 -467.035865786393607319851088677
-16.5499999999999997529753770209 -465.635865786388628501746362954
-16.4999999999999997501998194593 -464.235865786383292342204802931
-16.4499999999999997474242618978 -462.835865786377573193594173618
-16.3999999999999997446487043362 -461.435865786371443567462867822
-16.3499999999999997418731467747 -460.035865786364874002417925762
-16.2999999999999997390975892131 -458.635865786357832922520202677
-16.2499999999999997363220316515 -457.235865786350286485516067268
-16.19999999999999973354647409 -455.835865786342198420176163608
-16.1499999999999997307709165284 -454.435865786333529851959412759
-16.0999999999999997279953589668 -453.035865786324239116164316089
-16.0499999999999997252198014053 -451.635865786314281557669480634
-15.9999999999999997224442438437 -450.235865786303609316300828511
-15.9499999999999997196686862821 -448.83586578629217109679386773
-15.8999999999999997168931287206 -447.435865786279911922245358609
-15.849999999999999714117571159 -446.035865786266772869869352538
-15.7999999999999997113420135975 -444.635865786252690787787526622
-15.7499999999999997085664560359 -443.235865786237597991492579929
-15.6999999999999997057908984743 -441.835865786221421938525756575
-15.6499999999999997030153409128 -440.435865786204084879804848097
-15.5999999999999997002397833512 -439.035865786185503485926799131
-15.5499999999999996974642257896 -437.635865786165588446648757005
-15.4999999999999996946886682281 -436.23586578614424404162248929
-15.4499999999999996919131106665 -434.835865786121367680318923933
-15.399999999999999689137553105 -433.435865786096849408931480408
-15.3499999999999996863619955434 -432.035865786070571381888145292
-15.2999999999999996835864379818 -430.635865786042407295432139309
-15.2499999999999996808108804203 -429.235865786012221780548707256
-15.1999999999999996780353228587 -427.835865785979869752320161236
-15.1499999999999996752597652971 -426.435865785945195712581881993
-15.0999999999999996724842077356 -425.035865785908033002527526388
-15.049999999999999669708650174 -423.635865785868203001671122109
-14.9999999999999996669330926125 -422.235865785825514269315897622
-14.9499999999999996641575350509 -420.83586578577976162440335656
-14.8999999999999996613819774893 -419.435865785730725159319933215
-14.8499999999999996586064199278 -418.035865785678169182921135914
-14.7999999999999996558308623662 -416.635865785621841087692872166
-14.7499999999999996530553048046 -415.235865785561470135605018232
-14.6999999999999996502797472431 -413.835865785496766156821493768
-14.6499999999999996475041896815 -412.435865785427418155012250967
-14.5999999999999996447286321199 -411.035865785353092812563673898
-14.5499999999999996419530745584 -409.635865785273432888502750056
-14.4999999999999996391775169968 -408.235865785188055501434709698
-14.4499999999999996364019594353 -406.83586578509655028924115101
-14.3999999999999996336264018737 -405.435865784998477436693323963
-14.3499999999999996308508443121 -404.035865784893365561500385923
-14.2999999999999996280752867506 -402.635865784780709448632016141
-14.249999999999999625299729189 -401.235865784659967622025513779
-14.1999999999999996225241716274 -399.835865784530559742005899998
-14.1499999999999996197486140659 -398.435865784391863815909841964
-14.0999999999999996169730565043 -397.035865784243213208506389228
-14.0499999999999996141974989428 -395.635865784083893437845245246
-13.9999999999999996114219413812 -394.235865783913138741131963829
-13.9499999999999996086463838196 -392.835865783730128394124105025
-13.8999999999999996058708262581 -391.435865783533982766357694343
-13.8499999999999996030952686965 -390.035865783323759093243609345
-13.7999999999999996003197111349 -388.635865783098446944712665462
-13.7499999999999995975441535734 -387.235865782856963368629647617
-13.6999999999999995947685960118 -385.835865782598147685633325479
-13.6499999999999995919930384503 -384.435865782320755910384084515
-13.5999999999999995892174808887 -383.035865782023454772405149485
-13.5499999999999995864419233271 -381.635865781704815307778841163
-13.4999999999999995836663657656 -380.235865781363305990896640359
-13.449999999999999580890808204 -378.83586578099728537325112188
-13.3999999999999995781152506424 -377.435865780604994193888439001
-13.3499999999999995753396930809 -376.035865780184546923600598163
-13.2999999999999995725641355193 -374.635865779733922702215057959
-13.2499999999999995697885779578 -373.235865779250955625422134601
-13.1999999999999995670130203962 -371.835865778733324334454276854
-13.1499999999999995642374628346 -370.435865778178540858580460168
-13.0999999999999995614619052731 -369.035865777583938656787636692
-13.0499999999999995586863477115 -367.635865776946659801172103433
-12.9999999999999995559107901499 -366.235865776263641240438314753
-12.9499999999999995531352325884 -364.835865775531600077481239098
-12.8999999999999995503596750268 -363.435865774747017790289592076
-12.8499999999999995475841174652 -362.035865773906123320328391804
-12.7999999999999995448085599037 -360.635865773004874947115866392
-12.7499999999999995420330023421 -359.23586577203894086187563374
-12.6999999999999995392574447806 -357.835865771003678346892229049
-12.649999999999999536481887219 -356.435865769894111460496421318
-12.5999999999999995337063296574 -355.035865768704907120424125322
-12.5499999999999995309307720959 -353.635865767430349470594556909
-12.4999999999999995281552145343 -352.235865766064312408102595744
-12.4499999999999995253796569727 -350.835865764600230138377454065
-12.3999999999999995226040994112 -349.435865763031065616982199256
-12.3499999999999995198285418496 -348.035865761349276726370888505
-12.2999999999999995170529842881 -346.635865759546780025033221673
-12.2499999999999995142774267265 -345.23586575761491189478837643
-12.1999999999999995115018691649 -343.835865755544386899483973828
-12.1499999999999995087263116034 -342.435865753325253154952824179
-12.0999999999999995059507540418 -341.035865750946844495714798888
-12.0499999999999995031751964802 -339.635865748397729208514816887
-11.9999999999999995003996389187 -338.235865745665655086286521187
-11.9499999999999994976240813571 -336.835865742737490538445437477
-11.8999999999999994948485237956 -335.435865739599161474460245059
-11.849999999999999492072966234 -334.035865736235583657335141905
-11.7999999999999994892974086724 -332.635865732630590201862502064
-11.7499999999999994865218511109 -331.235865728766853869168448037
-11.6999999999999994837462935493 -329.83586572462580378406242416
-11.6499999999999994809707359877 -328.43586572018753617489513983
-11.5999999999999994781951784262 -327.035865715430718706898504721
-11.5499999999999994754196208646 -325.635865710332487949188304932
-11.4999999999999994726440633031 -324.235865704868339482607360303
-11.4499999999999994698685057415 -322.835865699012010120215126036
-11.3999999999999994670929481799 -321.435865692735351674319137519
-11.3499999999999994643173906184 -320.035865686008195663312123454
-11.2999999999999994615418330568 -318.635865678798208308030727245
-11.2499999999999994587662754952 -317.235865671070735120678260088
-11.1999999999999994559907179337 -315.835865662788634339330416509
-11.1499999999999994532151603721 -314.435865653912098407428966685
-11.0999999999999994504396028105 -313.035865644398462640206392784
-11.049999999999999447664045249 -311.635865634202000158398054286
-10.9999999999999994448884876874 -310.235865623273702103591719165
-10.9499999999999994421129301259 -308.835865611561042078819904506
-10.8999999999999994393373725643 -307.43586559900772368217837764
-10.8499999999999994365618150027 -306.035865585553409919989913976
-10.7999999999999994337862574412 -304.635865571133433198935365488
-10.7499999999999994310106998796 -303.235865555678484503225599579
-10.699999999999999428235142318 -301.835865539114280262839204415
-10.6499999999999994254595847565 -300.435865521361205311621095911
-10.5999999999999994226840271949 -299.035865502333930219110852825
-10.5499999999999994199084696334 -297.635865481941001156794297844
-10.4999999999999994171329120718 -296.235865460084400327455424207
-10.4499999999999994143573545102 -294.835865436659074844813624001
-10.3999999999999994115817969487 -293.435865411552431798983133389
-10.3499999999999994088062393871 -292.03586538464379708075867094
-10.2999999999999994060306818255 -290.635865355803835363532072836
-10.249999999999999403255124264 -289.235865324893928454941895865
-10.1999999999999994004795667024 -287.835865291765509030253918185
-10.1499999999999993977040091409 -286.435865256259346545003234278
-10.0999999999999993949284515793 -285.035865218204781894567164344
-10.0499999999999993921528940177 -283.635865177418907141977405489
-9.99999999999999938937733645616 -282.235865133705686371235326226
-9.9499999999999993866017788946 -280.835865086855013440396591926
-9.89999999999999938382622133304 -279.435865036641702105379803213
-9.84999999999999938105066377148 -278.035864982824403660370233834
-9.79999999999999937827510620991 -276.635864925144446892271057872
-9.74999999999999937549954864835 -275.23586486332459477322541214
-9.69999999999999937272399108679 -273.835864797067711914997703282
-9.64999999999999936994843352522 -272.435864726055336380037253956
-9.59999999999999936717287596366 -271.035864649946148984288995348
-9.5499999999999993643973184021 -269.63586456837433273405362311
-9.49999999999999936162176084053 -268.235864480947814511063825361
-9.44999999999999935884620327897 -266.835864387246380553894053739
-9.39999999999999935607064571741 -265.435864286819656677136600863
-9.34999999999999935329508815585 -264.035864179184943519538685635
-9.29999999999999935051953059428 -262.635864063824896415376445131
-9.24999999999999934774397303272 -261.235863940185038736390128458
-9.19999999999999934496841547116 -259.835863807671096751027494084
-9.14999999999999934219285790959 -258.435863665646143189688386843
-9.09999999999999933941730034803 -257.035863513427535785004952281
-9.04999999999999933664174278647 -255.635863350283636070504543509
-8.99999999999999933386618522491 -254.235863175430292664543724413
-8.94999999999999933109062766334 -252.835862988027072134088650558
-8.89999999999999932831507010178 -251.435862787173219319300897749
-8.84999999999999932553951254022 -250.035862571903327699128188605
-8.79999999999999932276395497865 -248.635862341182698983936208771
-8.74999999999999931998839741709 -247.235862093902369626940417719
-8.69999999999999931721283985553 -245.83586182887378034461246335
-8.64999999999999931443728229397 -244.435861544823063019634150038
-8.5999999999999993116617247324 -243.035861240384917520087860444
-8.54999999999999930888616717084 -241.635860914096048996546194296
-8.49999999999999930611060960928 -240.235860564388134105058093789
-8.44999999999999930333505204771 -238.835860189580282338543025255
-8.39999999999999930055949448615 -237.435859787870956220885099131
-8.34999999999999929778393692459 -236.035859357329311515365687834
-8.29999999999999929500837936303 -234.635858895885915809443847826
-8.24999999999999929223282180146 -233.235858401322800847842808178
-8.1999999999999992894572642399 -231.835857871262800781013177856
-8.14999999999999928668170667834 -230.435857303158125060865540753
-8.09999999999999928390614911677 -229.03585669427811103362867733
-8.04999999999999928113059155521 -227.635856041696097333031702568
-7.99999999999999927835503399365 -226.235855342275354946684230961
-7.94999999999999927557947643209 -224.835854592654008294118934354
-7.89999999999999927280391887052 -223.435853789228873794571775209
-7.84999999999999927002836130896 -222.035852928138138192731423129
-7.7999999999999992672528037474 -220.635852005242793326218930853
-7.74999999999999926447724618583 -219.235851016106738032469566161
-7.69999999999999926170168862427 -217.835849955975451476035914491
-7.64999999999999925892613106271 -216.435848819753135299074911293
-7.59999999999999925615057350115 -215.035847601978214624633022036
-7.54999999999999925337501593958 -213.635846296797080038602412336
-7.49999999999999925059945837802 -212.235844897935944203596406696
-7.44999999999999924782390081646 -210.835843398670677675415455336
-7.39999999999999924504834325489 -209.435841791794478756192647909
-7.34999999999999924227278569333 -208.035840069583221780465363775
-7.29999999999999923949722813177 -206.635838223758317040623229567
-7.2499999999999992367216705702 -205.23583624544690356204615737
-7.19999999999999923394611300864 -203.835834125139183077418519746
-7.14999999999999923117055544708 -202.435831852642689761575990011
-7.09999999999999922839499788552 -201.035829417033275505624320776
-7.04999999999999922561944032395 -199.63582680660257465986245363
-6.99999999999999922284388276239 -198.235824008801695181861160994
-6.94999999999999922006832520083 -196.835821010180864905830222053
-6.89999999999999921729276763926 -195.435817796324742112985244364
-6.8499999999999992145172100777 -194.035814351783078634269684597
-6.79999999999999921174165251614 -192.635810659996401253709694772
-6.74999999999999920896609495458 -191.235806703216353092497071587
-6.69999999999999920619053739301 -189.835802462420310822056238352
-6.64999999999999920341497983145 -188.435797917219865851508333221
-6.59999999999999920063942226989 -187.035793045762727924285009263
-6.54999999999999919786386470832 -185.63578782462757769315640287
-6.49999999999999919508830714676 -184.235782228711360664627926225
-6.4499999999999991923127495852 -182.835776231108478242698330929
-6.39999999999999918953719202364 -181.435769802981292275765589941
-6.34999999999999918676163446207 -180.035762913421317322664606174
-6.29999999999999918398607690051 -178.63575552930042959322122102
-6.24999999999999918121051933895 -177.235747615111372958084349828
-6.19999999999999917843496177738 -175.83573913279679031742064698
-6.14999999999999917565940421582 -174.435730041565952705095619425
-6.09999999999999917288384665426 -173.035720297698298500783433491
-6.0499999999999991701082890927 -171.635709854332830721749277549
-5.99999999999999916733273153113 -170.235698661242351239884794897
-5.94999999999999916455717396957 -168.83568666459143656338955529
-5.89999999999999916178161640801 -167.435673806676980153971641424
-5.84999999999999915900605884644 -166.035660025650040707194654274
-5.79999999999999915623050128488 -164.635645255217643960591806916
-5.74999999999999915345494372332 -163.235629424323086930924572095
-5.69999999999999915067938616176 -161.835612456803187499498123749
-5.64999999999999914790382860019 -160.43559427102080840189480855
-5.59999999999999914512827103863 -159.035574779470862329406360655
-5.54999999999999914235271347707 -157.635553888357873357739206447
-5.4999999999999991395771559155 -156.235531497143028573999868155
-5.44999999999999913680159835394 -154.835507498058501806217171118
-5.39999999999999913402604079238 -153.43548177558666793685135028
-5.34999999999999913125048323082 -152.035454205901650498409846445
-5.29999999999999912847492566925 -150.635424656270456123683090266
-5.24999999999999912569936810769 -149.23539298441074588877428471
-5.19999999999999912292381054613 -147.83535903780207448462688707
-5.14999999999999912014825298456 -146.435322652947192220653252982
-5.099999999999999117372695423 -145.03528365457975072854008444
-5.04999999999999911459713786144 -143.63524185481447939788340513
-4.99999999999999911182158029987 -142.235197052235604404153085945
-4.94999999999999910904602273831 -140.835149030918963899203954468
-4.89999999999999910627046517675 -139.435097559382929574270297159
-4.84999999999999910349490761519 -138.035042389462874239937124692
-4.79999999999999910071935005362 -136.634983255103524957481298517
-4.74999999999999909794379249206 -135.234919871063109034869122507
-4.6999999999999990951682349305 -133.834851931522733050002260739
-4.64999999999999909239267736893 -132.434779108593929884078180976
-4.59999999999999908961711980737 -131.03470105071676212652810911
-4.54999999999999908684156224581 -129.634617380940278387469313626
-4.49999999999999908406600468425 -128.234527695076477870248894089
-4.44999999999999908129044712268 -126.834431559718243423431459663
-4.39999999999999907851488956112 -125.434328510110949124662027655
-4.34999999999999907573933199956 -124.034218047866629611720069167
-4.29999999999999907296377443799 -122.634099638508708610224960855
-4.24999999999999907018821687643 -121.233972708834316453060070162
-4.19999999999999906741265931487 -119.833836644080173092051700108
-4.14999999999999906463710175331 -118.43369078487686552068193691
-4.09999999999999906186154419174 -117.033534423975096996154107014
-4.04999999999999905908598663018 -115.633366802726119157539135851
-3.99999999999999905631042906862 -114.233187107297064963545778062
-3.94999999999999905353487150705 -112.832994464600266709190343903
-3.89999999999999905075931394549 -111.432787937913853917934268946
-3.84999999999999904798375638393 -110.032566522168963398088990567
-3.79999999999999904520819882237 -108.632329138876738734103100247
-3.7499999999999990424326412608 -107.232074630665926946566973358
-3.69999999999999903965708369924 -105.831801755399271071901775389
-3.64999999999999903688152613768 -104.431509179834020698816589711
-3.59999999999999903410596857611 -103.031195472788705900605043766
-3.54999999999999903133041101455 -101.630859097774806902380552767
-3.49999999999999902855485345299 -100.230498405048060439848317818
-3.44999999999999902577929589143 -98.8301116230298263395060203717
-3.39999999999999902300373832986 -97.429696849044139675086022842
-3.3499999999999990202281807683 -96.0292520393107321532264843477
-3.29999999999999901745262320674 -94.6287749981283489651585521851
-3.24999999999999901467706564517 -93.2282633661760310353722196044
-3.19999999999999901190150808361 -91.8277146078525813696604686592
-3.14999999999999900912595052205 -90.4271259975660769413905510125
-3.09999999999999900635039296048 -89.0264946048758954203803800109
-3.04999999999999900357483539892 -87.6258172783791493274144702048
-2.99999999999999900079927783736 -86.2250906282214845163522419493
-2.9499999999999989980237202758 -84.8243110070987016836643033163
-2.89999999999999899524816271423 -83.4234744896003606804064598091
-2.84999999999999899247260515267 -82.0225768497291483339758302528
-2.79999999999999898969704759111 -80.6216135364100026775613574909
-2.74999999999999898692149002954 -79.2205796467804024936838510578
-2.69999999999999898414593246798 -77.8194698970273928567799913772
-2.64999999999999898137037490642 -76.4182785905072818782978229857
-2.59999999999999897859481734486 -75.0169995828498654821657214522
-2.54999999999999897581925978329 -73.615626243709745852387967986
-2.49999999999999897304370222173 -72.2141514147818842324429707552
-2.44999999999999897026814466017 -70.8125673636458648282804728055
-2.3999999999999989674925870986 -69.4108657329421129783118763329
-2.34999999999999896471702953704 -68.0090374843118997286670329676
-2.29999999999999896194147197548 -66.6070728364494269172916938492
-2.24999999999999895916591441392 -65.2049611965162488963948621805
-2.19999999999999895639035685235 -63.8026910840528495591325532113
-2.14999999999999895361479929079 -62.4002500463857988439091016285
-2.09999999999999895083924172923 -60.9976245643671778818122610932
-2.04999999999999894806368416766 -59.594799947090461139521167999
-1.9999999999999989452881266061 -58.1917602139970312767210295693
-1.94999999999999894251256904454 -56.7884879625115487872755101627
-1.89999999999999893973701148298 -55.3849642190119176449696830515
-1.84999999999999893696145392141 -53.9813245191987284062659224066
-1.79999999999999893418589635985 -52.5770774741477034318150865251
-1.74999999999999893141033879829 -51.172667040253297788064747468
-1.69999999999999892863478123672 -49.7679097854926082056518173312
-1.64999999999999892585922367516 -48.3627758498381518786251368221
-1.5999999999999989230836661136 -46.9572323714772689631150301541
-1.54999999999999892030810855204 -45.5512431116113751184266352386
-1.49999999999999891753255099047 -44.144768019546873853659010504
-1.44999999999999891475699342891 -42.737762726210882611865705856
-1.39999999999999891198143586735 -41.330177951368006677288688879
-1.34999999999999890920587830578 -39.9219588061428060448403622675
-1.29999999999999890643032074422 -38.5130439676951857315240423153
-1.24999999999999890365476318266 -37.1033646966773231043745309199
-1.1999999999999989008792056211 -35.6928436598954627673503814031
-1.14999999999999889810364805953 -34.2813935096635804347328111739
-1.09999999999999889532809049797 -32.8689151566004487231883877266
-1.04999999999999889255253293641 -31.4552956525331449425063155602
1 -30.0404055724339416220470873841
1.10000000000000000555111512313 -27.3901756840161218304039756717
1.20000000000000001110223024625 -25.0582803254585602906473310581
1.30000000000000001665334536938 -22.99122110297367797412594828
1.4000000000000000222044604925 -21.1474535932625802589043719654
1.50000000000000002775557561563 -19.4940816414109051102005469459
1.60000000000000003330669073875 -18.0046210066883876316417660445
1.70000000000000003885780586188 -16.6574423780991415427286030746
1.80000000000000004440892098501 -15.4346602279665689324891534455
1.90000000000000004996003610813 -14.3213225657331916852468779882
2.00000000000000005551115123126 -13.3048088060154247955553850513
2.10000000000000006106226635438 -12.3743747167018302640305993951
2.20000000000000006661338147751 -11.5208033249182201107538442936
2.30000000000000007216449660064 -10.736133477518563737334146345
2.40000000000000007771561172376 -10.0134462005943316239641635397
2.50000000000000008326672684689 -9.34669468800309190536987228202
2.60000000000000008881784197001 -8.73056764845233127568512748927
2.70000000000000009436895709314 -8.16037846116009634497197569166
2.80000000000000009992007221626 -7.63197451711394394681880866474
2.90000000000000010547118733939 -7.14166250641294253419220067024
3.00000000000000011102230246252 -6.68614641734129842244212550728
3.10000000000000011657341758564 -6.26247575107128732607188155905
3.20000000000000012212453270877 -5.86800200377120840309693933165
3.30000000000000012767564783189 -5.50034187894832890170446828246
3.40000000000000013322676295502 -5.15734600508342977349066764724
3.50000000000000013877787807814 -4.83707217419481919508337357625
3.60000000000000014432899320127 -4.53776230535909954136102778714
3.7000000000000001498801083244 -4.25782248723083554685655503218
3.80000000000000015543122344752 -3.99580557492303658094981151834
3.90000000000000016098233857065 -3.75039591590830086141764062349
4.00000000000000016653345369377 -3.52039586142687307189581555355
4.1000000000000001720845688169 -3.30471378736107256434471299919
4.20000000000000017763568394003 -3.10235340386744932235579415864
4.30000000000000018318679906315 -2.91240417793196009423484946124
4.40000000000000018873791418628 -2.73403272883373062654029413168
4.5000000000000001942890293094 -2.56647508453958419450237486163
4.60000000000000019984014443253 -2.40902970850665860210062924979
4.70000000000000020539125955565 -2.26105122239302119192443091096
4.80000000000000021094237467878 -2.12194476184756416621617235396
4.90000000000000021649348980191 -1.99116091085912688803066102524
5.00000000000000022204460492503 -1.86819116596230387411961098795
5.10000000000000022759572004816 -1.75256388566209855469577408869
5.20000000000000023314683517128 -1.64384068335063755856205566676
5.30000000000000023869795029441 -1.54161322421043355814735486005
5.40000000000000024424906541753 -1.44550038847037488403767762934
5.50000000000000024980018054066 -1.35514576513593818717423320754
5.60000000000000025535129566379 -1.27021544209938644118290761243
5.70000000000000026090241078691 -1.19039606042569960044545885033
5.80000000000000026645352591004 -1.11539310263193768962936396453
5.90000000000000027200464103316 -1.04492938692313371128115547372
6.00000000000000027755575615629 1.02157413136553514584720300864
6.10000000000000028310687127941 1.08853009063255445912637498057
6.20000000000000028865798640254 1.15722853577717274989656225041
6.30000000000000029420910152567 1.22760200448643265284238808182
6.40000000000000029976021664879 1.29958296924598635732382001215
6.50000000000000030531133177192 1.37310417977007054481740293025
6.60000000000000031086244689504 1.44809897110293299579896489446
6.70000000000000031641356201817 1.52450153789088971783207821487
6.8000000000000003219646771413 1.6022471756824431346568644466
6.90000000000000032751579226442 1.68127249042960037741328089137
7.00000000000000033306690738755 1.7615155776307058606651896339
7.10000000000000033861802251067 1.84291617277092296433030903756
7.2000000000000003441691376338 1.92541577488079992302374114356
7.30000000000000034972025275692 2.0089577451480728150338393367
7.40000000000000035527136788005 2.09348738258649609052476421043
7.50000000000000036082248300318 2.1789519787926205993599746481
7.6000000000000003663735981263 2.26530085381227226482632788144
7.70000000000000037192471324943 2.35248537509851453645628852568
7.80000000000000037747582837255 2.44045896147759459819227271322
7.90000000000000038302694349568 2.52917707395404892284121038392
8.0000000000000003885780586188 2.61859719508567916481657299944
8.10000000000000039412917374193 2.70867879854793541995912819475
8.20000000000000039968028886506 2.7993833103892661374510135734
8.30000000000000040523140398818 2.89067406335757272409821089632
8.40000000000000041078251911131 2.98251624555586375455766090186
8.50000000000000041633363423443 3.07487684456484759705687978629
8.60000000000000042188474935756 3.16772458805336836628786274215
8.70000000000000042743586448069 3.26102988178568680453857926299
8.80000000000000043298697960381 3.35476474582866734157701209408
8.90000000000000043853809472694 3.44890274966266314158028284672
9.00000000000000044408920985006 3.5434189468077260572524436859
9.10000000000000044964032497319 3.63828980949191452822558301572
9.20000000000000045519144009631 3.73349316381095194663967872353
9.30000000000000046074255521944 3.82900812575817771029625702733
9.40000000000000046629367034257 3.92481503844039823806555754704
9.50000000000000047184478546569 4.02089541073856820597221068498
9.60000000000000047739590058882 4.11723185762183782138783727405
9.70000000000000048294701571194 4.2138080422789773018238414988
9.80000000000000048849813083507 4.31060862019210138931497107148
9.90000000000000049404924595819 4.40761918524352395936245351576
10.0000000000000004996003610813 4.50482621791703805664340043924
10.1000000000000005051514762044 4.60221703562951374741090524715
10.2000000000000005107025913276 4.69977974520702594078277585336
10.3000000000000005162537064507 4.79750319750137907518217540097
10.4000000000000005218048215738 4.89537694412752167140102757492
10.5000000000000005273559366969 4.99339119628960329257241643404
10.6000000000000005329070518201 5.09153678565300786632976534875
10.7000000000000005384581669432 5.18980512721131539585891965643
10.8000000000000005440092820663 5.28818818409053936272167058178
10.9000000000000005495603971895 5.38667843422792495769589294803
11.0000000000000005551115123126 5.4852688388588625820537136827
11.1000000000000005606626274357 5.5839528127428828961515507497
11.2000000000000005662137425588 5.68272419605808572006720480561
11.300000000000000571764857682 5.7815772278925660091576781018
11.4000000000000005773159728051 5.88050652126130408418794960737
11.5000000000000005828670879282 5.97950703957746834248643663519
11.6000000000000005884182030513 6.07857407450803527596089944567
11.7000000000000005939693181745 6.17770322514497522945420005497
11.8000000000000005995204332976 6.27689037842490606484083195859
11.9000000000000006050715484207 6.37613169073201428766438307603
12.0000000000000006106226635438 6.47542357062112705187645536987
12.100000000000000616173778667 6.57476266260003981311699958815
12.2000000000000006217248937901 6.67414583191252154253061274207
12.3000000000000006272760089132 6.77357015026579702388406805581
12.4000000000000006328271240363 6.87303288244871412621800051457
12.5000000000000006383782391595 6.97253147378921826341817587943
12.6000000000000006439293542826 7.07206353840215598207382211009
12.7000000000000006494804694057 7.1716268481807979281511380108
12.8000000000000006550315845288 7.27121932248779470667490251443
12.900000000000000660582699652 7.37083901850354650603860918524
13.0000000000000006661338147751 7.47048412219217032176461927697
13.1000000000000006716849298982 7.57015293984738072391300359868
13.2000000000000006772360450213 7.66984389018265663441610988829
13.3000000000000006827871601445 7.7695554969320442434720213427
13.4000000000000006883382752676 7.86928638192984295646759413447
13.5000000000000006938893903907 7.96903525863923611306176839149
13.6000000000000006994405055138 8.06880092610166100158475646817
13.700000000000000704991620637 8.16858226328036395259450098779
13.8000000000000007105427357601 8.26837822377315715710241116119
13.9000000000000007160938508832 8.36818783087088590149775385703
14.0000000000000007216449660064 8.46801017293953009248237864496
14.1000000000000007271960811295 8.56784439910520449538706557173
14.2000000000000007327471962526 8.66768971522259047647158255677
14.3000000000000007382983113757 8.76754538010853082795306930909
14.4000000000000007438494264989 8.86741070202365117290020654153
14.500000000000000749400541622 8.96728503538593926901867884978
14.6000000000000007549516567451 9.06716777770122005816958743466
14.7000000000000007605027718682 9.16705836669641234512974752542
14.8000000000000007660538869914 9.26695627764234531452064717152
14.9000000000000007716050021145 9.36686102085375244681487256792
15.0000000000000007771561172376 9.46677213935484945335174868958
15.1000000000000007827072323607 9.56668920669964422749891086382
15.2000000000000007882583474839 9.66661182493682303705605810375
15.300000000000000793809462607 9.76653962270971070882516414732
15.4000000000000007993605777301 9.86647225348241573670922603153
15.5000000000000008049116928532 9.96640939388384634286235765083
15.6000000000000008104628079764 10.0663507421618227049113551058
15.7000000000000008160139230995 10.1662960167400159024933523458
15.8000000000000008215650382226 10.2662449548709176086941084984
15.9000000000000008271161533457 10.3661973113784880368034564903
16.0000000000000008326672684689 10.4661528574845449371048795039
16.100000000000000838218383592 10.5661113797133452178659149526
16.2000000000000008437694987151 10.6660726788691746461701880757
16.3000000000000008493206138382 10.7660365690821015885826758406
16.4000000000000008548717289614 10.8660028769173693166956914715
16.5000000000000008604228440845 10.9659714405441993863180007851
16.6000000000000008659739592076 11.0659421089600572827685990012
16.7000000000000008715250743307 11.1659147412666921164129834609
16.8000000000000008770761894539 11.2658892059945057902042059961
16.900000000000000882627304577 11.3658653804720348158055248673
17.0000000000000008881784197001 11.4658431502375408346401339109
17.1000000000000008937295348233 11.5658224084899048524115916825
17.2000000000000008992806499464 11.6658030555762061105645913988
17.3000000000000009048317650695 11.7657849985135402319529902204
17.4000000000000009103828801926 11.8657681505427935755620789889
17.5000000000000009159339953158 11.9657524307122423529922692218
17.6000000000000009214851104389 12.0657377634889866883426221869
17.700000000000000927036225562 12.1657240783963620908145292616
17.8000000000000009325873406851 12.2657113096755943628378105521
17.9000000000000009381384558083 12.3656993959700793545900554078
18.0000000000000009436895709314 12.4656882800307767312130161759
18.1000000000000009492406860545 12.5656779084413075407393527577
18.2000000000000009547918011776 12.6656682313614393258093108401
18.3000000000000009603429163008 12.7656592022877302478564543099
18.4000000000000009658940314239 12.8656507778301855976720395866
18.500000000000000971445146547 12.965642917503856533863651323
18.6000000000000009769962616701 13.065635583534382278727011651
18.7000000000000009825473767933 13.1656287406765436442874991147
18.8000000000000009880984919164 13.2656223560449579728427428713
18.9000000000000009936496070395 13.3656163989561036489848550691
19.0000000000000009992007221626 13.4656108407809165474543408684
19.1000000000000010047518372858 13.5656056548072513790604572581
19.2000000000000010103029524089 13.6656008161115481243447989371
19.300000000000001015854067532 13.7655963014390878250526008048
19.4000000000000010214051826551 13.865592089092263145536863156
19.5000000000000010269562977783 13.9655881588263275149647646403
19.6000000000000010325074129014 14.0655844917521224988031410333
19.7000000000000010380585280245 14.1655810702453164947075193968
19.8000000000000010436096431476 14.2655778778617190625810741297
19.9000000000000010491607582708 14.365574899258264329665299075
20.0000000000000010547118733939 14.4655721201192840977215144665
20.100000000000001060262988517 14.5655695270877166501389495976
20.2000000000000010658141036402 14.6655671077009209330669325965
20.3000000000000010713652187633 14.7655648503307878793111990454
20.4000000000000010769163338864 14.8655627441278612621679318681
20.5000000000000010824674490095 14.9655607789691997070107334841
20.6000000000000010880185641327 15.0655589454097294431784820676
20.7000000000000010935696792558 15.1655572346368541333155868258
20.8000000000000010991207943789 15.2655556384281037518689735254
20.900000000000001104671909502 15.365554149111619073701636845
21.0000000000000011102230246252 15.4655527595292819475209546977
