601
-21 -611.260956767425656125036561538
-20.9499999999999999972244424384 -609.810956767425644854647385365
-20.8999999999999999944488848769 -608.360956767425632781120483807
-20.8499999999999999916733273153 -606.910956767425619846811881423
-20.7999999999999999888977697537 -605.460956767425605989940295055
-20.7499999999999999861222121922 -604.010956767425591144290184937
-20.6999999999999999833466546306 -602.560956767425575238893492736
-20.6499999999999999805710970691 -601.110956767425558197688536845
-20.5999999999999999777955395075 -599.660956767425539939154425402
-20.5499999999999999750199819459 -598.210956767425520375919229865
-20.4999999999999999722444243844 -596.760956767425499414340035857
-20.4499999999999999694688668228 -595.310956767425476954052852788
-20.3999999999999999666933092612 -593.860956767425452887490218953
-20.3499999999999999639177516997 -592.410956767425427099364183464
-20.2999999999999999611421941381 -590.960956767425399466112180008
-20.2499999999999999583666365766 -589.510956767425369855303129047
-20.199999999999999955591079015 -588.06095676742533812500091392
-20.1499999999999999528155214534 -586.610956767425304123082171411
-20.0999999999999999500399638919 -585.160956767425267686505117797
-20.0499999999999999472644063303 -583.710956767425228640525895996
-19.9999999999999999444888487687 -582.260956767425186797858677246
-19.9499999999999999417132912072 -580.810956767425141957775480374
-19.8999999999999999389377336456 -579.360956767425093905141381967
-19.8499999999999999361621760841 -577.910956767425042409380480247
-19.7999999999999999333866185225 -576.460956767424987223367642588
-19.7499999999999999306110609609 -575.010956767424928082240709918
-19.6999999999999999278355033994 -573.560956767424864702127448908
-19.6499999999999999250599458378 -572.110956767424796778781133132
-19.5999999999999999222843882762 -570.660956767424723986118195135
-19.5499999999999999195088307147 -569.210956767424645974650920756
-19.4999999999999999167332731531 -567.760956767424562369807652473
-19.4499999999999999139577155916 -566.310956767424472770132427933
-19.39999999999999991118215803 -564.860956767424376745355400311
-19.3499999999999999084066004684 -563.41095676742427383432476605
-19.2999999999999999056310429069 -561.960956767424163542790259897
-19.2499999999999999028554853453 -560.510956767424045341027563701
-19.1999999999999999000799277837 -559.060956767423918661292210807
-19.1499999999999998973043702222 -557.610956767423782895090748353
-19.0999999999999998945288126606 -556.160956767423637390256041433
-19.049999999999999891753255099 -554.710956767423481447812661717
-18.9999999999999998889776975375 -553.260956767423314318617294154
-18.9499999999999998862021399759 -551.810956767423135199758014038
-18.8999999999999998834265824144 -550.36095676742294323069512771
-18.8499999999999998806510248528 -548.91095676742273748912502805
-18.7999999999999998778754672912 -547.460956767422516986547184541
-18.7499999999999998750999097297 -546.010956767422280663512960873
-18.6999999999999998723243521681 -544.560956767422027384533423727
-18.6499999999999998695487946065 -543.110956767421755932621667364
-18.599999999999999866773237045 -541.660956767421465003443421961
-18.5499999999999998639976794834 -540.210956767421153199047830839
-18.4999999999999998612221219219 -538.76095676742081902114826388
-18.4499999999999998584465643603 -537.310956767420460863920871645
-18.3999999999999998556710067987 -535.860956767420077006286266796
-18.3499999999999998528954492372 -534.410956767419665603637235061
-18.2999999999999998501198916756 -532.960956767419224678972715377
-18.249999999999999847344334114 -531.510956767418752113395435085
-18.1999999999999998445687765525 -530.060956767418245635927527502
-18.1499999999999998417932189909 -528.610956767417702812595181106
-18.0999999999999998390176614294 -527.160956767417121034729856187
-18.0499999999999998362421038678 -525.710956767416497506429839327
-17.9999999999999998334665463062 -524.26095676741582923112187021
-17.9499999999999998306909887447 -522.810956767415112997158249877
-17.8999999999999998279154311831 -521.360956767414345362380203548
-17.8499999999999998251398736215 -519.91095676741352263757330257
-17.79999999999999982236431606 -518.460956767412640868735424683
-17.7499999999999998195887584984 -517.010956767411695818072024419
-17.6999999999999998168132009368 -515.56095676741068294362736824
-17.6499999999999998140376433753 -514.110956767409597377453832903
-17.5999999999999998112620858137 -512.660956767408433902214338762
-17.5499999999999998084865282522 -511.210956767407186926105458715
-17.4999999999999998057109706906 -509.760956767405850455980671837
-17.449999999999999802935413129 -508.310956767404418068544579857
-17.3999999999999998001598555675 -506.860956767402882879479632826
-17.3499999999999997973842980059 -505.410956767401237510356972976
-17.2999999999999997946087404443 -503.960956767399474053172355268
-17.2499999999999997918331828828 -502.510956767397584032336688163
-17.1999999999999997890576253212 -501.060956767395558363938503898
-17.1499999999999997862820677597 -499.610956767393387312082555187
-17.0999999999999997835065101981 -498.160956767391060442094681836
-17.0499999999999997807309526365 -496.71095676738856657036802859
-16.999999999999999777955395075 -495.260956767385893710609552394
-16.9499999999999997751798375134 -493.810956767383029016228455331
-16.8999999999999997724042799518 -492.360956767379958718589635914
-16.8499999999999997696287223903 -490.910956767376668060835376787
-16.7999999999999997668531648287 -489.460956767373141226957185778
-16.7499999999999997640776072672 -488.010956767369361265776877406
-16.6999999999999997613020497056 -486.560956767365310009471513385
-16.649999999999999758526492144 -485.110956767360967986250595968
-16.5999999999999997557509345825 -483.660956767356314326765801123
-16.5499999999999997529753770209 -482.210956767351326663803414162
-16.4999999999999997501998194593 -480.760956767345981024777344163
-16.4499999999999997474242618978 -479.310956767340251716505989766
-16.3999999999999997446487043362 -477.86095676733411120171914166
-16.3499999999999997418731467747 -476.41095676732752996670135784
-16.2999999999999997390975892131 -474.960956767320476379435645594
-16.2499999999999997363220316515 -473.510956767312916537565624349
-16.19999999999999973354647409 -472.060956767304814105445406481
-16.1499999999999997307709165284 -470.610956767296130139493983815
-16.0999999999999997279953589668 -469.160956767286822901014693709
-16.0499999999999997252198014053 -467.71095676727684765558009005
-15.9999999999999997224442438437 -466.260956767266156458017971759
-15.9499999999999997196686862821 -464.810956767254697921965114031
-15.8999999999999997168931287206 -463.360956767242416972881072871
-15.849999999999999714117571159 -461.910956767229254583334935116
-15.7999999999999997113420135975 -460.460956767215147489292681863
-15.7499999999999997085664560359 -459.010956767200027886041513506
-15.6999999999999997057908984743 -457.560956767183823102289610614
-15.6499999999999997030153409128 -456.110956767166455250874906096
-15.5999999999999997002397833512 -454.660956767147840854404016371
-15.5499999999999996974642257896 -453.210956767127890444021982245
-15.4999999999999996946886682281 -451.760956767106508129384324644
-15.4499999999999996919131106665 -450.310956767083591137764505597
-15.399999999999999689137553105 -448.860956767059029320081535616
-15.3499999999999996863619955434 -447.410956767032704621473471791
-15.2999999999999996835864379818 -445.960956767004490513872142385
-15.2499999999999996808108804203 -444.510956766974251387851794346
-15.1999999999999996780353228587 -443.060956766941841900828612098
-15.1499999999999996752597652971 -441.610956766907106278478258461
-15.0999999999999996724842077356 -440.160956766869877566013733094
-15.049999999999999669708650174 -438.710956766829976825724849759
-14.9999999999999996669330926125 -437.260956766787212276922342622
-14.9499999999999996641575350509 -435.810956766741378374152782314
-14.8999999999999996613819774893 -434.360956766692254819253783865
-14.8499999999999996586064199278 -432.910956766639605502500995095
-14.7999999999999996558308623662 -431.460956766583177367757536831
-14.7499999999999996530553048046 -430.010956766522699196171287603
-14.6999999999999996502797472431 -428.560956766457880302573909391
-14.6499999999999996475041896815 -427.110956766388409138315915857
-14.5999999999999996447286321199 -425.660956766313951793822373604
-14.5499999999999996419530745584 -424.210956766234150393671838744
-14.4999999999999996391775169968 -422.760956766148621376484548885
-14.4499999999999996364019594353 -421.31095676605695365135223155
-14.3999999999999996336264018737 -419.86095676595870662194849285
-14.3499999999999996308508443121 -418.410956765853408068822762991
-14.2999999999999996280752867506 -416.960956765740551879699140802
-14.249999999999999625299729189 -415.51095676561959561687092189
-14.1999999999999996225241716274 -414.060956765489957909998602747
-14.1499999999999996197486140659 -412.610956765351015661779962792
-14.0999999999999996169730565043 -411.160956765202101053061404361
-14.0499999999999996141974989428 -409.710956765042498332995754033
-13.9999999999999996114219413812 -408.260956764871440378818564125
-13.9499999999999996086463838196 -406.810956764688105008707634736
-13.8999999999999996058708262581 -405.360956764491611030003682276
-13.8499999999999996030952686965 -403.91095676428101400379810542
-13.7999999999999996003197111349 -402.460956764055301705530530549
-13.7499999999999995975441535734 -401.010956763813389259777703056
-13.6999999999999995947685960118 -399.560956763554113925849306052
-13.6499999999999995919930384503 -398.11095676327622950912790674
-13.5999999999999995892174808887 -396.660956762978400371291386322
-13.5499999999999995864419233271 -395.210956762659195010628255397
-13.4999999999999995836663657656 -393.760956762317079181589926958
-13.449999999999999580890808204 -392.310956761950408520509381462
-13.3999999999999995781152506424 -390.860956761557420642042068451
-13.3499999999999995753396930809 -389.410956761136226668340938348
-13.2999999999999995725641355193 -387.960956760684802150250958777
-13.2499999999999995697885779578 -386.510956760200977336886237261
-13.1999999999999995670130203962 -385.06095675968242674682090052
-13.1499999999999995642374628346 -383.610956759126657990768116427
-13.0999999999999995614619052731 -382.16095675853099979202395351
-13.0499999999999995586863477115 -380.710956757892589147096862706
-12.9999999999999995559107901499 -379.260956757208357564810903464
-12.9499999999999995531352325884 -377.810956756475016317741557699
-12.8999999999999995503596750268 -376.360956755689040635095791425
-12.8499999999999995475841174652 -374.910956754846652761060117727
-12.7999999999999995448085599037 -373.460956753943803797187331344
-12.7499999999999995420330023421 -372.010956752976154241548114233
-12.6999999999999995392574447806 -370.56095675193905313110976184
-12.649999999999999536481887219 -369.110956750827515687090743754
-12.5999999999999995337063296574 -367.66095674963619935584442152
-12.5499999999999995309307720959 -366.210956748359378130113415979
-12.4999999999999995281552145343 -364.760956746990915027230779848
-12.4499999999999995253796569727 -363.310956745524232591985560953
-12.3999999999999995226040994112 -361.860956743952281282375959
-12.3499999999999995198285418496 -360.410956742267505586297449125
-12.2999999999999995170529842881 -358.960956740461807706307058711
-12.2499999999999995142774267265 -357.510956738526508637916019296
-12.1999999999999995115018691649 -356.06095673645230645433508973
-12.1499999999999995087263116034 -354.610956734229231597169744523
-12.0999999999999995059507540418 -353.160956731846598958171604649
-12.0499999999999995031751964802 -351.710956729292956521728787549
-11.9999999999999995003996389187 -350.260956726556030321247133831
-11.9499999999999994976240813571 -348.810956723622665444857075004
-11.8999999999999994948485237956 -347.360956720478762806892081029
-11.849999999999999492072966234 -345.910956717109211381232897833
-11.7999999999999994892974086724 -344.460956713497815570799331554
-11.7499999999999994865218511109 -343.010956709627217364093315434
-11.6999999999999994837462935493 -341.560956705478812904641038665
-11.6499999999999994809707359877 -340.110956701032663072327591087
-11.5999999999999994781951784262 -338.660956696267397646835805615
-11.5499999999999994754196208646 -337.210956691160112592553419464
-11.4999999999999994726440633031 -335.760956685686259971251053678
-11.4499999999999994698685057415 -334.310956679819529953398913601
-11.3999999999999994670929481799 -332.860956673531724361012220039
-11.3499999999999994643173906184 -331.410956666792621134211645814
-11.2999999999999994615418330568 -329.960956659569829070059806689
-11.2499999999999994587662754952 -328.510956651828632135478447346
-11.1999999999999994559907179337 -327.060956643531822605938629039
-11.1499999999999994532151603721 -325.61095663463952222790709101
-11.0999999999999994504396028105 -324.160956625108990545467858316
-11.049999999999999447664045249 -322.710956614894419469842409014
-10.9999999999999994448884876874 -321.260956603946713104407737483
-10.9499999999999994421129301259 -319.810956592213251766941615094
-10.8999999999999994393373725643 -318.360956579637639074867596348
-10.8499999999999994365618150027 -316.910956566159430877863737671
-10.7999999999999994337862574412 -315.460956551713844734947268392
-10.7499999999999994310106998796 -314.010956536231448539633170846
-10.699999999999999428235142318 -312.560956519637826796538274578
-10.6499999999999994254595847565 -311.11095650185322294538226622
-10.5999999999999994226840271949 -309.660956482792156013206595772
-10.5499999999999994199084696334 -308.210956462363009752238188226
-10.4999999999999994171329120718 -306.760956440467592288573985388
-10.4499999999999994143573545102 -305.310956417000664165118903584
-10.3999999999999994115817969487 -303.860956391849432510292418267
-10.3499999999999994088062393871 -302.410956364893008901197380666
-10.2999999999999994060306818255 -300.960956336001828315436111652
-10.249999999999999403255124264 -299.510956305037026378724388955
-10.1999999999999994004795667024 -298.060956271849771914994504297
-10.1499999999999993977040091409 -296.610956236280551590830422838
-10.0999999999999993949284515793 -295.160956198158403215808347736
-10.0499999999999993921528940177 -293.710956157300094013517639662
-9.99999999999999938937733645616 -292.26095611350923991352354522
-9.9499999999999993866017788946 -290.810956066575361631032838383
-9.89999999999999938382622133304 -289.360956016272872997173255002
-9.84999999999999938105066377148 -287.910955962359996677136612843
-9.79999999999999937827510620991 -286.460955904577602064397970495
-9.74999999999999937549954864835 -285.010955842647959765130865147
-9.69999999999999937272399108679 -283.560955776273406685992846604
-9.64999999999999936994843352522 -282.110955705134915308728287008
-9.59999999999999936717287596366 -280.660955628890560274460434442
-9.5499999999999993643973184021 -279.210955547173874906907134117
-9.49999999999999936162176084053 -277.760955459592089774680737618
-9.44999999999999935884620327897 -276.310955365724244825778133958
-9.39999999999999935607064571741 -274.860955265119166019604487783
-9.34999999999999935329508815585 -273.410955157293296730481189959
-9.29999999999999935051953059428 -271.960955041728373498431769192
-9.24999999999999934774397303272 -270.510954917868934954761062547
-9.19999999999999934496841547116 -269.060954785119651947943521443
-9.14999999999999934219285790959 -267.610954642842466035758251369
-9.09999999999999933941730034803 -266.160954490353522588316148439
-9.04999999999999933664174278647 -264.710954326919883759186047241
-8.99999999999999933386618522491 -263.260954151756005523491335595
-8.94999999999999933109062766334 -261.810953964019961847523761789
-8.89999999999999932831507010178 -260.360953762809397838648851706
-8.84999999999999932553951254022 -258.910953547157192421206761006
-8.79999999999999932276395497865 -257.460953316026809687472145462
-8.74999999999999931998839741709 -256.010953068307316575804415536
-8.69999999999999931721283985553 -254.560952802808042923689771422
-8.64999999999999931443728229397 -253.11095251825285822372461899
-8.5999999999999993116617247324 -251.660952213274037567436611696
-8.54999999999999930888616717084 -250.210951886405687286309182958
-8.49999999999999930611060960928 -248.760951536076698681953853708
-8.44999999999999930333505204771 -247.310951160603195967862846095
-8.39999999999999930055949448615 -245.86095075818044211263939244
-8.34999999999999929778393692459 -244.410950326874163667324114943
-8.29999999999999929500837936303 -242.960949864611252864848329076
-8.24999999999999929223282180146 -241.510949369169802284279276024
-8.1999999999999992894572642399 -240.060948838168424161937653637
-8.14999999999999928668170667834 -238.610948269054802990183037305
-8.09999999999999928390614911677 -237.160947659093426356080247886
-8.04999999999999928113059155521 -235.710947005352435018484681093
-7.99999999999999927835503399365 -234.260946304689528984238374847
-7.94999999999999927557947643209 -232.810945553736861801695381698
-7.89999999999999927280391887052 -231.360944748884850420761975473
-7.84999999999999927002836130896 -229.910943886264822749527077732
-7.7999999999999992672528037474 -228.460942961730419443154103666
-7.74999999999999926447724618583 -227.010941970837660463966863915
-7.69999999999999926170168862427 -225.560940908823580523592607334
-7.64999999999999925892613106271 -224.110939770583330627529147141
-7.59999999999999925615057350115 -222.66093855064563555623238415
-7.54999999999999925337501593958 -221.21093724314648919901053939
-7.49999999999999925059945837802 -219.760935841800961169303184554
-7.44999999999999924782390081646 -218.310934339872979031173703387
-7.39999999999999924504834325489 -216.860932730142940712921518447
-7.34999999999999924227278569333 -215.410931004873001227285255015
-7.29999999999999923949722813177 -213.960929155769866607975187398
-7.2499999999999992367216705702 -212.51092717394491595475899851
-7.19999999999999923394611300864 -211.060925049871459595572699906
-7.14999999999999923117055544708 -209.610922773338927561415201198
-7.09999999999999922839499788552 -208.160920333403767760803386684
-7.04999999999999922561944032395 -206.710917718336817363082566815
-6.99999999999999922284388276239 -205.26091491556689387638024621
-6.94999999999999922006832520083 -203.810911911620334153246253113
-6.89999999999999921729276763926 -202.360908692056189985711122904
-6.8499999999999992145172100777 -200.910905241396767965713504165
-6.79999999999999921174165251614 -199.460901543053178783620727032
-6.74999999999999920896609495458 -198.010897579245537006311532866
-6.69999999999999920619053739301 -196.560893330917426498237534783
-6.64999999999999920341497983145 -195.110888777644218896451092865
-6.59999999999999920063942226989 -193.660883897534802786717399071
-6.54999999999999919786386470832 -192.210878667126249305237943694
-6.49999999999999919508830714676 -190.760873061270905650916757404
-6.4499999999999991923127495852 -189.310867053015371266356192787
-6.39999999999999918953719202364 -187.860860613470772048946948789
-6.34999999999999918676163446207 -186.410853711673705689800925744
-6.29999999999999918398607690051 -184.960846314437185896272689955
-6.24999999999999918121051933895 -183.510838386190864605776401312
-6.19999999999999917843496177738 -182.060829888809759099541352509
-6.14999999999999917565940421582 -180.610820781430654911138907771
-6.09999999999999917288384665426 -179.160811020255295312085091981
-6.0499999999999991701082890927 -177.710800558339403639704152857
-5.99999999999999916733273153113 -176.260789345366515481156976733
-5.94999999999999916455717396957 -174.810777327405523386859764981
-5.89999999999999916178161640801 -173.360764446650756973403329113
-5.84999999999999915900605884644 -171.910750641143335577345522891
-5.79999999999999915623050128488 -170.460735844472438590994030116
-5.74999999999999915345494372332 -169.010719985455039768115232366
-5.69999999999999915067938616176 -167.560702987792545611398358905
-5.64999999999999914790382860019 -166.110684769702663882507287794
-5.59999999999999914512827103863 -164.660665243524705702023162362
-5.54999999999999914235271347707 -163.210644315296392973118341319
-5.4999999999999991395771559155 -161.760621884300101257749090136
-5.44999999999999913680159835394 -160.310597842576315986637834244
-5.39999999999999913402604079238 -158.860572074401916158768881086
-5.34999999999999913125048323082 -157.410544455730723576225918978
-5.29999999999999912847492566925 -155.960514853593566182177634197
-5.24999999999999912569936810769 -154.510483125454900154994627118
-5.19999999999999912292381054613 -153.060449118522815898025843684
-5.14999999999999912014825298456 -151.610412669009016688306746847
-5.099999999999999117372695423 -150.160373601335104131681744213
-5.04999999999999911459713786144 -148.710331727281230215802474057
-4.99999999999999911182158029987 -147.260286845072880018817705323
-4.94999999999999910904602273831 -145.81023873840123023197259102
-4.89999999999999910627046517675 -144.360187175372184633579723448
-4.84999999999999910349490761519 -142.910131907378816369946692459
-4.79999999999999910071935005362 -141.460072667891546011034417904
-4.74999999999999909794379249206 -140.010009171159951282629920375
-4.6999999999999990951682349305 -138.559941110819636307511776357
-4.64999999999999909239267736893 -137.109868158397082008733246209
-4.59999999999999908961711980737 -135.659789961704851617977153386
-4.54999999999999908684156224581 -134.209706143118932219437927084
-4.49999999999999908406600468425 -132.759616297729350781018567801
-4.44999999999999908129044712268 -131.309519991354506576422576881
-4.39999999999999907851488956112 -129.85941675840890618743000305
-4.34999999999999907573933199956 -128.409306099613166744501700014
-4.29999999999999907296377443799 -126.959187479534261441260000007
-4.24999999999999907018821687643 -125.5090603239430116664715941
-4.19999999999999906741265931487 -124.058924016974774563913744822
-4.14999999999999906463710175331 -122.608777898078124785804426077
-4.09999999999999906186154419174 -121.158621258735074961761485792
-4.04999999999999905908598663018 -119.708453338935010120531545538
-3.99999999999999905631042906862 -118.258273323383014821958971273
-3.94999999999999905353487150705 -116.808080337421634434178805419
-3.89999999999999905075931394549 -115.357873442643318474958248706
-3.84999999999999904798375638393 -113.90765163216882693021962264
-3.79999999999999904520819882237 -112.457413825564720444960953642
-3.7499999999999990424326412608 -111.007158863370680178902588382
-3.69999999999999903965708369924 -109.556885501204787929221500235
-3.64999999999999903688152613768 -108.106592403412013475146686246
-3.59999999999999903410596857611 -106.656278136217971742319307374
-3.54999999999999903133041101455 -105.205941160346490587207804899
-3.49999999999999902855485345299 -103.755579823055628851675931192
-3.44999999999999902577929589143 -102.305192349542455921433636982
-3.39999999999999902300373832986 -100.854776833662093459231381916
-3.3499999999999990202281807683 -99.4043312279011642912556564345
-3.29999999999999901745262320674 -97.9538533325398201773763135475
-3.24999999999999901467706564517 -96.5033407839298459395342381639
-3.19999999999999901190150808361 -95.052791041808865799689414281
-3.14999999999999900912595052205 -93.6022013755622972966102352487
-3.09999999999999900635039296048 -92.1515688493352795267243744247
-3.04999999999999900357483539892 -90.7008903058861954466867679661
-2.99999999999999900079927783736 -89.25016234906143759145603043
-2.9499999999999989980237202758 -87.7993813247575285072965775207
-2.89999999999999899524816271423 -86.3485433002213624039176180075
-2.84999999999999899247260515267 -84.8976440415219025416113829695
-2.79999999999999898969704759111 -83.4466789890068198590645363134
-2.74999999999999898692149002954 -81.9956432305349034059373328493
-2.69999999999999898414593246798 -80.5445314722491524631462726248
-2.64999999999999898137037490642 -79.0933380066257286675165949627
-2.59999999999999897859481734486 -77.642056677499755822112954953
-2.54999999999999897581925978329 -76.1906808417295323692619894313
-2.49999999999999897304370222173 -74.7392033271151420235546428863
-2.44999999999999897026814466017 -73.2877869968560422942099286222
-2.3999999999999989674925870986 -71.8359116449992399953473020907
-2.34999999999999896471702953704 -70.3840800474583231681136702545
-2.29999999999999896194147197548 -68.9321117926991243612063336277
-2.24999999999999895916591441392 -67.4799962665902062463422403209
-2.19999999999999895639035685235 -66.0277219653998362946638380975
-2.14999999999999895361479929079 -64.5752764109845277255761739292
-2.09999999999999895083924172923 -63.1226460562803377668170931449
-2.04999999999999894806368416766 -61.66981617973629124303781506
-1.9999999999999989452881266061 -60.2167707670983572913008006342
-1.94999999999999894251256904454 -58.7634923786753199224486623717
-1.89999999999999893973701148298 -57.3099619998840110125231308124
-1.84999999999999893696145392141 -55.8561588724672838973096212953
-1.79999999999999893418589635985 -54.4020603032867390220818649948
-1.74999999999999893141033879829 -52.9476414469917810842987839002
-1.69999999999999892863478123672 -51.4928750581290847713468065683
-1.64999999999999892585922367516 -50.0377312073457435528449628096
-1.5999999999999989230836661136 -48.582362856394032766746193252
-1.54999999999999892030810855204 -47.1261759757443731810750220629
-1.49999999999999891753255099047 -45.6696881200417753529613303677
-1.44999999999999891475699342891 -44.212668907976186939482171093
-1.39999999999999891198143586735 -42.7550689332822910733598328008
-1.34999999999999890920587830578 -41.2968331634799463557648882928
-1.29999999999999890643032074422 -39.8379001113900566875237637687
-1.24999999999999890365476318266 -38.3782008487199950870154194917
-1.1999999999999989008792056211 -36.9176578239468076748848044956
-1.14999999999999889810364805953 -35.45618343572640518022649324
-1.09999999999999889532809049797 -33.9936782982333653051872215162
-1.04999999999999889255253293641 -32.5300291146240425012083776392
1 -31.0651060469043344894843236676
1.10000000000000000555111512313 -28.321288232611427203324023055
1.20000000000000001110223024625 -25.9072108629401012525201734721
1.30000000000000001665334536938 -23.767459566572453438706396439
1.4000000000000000222044604925 -21.8590014834393351583114154294
1.50000000000000002775557561563 -20.1477614031597749111724167213
1.60000000000000003330669073875 -18.6063054618089259011610739083
1.70000000000000003885780586188 -17.2122284867499120684925866749
1.80000000000000004440892098501 -15.947003114148895097611156533
1.90000000000000004996003610813 -14.7951405625137711799648581901
2.00000000000000005551115123126 -13.7435669605357279022759853271
2.10000000000000006106226635438 -12.7811520135580994348137117136
2.20000000000000006661338147751 -11.8983474162966342287128191536
2.30000000000000007216449660064 -11.0869056960548722421813872916
2.40000000000000007771561172376 -10.3396589201047172320075577641
2.50000000000000008326672684689 -9.65034258937953447096648452259
2.60000000000000008881784197001 -9.01345407952346879018718656599
2.70000000000000009436895709314 -8.42413780838936091054725699395
2.80000000000000009992007221626 -7.87809130567779181289592729313
2.90000000000000010547118733939 -7.3714877943898418750591873098
3.00000000000000011102230246252 -6.90091193609625460351087033111
3.10000000000000011657341758564 -6.46330615781475016874316984218
3.20000000000000012212453270877 -6.05592554654197782568049771847
3.30000000000000012767564783189 -5.67629972345629406622860704759
3.40000000000000013322676295502 -5.32220043275381146175662345017
3.50000000000000013877787807814 -4.99161382820568442471934455929
3.60000000000000014432899320127 -4.68271663415139524591263806416
3.7000000000000001498801083244 -4.39385551133219727560052433891
3.80000000000000015543122344752 -4.1235290820136035848362298171
3.90000000000000016098233857065 -3.8703721703870490867068484719
4.00000000000000016653345369377 -3.63314189814522889339407038238
4.1000000000000001720845688169 -3.41070534468558608761898143443
4.20000000000000017763568394003 -3.20202853888005570638521663704
4.30000000000000018318679906315 -3.00616659641168298034060127872
4.40000000000000018873791418628 -2.82225485464799320196244877142
4.5000000000000001942890293094 -2.64950088707441685156276106824
4.60000000000000019984014443253 -2.4871773025664494425966210637
4.70000000000000020539125955565 -2.33461525232426273063969146925
4.80000000000000021094237467878 -2.19119858017780607218358194157
4.90000000000000021649348980191 -2.05635856117977244624601816505
5.00000000000000022204460492503 -1.92956917983087789884935282681
5.10000000000000022759572004816 -1.81034290370303643384103178798
5.20000000000000023314683517128 -1.69822691128770126235305030426
5.30000000000000023869795029441 -1.59279973511287495953690883273
5.40000000000000024424906541753 -1.49366828293112946080575427597
5.50000000000000024980018054066 -1.40046520135788298631899715371
5.60000000000000025535129566379 -1.31284654791429650746307727423
5.70000000000000026090241078691 -1.23048973910607347332314555035
5.80000000000000026645352591004 -1.15309174399357355247029056926
5.90000000000000027200464103316 -1.08036749468382097314925019853
6.00000000000000027755575615629 -1.01204848727766270227048718977
6.10000000000000028310687127941 1.05407206574782198488856213077
6.20000000000000028865798640254 1.12186997052072450946159562596
6.30000000000000029420910152567 1.19137779125713259225386660394
6.40000000000000029976021664879 1.26252804055500075443139812829
6.50000000000000030531133177192 1.3352533287321636346805620083
6.60000000000000031086244689504 1.40948669011272887342774888937
6.70000000000000031641356201817 1.48516187518894373325696001795
6.8000000000000003219646771413 1.56221360932618862514730354729
6.90000000000000032751579226442 1.64057781901913131896718247773
7.00000000000000033306690738755 1.72019182700139300992555236477
7.10000000000000033861802251067 1.80099451775495347058889411858
7.2000000000000003441691376338 1.88292647515750289421827485826
7.30000000000000034972025275692 1.96593009414696490867837106271
7.40000000000000035527136788005 2.04994966837523818474596358519
7.50000000000000036082248300318 2.13493145587192032966205266159
7.6000000000000003663735981263 2.22082372474832772164667749202
7.70000000000000037192471324943 2.30757678094790637260765760334
7.80000000000000037747582837255 2.3951429799966747496011788268
7.90000000000000038302694349568 2.48347672463206755736446385225
8.0000000000000003885780586188 2.57253445009557838048170740679
8.10000000000000039412917374193 2.66227459876862223126306993317
8.20000000000000039968028886506 2.75265758571624776085576405643
8.30000000000000040523140398818 2.84364575658337514594414507033
8.40000000000000041078251911131 2.93520333916622582536129855283
8.50000000000000041633363423443 3.02729638986012181494188358729
8.60000000000000042188474935756 3.11989273606594679267925299908
8.70000000000000042743586448069 3.21296191552290744860766062786
8.80000000000000043298697960381 3.30647511342603732202490569706
8.90000000000000043853809472694 3.40040509808402028891016396154
9.00000000000000044408920985006 3.49472615577695016252653731001
9.10000000000000044964032497319 3.58941402538490792222436619321
9.20000000000000045519144009631 3.68444583327684386031670577013
9.30000000000000046074255521944 3.77980002887514801119369461975
9.40000000000000046629367034257 3.87545632124429913383377208349
9.50000000000000047184478546569 3.97139561699182334934616264712
9.60000000000000047739590058882 4.06759995971612092402173059337
9.70000000000000048294701571194 4.1640524711881384647008920936
9.80000000000000048849813083507 4.26073729441194966048964693771
9.90000000000000049404924595819 4.35763953867262236384977609408
10.0000000000000004996003610813 4.45474522664785294900036718495
10.1000000000000005051514762044 4.55204124363230749561554987781
10.2000000000000005107025913276 4.64951528890000467554472164751
10.3000000000000005162537064507 4.74715582921000786012659699848
10.4000000000000005218048215738 4.84495205444378730852532014743
10.5000000000000005273559366969 4.94289383534851570928415856126
10.6000000000000005329070518201 5.04097168334894630078369565112
10.7000000000000005384581669432 5.13917671238109319160134132928
10.8000000000000005440092820663 5.2375006026934153620411103588
10.9000000000000005495603971895 5.33593556655535152871746882989
11.0000000000000005551115123126 5.43447431580863921567904904432
11.1000000000000005606626274357 5.53311003119367752713965577469
11.2000000000000005662137425588 5.63183633338108021421710850946
11.300000000000000571764857682 5.73064725563735449492617482144
11.4000000000000005773159728051 5.82953721805319083114248270567
11.5000000000000005828670879282 5.92850100326303531215292614272
11.6000000000000005884182030513 6.02753373358533045703223974542
11.7000000000000005939693181745 6.12663084951395687556282383901
11.8000000000000005995204332976 6.22578808949290442186601364814
11.9000000000000006050715484207 6.32500147090797540235849769516
12.0000000000000006106226635438 6.42426727223131209337286205923
12.100000000000000616173778667 6.52358201625669308263618038356
12.2000000000000006217248937901 6.6229424543658123294790773019
12.3000000000000006272760089132 6.72234555176810273920659894718
12.4000000000000006328271240363 6.82178847365905987767906286406
12.5000000000000006383782391595 6.92126857224443388827571486088
12.6000000000000006439293542826 7.02078337458006598595245120048
12.7000000000000006494804694057 7.12033057117953136000964719165
12.8000000000000006550315845288 7.2199080053440976507580196802
12.900000000000000660582699652 7.31951366317180509954833131573
13.0000000000000006661338147751 7.41914566420471130442471583849
13.1000000000000006716849298982 7.5188022526755127480335481787
13.2000000000000006772360450213 7.61848178931685128471488050748
13.3000000000000006827871601445 7.71818274369863256155785678804
13.4000000000000006883382752676 7.817903687060622234297865737
13.5000000000000006938893903907 7.91764328560944328661074758988
13.6000000000000006994405055138 8.01740029425087317852535548287
13.700000000000000704991620637 8.1171735507300331257876660545
13.8000000000000007105427357601 8.21696197015367437720654053635
13.9000000000000007160938508832 8.31676453987029926076247511608
14.0000000000000007216449660064 8.41658031468530977616979129089
14.1000000000000007271960811295 8.51640841238975571223466705723
14.2000000000000007327471962526 8.61624800958256000231975552268
14.3000000000000007382983113757 8.71609833776733382656596718911
14.4000000000000007438494264989 8.81595867970606048226414089844
14.500000000000000749400541622 8.9158283660130280161028655093
14.6000000000000007549516567451 9.01570677197342883300306264511
14.7000000000000007605027718682 9.11559331457202277003646357804
14.8000000000000007660538869914 9.21548744971818124359182281159
14.9000000000000007716050021145 9.315388669654496804166148254
15.0000000000000007771561172376 9.41529650053695747697472675223
15.1000000000000007827072323607 9.51521050017545127577934699421
15.2000000000000007882583474839 9.615130255924085825799622103
15.300000000000000793809462607 9.71505538271148361116753018448
15.4000000000000007993605777301 9.81498552120184737705737509105
15.5000000000000008049116928532 9.91492033607818497829601735146
15.6000000000000008104628079764 10.0148595144396406922554160038
15.7000000000000008160139230995 10.1148027643054028255679051998
15.8000000000000008215650382226 10.2147498132181473669342413983
15.9000000000000008271161533457 10.3147004069404364016985183331
16.0000000000000008326672684689 10.4146543082379198433556824913
16.100000000000000838218383592 10.5146112957435914957347044317
16.2000000000000008437694987151 10.6145711628977271901419781287
16.3000000000000008493206138382 10.7145337169584853096496302854
16.4000000000000008548717289614 10.814498778078479898773205857
16.5000000000000008604228440845 10.9144661784429451602850615317
16.6000000000000008659739592076 11.0144357614653987828160575888
16.7000000000000008715250743307 11.1144073810369814691235524831
16.8000000000000008770761894539 11.2143809008259024196205724241
16.900000000000000882627304577 11.3143561936236564747027297268
17.0000000000000008881784197001 11.4143331407348991731446638236
17.1000000000000008937295348233 11.5143116314080721209928653471
17.2000000000000008992806499464 11.6142915623040637057936460189
17.3000000000000009048317650695 11.7142728370003701987804418135
17.4000000000000009103828801926 11.8142553655283904741750468123
17.5000000000000009159339953158 11.9142390639416447015318140967
17.6000000000000009214851104389 12.0142238539128541484640575171
17.700000000000000927036225562 12.1142096623579563370760275438
17.8000000000000009325873406851 12.2141964210852578560069871591
17.9000000000000009381384558083 12.3141840664680467297144811894
18.0000000000000009436895709314 12.4141725391390979388464915281
18.1000000000000009492406860545 12.5141617837056099866682899936
18.2000000000000009547918011776 12.6141517484832078000282664109
18.3000000000000009603429163008 12.7141423852477381918768650702
18.4000000000000009658940314239 12.8141336490036690194816004093
18.500000000000000971445146547 12.9141254977679824445522401416
18.6000000000000009769962616701 13.0141178923685267092822326288
18.7000000000000009825473767933 13.1141107962558599326249968133
18.8000000000000009880984919164 13.2141041753276839282734383129
18.9000000000000009936496070395 13.3140979977650262530415108957
19.0000000000000009992007221626 13.4140922338793848951559966421
19.1000000000000010047518372858 13.5140868559701024713574683938
19.2000000000000010103029524089 13.6140818381912857673638688458
19.300000000000001015854067532 13.7140771564276321596350556222
19.4000000000000010214051826551 13.8140727881785671137812442905
19.5000000000000010269562977783 13.9140687124501367684688421252
19.6000000000000010325074129014 14.0140649096541367720918579974
19.7000000000000010380585280245 14.1140613615139932191640908319
19.8000000000000010436096431476 14.2140580509769438990896912333
19.9000000000000010491607582708 14.3140549621320982755598527946
20.0000000000000010547118733939 14.4140520801339828040101247334
20.100000000000001060262988517 14.5140493911312045015637756929
20.2000000000000010658141036402 14.6140468821998902340086474814
20.3000000000000010713652187633 14.714044541281582094635036679
20.4000000000000010769163338864 14.8140423571252906294712995844
20.5000000000000010824674490095 14.914040319233427614615943259
20.6000000000000010880185641327 15.0140384178113587092328831513
20.7000000000000010935696792558 15.1140366437203336812778403112
20.8000000000000010991207943789 15.2140349884335681151773136275
20.900000000000001104671909502 15.3140334439952656389869367315
21.0000000000000011102230246252 15.4140320029823838253583625724
