601
-21 -632.285204313672333136796057493
-20.9499999999999999972244424384 -630.785204313672321845059426753
-20.8999999999999999944488848769 -629.285204313672309748852101274
-20.8499999999999999916733273153 -627.785204313672296790434433789
-20.7999999999999999888977697537 -626.285204313672282907922602618
-20.7499999999999999861222121922 -624.785204313672268034991169921
-20.6999999999999999833466546306 -623.285204313672252100554291534
-20.6499999999999999805710970691 -621.785204313672235028424046119
-20.5999999999999999777955395075 -620.285204313672216736944241419
-20.5499999999999999750199819459 -618.785204313672197138597937524
-20.4999999999999999722444243844 -617.28520431367217613958680071
-20.4499999999999999694688668228 -615.785204313672153639380266069
-20.3999999999999999666933092612 -614.285204313672129530232341954
-20.3499999999999999639177516997 -612.785204313672103696663733825
-20.2999999999999999611421941381 -611.28520431367207601490679832
-20.2499999999999999583666365766 -609.785204313672046352310659765
-20.199999999999999955591079015 -608.285204313672014566703629829
-20.1499999999999999528155214534 -606.785204313671980505709865834
-20.0999999999999999500399638919 -605.285204313671944006016983268
-20.0499999999999999472644063303 -603.785204313671904892591102308
-19.9999999999999999444888487687 -602.285204313671862977835555511
-19.9499999999999999417132912072 -600.785204313671818060689213056
-19.8999999999999999389377336456 -599.285204313671769925660091649
-19.8499999999999999361621760841 -597.785204313671718341789602211
-19.7999999999999999333866185225 -596.285204313671663061542458018
-19.7499999999999999306110609609 -594.785204313671603819616907719
-19.6999999999999999278355033994 -593.285204313671540331669574653
-19.6499999999999999250599458378 -591.785204313671472292948773464
-19.5999999999999999222843882762 -590.285204313671399376829735126
-19.5499999999999999195088307147 -588.785204313671321233244699989
-19.4999999999999999167332731531 -587.285204313671237487000333173
-19.4499999999999999139577155916 -585.785204313671147735974375029
-19.39999999999999991118215803 -584.285204313671051549182858971
-19.3499999999999999084066004684 -582.785204313670948464708606836
-19.2999999999999999056310429069 -581.285204313670837987481045174
-19.2499999999999999028554853453 -579.785204313670719586896671282
-19.1999999999999999000799277837 -578.285204313670592694268731834
-19.1499999999999998973043702222 -576.785204313670456700093856118
-19.0999999999999998945288126606 -575.285204313670310951122506077
-19.049999999999999891753255099 -573.785204313670154747219162406
-18.9999999999999998889776975375 -572.28520431366998733799715534
-18.9499999999999998862021399759 -570.785204313669807919211965575
-18.8999999999999998834265824144 -569.285204313669615628895659936
-18.8499999999999998806510248528 -567.785204313669409543213882084
-18.7999999999999998778754672912 -566.285204313669188672025485118
-18.7499999999999998750999097297 -564.785204313668951954123463621
-18.6999999999999998723243521681 -563.285204313668698252134310926
-18.6499999999999998695487946065 -561.785204313668426347051285598
-18.599999999999999866773237045 -560.28520431366813493237531151
-18.5499999999999998639976794834 -558.785204313667822607835350039
-18.4999999999999998612221219219 -557.285204313667487872658061627
-18.4499999999999998584465643603 -555.785204313667129118354407654
-18.3999999999999998556710067987 -554.285204313666744620988521738
-18.3499999999999998528954492372 -552.785204313666332532891691178
-18.2999999999999998501198916756 -551.285204313665890873781622136
-18.249999999999999847344334114 -549.785204313665417521244303739
-18.1999999999999998445687765525 -548.285204313664910200532722614
-18.1499999999999998417932189909 -546.785204313664366473633395839
-18.0999999999999998390176614294 -545.285204313663783727548171103
-18.0499999999999998362421038678 -543.785204313663159161734971093
-17.9999999999999998334665463062 -542.285204313662489774647116619
-17.9499999999999998306909887447 -540.785204313661772349306530353
-17.8999999999999998279154311831 -539.285204313661003437841479436
-17.8499999999999998251398736215 -537.785204313660179344914538347
-17.79999999999999982236431606 -536.285204313659296109961119281
-17.7499999999999998195887584984 -534.785204313658349488153200341
-17.6999999999999998168132009368 -533.285204313657334929996754608
-17.6499999999999998140376433753 -531.785204313656247559464816038
-17.5999999999999998112620858137 -530.28520431365508215056107978
-17.5499999999999998084865282522 -528.785204313653833102201390949
-17.4999999999999998057109706906 -527.285204313652494411292390863
-17.449999999999999802935413129 -525.785204313651059643877924516
-17.3999999999999998001598555675 -524.285204313649521904214525796
-17.3499999999999997973842980059 -522.785204313647873801627343204
-17.2999999999999997946087404443 -521.285204313646107414987200601
-17.2499999999999997918331828828 -519.785204313644214254638053594
-17.1999999999999997890576253212 -518.285204313642185221591847655
-17.1499999999999997862820677597 -516.785204313640010563794649896
-17.0999999999999997835065101981 -515.285204313637679829253849703
-17.0499999999999997807309526365 -513.785204313635181815801136254
-16.999999999999999777955395075 -512.285204313632504517249790984
-16.9499999999999997751798375134 -510.785204313629635065687502493
-16.8999999999999997724042799518 -509.285204313626559669627336967
-16.8499999999999997696287223903 -507.785204313623263547719589581
-16.7999999999999997668531648287 -506.285204313619730857705905955
-16.7499999999999997640776072672 -504.7852043136159446202741949
-16.6999999999999997613020497056 -503.285204313611886637448344583
-16.649999999999999758526492144 -501.785204313607537405120486045
-16.5999999999999997557509345825 -500.285204313602876019305394408
-16.5499999999999997529753770209 -498.785204313597880075666443829
-16.4999999999999997501998194593 -497.285204313592525561830192354
-16.4499999999999997474242618978 -495.785204313586786741972011645
-16.3999999999999997446487043362 -494.285204313580636033118027708
-16.3499999999999997418731467747 -492.785204313574043872568823588
-16.2999999999999997390975892131 -491.285204313566978575807682128
-16.2499999999999997363220316515 -489.785204313559406184210411298
-16.19999999999999973354647409 -488.285204313551290301824776361
-16.1499999999999997307709165284 -486.785204313542591920435026675
-16.0999999999999997279953589668 -485.285204313533269232070697856
-16.0499999999999997252198014053 -483.785204313523277428058521429
-15.9999999999999997224442438437 -482.2852043135125684836515942
-15.9499999999999997196686862821 -480.785204313501090927200637332
-15.8999999999999997168931287206 -479.285204313488789592757877385
-15.849999999999999714117571159 -477.78520431347560535492445121
-15.7999999999999997113420135975 -476.285204313461474844666890907
-15.7499999999999997085664560359 -474.785204313446330144736773842
-15.6999999999999997057908984743 -473.285204313430098463229586219
-15.6499999999999997030153409128 -471.785204313412701783713775852
-15.5999999999999997002397833512 -470.285204313394056490248355498
-15.5499999999999996974642257896 -468.785204313374072965486721037
-15.4999999999999996946886682281 -467.285204313352655159934988919
-15.4499999999999996919131106665 -465.78520431332970013029451284
-15.399999999999999689137553105 -464.285204313305097544669644112
-15.3499999999999996863619955434 -462.785204313278729152262539481
-15.2999999999999996835864379818 -461.285204313250468215006128812
-15.2499999999999996808108804203 -459.785204313220178898403412519
-15.1999999999999996780353228587 -458.285204313187715618645185742
-15.1499999999999996752597652971 -456.78520431315292234286814049
-15.0999999999999996724842077356 -455.285204313115631839190068379
-15.049999999999999669708650174 -453.785204313075664872917492484
-14.9999999999999996669330926125 -452.285204313032829345062337069
-14.9499999999999996641575350509 -450.785204312986919369026955007
-14.8999999999999996613819774893 -449.28520431293771428101964167
-14.8499999999999996586064199278 -447.785204312884977579444242752
-14.7999999999999996558308623662 -446.285204312828455788166080619
-14.7499999999999996530553048046 -444.785204312767877238190538836
-14.6999999999999996502797472431 -443.285204312702950761898498624
-14.6499999999999996475041896815 -441.785204312633364293562529513
-14.5999999999999996447286321199 -440.285204312558783369417279135
-14.5499999999999996419530745584 -438.78520431247884952007471891
-14.4999999999999996391775169968 -437.285204312393178547557462838
-14.4499999999999996364019594353 -435.785204312301358678668798552
-14.3999999999999996336264018737 -434.285204312202948585823687821
-14.3499999999999996308508443121 -432.785204312097475265827950827
-14.2999999999999996280752867506 -431.285204311984431766410082852
-14.249999999999999625299729189 -429.785204311863274749578381954
-14.1999999999999996225241716274 -428.285204311733421880091774362
-14.1499999999999996197486140659 -426.785204311594249026492141181
-14.0999999999999996169730565043 -425.285204311445087261245035259
-14.0499999999999996141974989428 -423.785204311285219645570100545
-13.9999999999999996114219413812 -422.285204311113877783507626895
-13.9499999999999996086463838196 -420.785204310930238128658517141
-13.8999999999999996058708262581 -419.285204310733418025846178915
-13.8499999999999996030952686965 -417.785204310522471468674767756
-13.7999999999999996003197111349 -416.28520431029638455259267643
-13.7499999999999995975441535734 -414.785204310054070601606624777
-13.6999999999999995947685960118 -413.285204309794364945223120389
-13.6499999999999995919930384503 -411.785204309516019320512893648
-13.5999999999999995892174808887 -410.285204309217695872392080621
-13.5499999999999995864419233271 -408.785204308897960723282773597
-13.4999999999999995836663657656 -407.285204308555277081245799736
-13.449999999999999580890808204 -405.785204308187997853460274977
-13.3999999999999995781152506424 -404.285204307794357729546950927
-13.3499999999999995753396930809 -402.785204307372464696684199387
-13.2999999999999995725641355193 -401.285204306920290945734414699
-13.2499999999999995697885779578 -399.785204306435663124671531424
-13.1999999999999995670130203962 -398.285204305916251892463185292
-13.1499999999999995642374628346 -396.785204305359560723198709762
-13.0999999999999995614619052731 -395.28520430476291390665049841
-13.0499999999999995586863477115 -393.785204304123443687593953425
-12.9999999999999995559107901499 -392.285204303438076482071718901
-12.9499999999999995531352325884 -390.785204302703518104351267802
-12.8999999999999995503596750268 -389.285204301916237933569848722
-12.8499999999999995475841174652 -387.785204301072451943964448166
-12.7999999999999995448085599037 -386.285204300168104517122290016
-12.7499999999999995420330023421 -384.78520429919884894883322295
-12.6999999999999995392574447806 -383.285204298160026556851000591
-12.649999999999999536481887219 -381.785204297046644289145780626
-12.5999999999999995337063296574 -380.285204295853350725022835986
-12.5499999999999995309307720959 -378.785204294574410353757841456
-12.4999999999999995281552145343 -377.285204293203676007120044322
-12.4499999999999995253796569727 -375.785204291734559313281354831
-12.3999999999999995226040994112 -374.285204290159999030099251692
-12.3499999999999995198285418496 -372.785204288472427105568679459
-12.2999999999999995170529842881 -371.285204286663732302313826697
-12.2499999999999995142774267265 -369.785204284725221211282308929
-12.1999999999999995115018691649 -368.285204282647576467255562019
-12.1499999999999995087263116034 -366.785204280420811965339864334
-12.0999999999999995059507540418 -365.285204278034224863187704797
-12.0499999999999995031751964802 -363.785204275476344138249914523
-11.9999999999999995003996389187 -362.285204272734875452800824348
-11.9499999999999994976240813571 -360.785204269796642061732111926
-11.8999999999999994948485237956 -359.285204266647521479090660566
-11.849999999999999492072966234 -357.785204263272377598950245375
-11.7999999999999994892974086724 -356.285204259654987944358206439
-11.7499999999999994865218511109 -354.785204255777965694681447117
-11.6999999999999994837462935493 -353.285204251622676116578553262
-11.6499999999999994809707359877 -351.785204247169146996925933114
-11.5999999999999994781951784262 -350.285204242395972647196336153
-11.5499999999999994754196208646 -348.785204237280211017889350114
-11.4999999999999994726440633031 -347.285204231797273428496980801
-11.4499999999999994698685057415 -345.785204225920806382994011101
-11.3999999999999994670929481799 -344.28520421962256490280190988
-11.3499999999999994643173906184 -342.785204212872276768403769669
-11.2999999999999994615418330568 -341.285204205637497017090120438
-11.2499999999999994587662754952 -339.785204197883451997481455726
-11.1999999999999994559907179337 -338.285204189572872231277800602
-11.1499999999999994532151603721 -336.785204180665813278887373819
-11.0999999999999994504396028105 -335.285204171119463747926756258
-11.049999999999999447664045249 -333.785204160887939521786819628
-10.9999999999999994448884876874 -332.285204149922063219224945046
-10.9499999999999994421129301259 -330.785204138169127824956399937
-10.8999999999999994393373725643 -329.285204125572643355134920318
-10.8499999999999994365618150027 -327.78520411207206534006884738
-10.7999999999999994337862574412 -326.285204097602503819122624069
-10.7499999999999994310106998796 -324.785204082094411449083964795
-10.699999999999999428235142318 -323.285204065473249226884308623
-10.6499999999999994254595847565 -321.785204047659128219961671924
-10.5999999999999994226840271949 -320.285204028566425582233506929
-10.5499999999999994199084696334 -318.785204008103373010048296242
-10.4999999999999994171329120718 -317.285203986171615660014223711
-10.4499999999999994143573545102 -315.785203962665739408624561387
-10.3999999999999994115817969487 -314.285203937472764181429888965
-10.3499999999999994088062393871 -312.785203910471600916415408113
-10.2999999999999994060306818255 -311.28520388153246955144340721
-10.249999999999999403255124264 -309.78520385051627523827606487
-10.1999999999999994004795667024 -308.285203817273939784901618599
-10.1499999999999993977040091409 -306.785203781645685112682174837
-10.0999999999999993949284515793 -305.285203743460265284189502268
-10.0499999999999993921528940177 -303.785203702534143410387156417
-9.99999999999999938937733645616 -302.285203658670609480864740299
-9.9499999999999993866017788946 -300.785203611658834876859191406
-9.89999999999999938382622133304 -299.285203561272859022443415968
-9.84999999999999938105066377148 -297.785203507270503303061052608
-9.79999999999999937827510620991 -296.285203449392207030969251578
-9.74999999999999937549954864835 -294.785203387359779862438093271
-9.69999999999999937272399108679 -293.285203320875064669943919227
-9.64999999999999936994843352522 -291.785203249618504442153303022
-9.59999999999999936717287596366 -290.285203173247606323154857772
-9.5499999999999993643973184021 -288.785203091395295407939124238
-9.49999999999999936162176084053 -287.285203003668150381174640583
-9.44999999999999935884620327897 -285.785202909644512518332411965
-9.39999999999999935607064571741 -284.285202808872458959439767708
-9.34999999999999935329508815585 -282.785202700867630513270191311
-9.29999999999999935051953059428 -281.285202585110903550459985531
-9.24999999999999934774397303272 -279.785202461045894794521995538
-9.19999999999999934496841547116 -278.285202328076287016395802661
-9.14999999999999934219285790959 -276.785202185562962777168523974
-9.09999999999999933941730034803 -275.285202032820932440778639326
-9.04999999999999933664174278647 -273.785201869116041689437496549
-8.99999999999999933386618522491 -272.285201693661442714410627025
-8.94999999999999933109062766334 -270.785201505613812118593014308
-8.89999999999999932831507010178 -269.285201304069297349521620425
-8.84999999999999932553951254022 -267.785201088059172176234357398
-8.79999999999999932276395497865 -266.285200856545180324425505679
-8.74999999999999931998839741709 -264.785200608414544884929826239
-8.69999999999999931721283985553 -263.285200342474619503473530816
-8.64999999999999931443728229397 -261.785200057447155637122949049
-8.5999999999999993116617247324 -260.285199751962158316647658703
-8.54999999999999930888616717084 -258.78519942455130087520379845
-8.49999999999999930611060960928 -257.285199073640866982805260867
-8.44999999999999930333505204771 -255.785198697544186052769523021
-8.39999999999999930055949448615 -254.285198294453525649749605433
-8.34999999999999929778393692459 -252.785197862431401917354066803
-8.29999999999999929500837936303 -251.285197399401266244127487647
-8.24999999999999929223282180146 -249.785196903137523386322327219
-8.1999999999999992894572642399 -248.285196371254833049974841356
-8.14999999999999928668170667834 -246.785195801196643487795780836
-8.09999999999999928390614911677 -245.285195190222901971675579919
-8.04999999999999928113059155521 -243.785194535396883041359280822
-7.99999999999999927835503399365 -242.285193833571071184958026229
-7.94999999999999927557947643209 -240.785193081372030056941695588
-7.89999999999999927280391887052 -239.285192275184185462131712359
-7.84999999999999927002836130896 -237.785191411132444106427681077
-7.7999999999999992672528037474 -236.285190485063564511297283892
-7.74999999999999926447724618583 -234.78518949252619048235027396
-7.69999999999999926170168862427 -233.285188428749451083559378633
-7.64999999999999925892613106271 -231.785187288620024166735875564
-7.59999999999999925615057350115 -230.285186066657553107311848862
-7.54999999999999925337501593958 -228.785184756988298466499921806
-7.49999999999999925059945837802 -227.285183353316897798071504999
-7.44999999999999924782390081646 -225.785181848896097704104336321
-7.39999999999999924504834325489 -224.285180236494312473893701308
-7.34999999999999924227278569333 -222.785178508360853166379742448
-7.29999999999999923949722813177 -221.285176656188659768045598799
-7.2499999999999992367216705702 -219.785174671074357020712355776
-7.19999999999999923394611300864 -218.28517254347544160844219829
-7.14999999999999923117055544708 -216.785170263164394557031814466
-7.09999999999999922839499788552 -215.285167819179497865913429949
-7.04999999999999922561944032395 -213.785165199772118488326878803
-6.99999999999999922284388276239 -212.285162392350205723727276373
-6.94999999999999922006832520083 -210.785159383417729803195347881
-6.89999999999999921729276763926 -209.285156158509769844641684237
-6.8499999999999992145172100777 -207.785152702122938333775743561
-6.79999999999999921174165251614 -206.285148997640806745994816196
-6.74999999999999920896609495458 -204.785145027253972752766243849
-6.69999999999999920619053739301 -203.285140771874383534756704056
-6.64999999999999920341497983145 -201.785136211043501925108306831
-6.59999999999999920063942226989 -200.285131322833872292573532777
-6.54999999999999919786386470832 -198.785126083743611098167415465
-6.49999999999999919508830714676 -197.285120468583312762019420441
-6.4499999999999991923127495852 -195.785114450354824688772437486
-6.39999999999999918953719202364 -194.285108000121305836937728004
-6.34999999999999918676163446207 -192.785101086867940883015339454
-6.29999999999999918398607690051 -191.285093677352636612969390029
-6.24999999999999918121051933895 -189.785085735945978443760859447
-6.19999999999999917843496177738 -188.285077224459672690670416967
-6.14999999999999917565940421582 -186.785068101962644087906192261
-6.09999999999999917288384665426 -185.285058324583897856015133342
-6.0499999999999991701082890927 -183.785047845301190983489310724
-5.99999999999999916733273153113 -182.285036613714488021523722773
-5.94999999999999916455717396957 -180.785024575803102224272756153
-5.89999999999999916178161640801 -179.285011673665342918443769608
-5.84999999999999915900605884644 -177.784997845239404141729502359
-5.79999999999999915623050128488 -176.284983024004137402716106195
-5.74999999999999915345494372332 -174.784967138658252403227701208
-5.69999999999999915067938616176 -173.284950112776383206633175744
-5.64999999999999914790382860019 -171.784931864440343069449128035
-5.59999999999999914512827103863 -170.284912305843768369859494407
-5.54999999999999914235271347707 -168.784891342868220106913852973
-5.4999999999999991395771559155 -167.28486887462866959517315922
-5.44999999999999913680159835394 -165.784844792986142469117224707
-5.39999999999999913402604079238 -164.28481898202513110255859097
-5.34999999999999913125048323082 -162.784791317493209132569400195
-5.29999999999999912847492566925 -161.284761666200091969345519108
-5.24999999999999912569936810769 -159.784729885373182902251428865
-5.19999999999999912292381054613 -158.284695821966424513899471831
-5.14999999999999912014825298456 -156.78465931191903832184534194
-5.099999999999999117372695423 -155.284620179360480501843792135
-5.04999999999999911459713786144 -153.78457823575766670387845685
-4.99999999999999911182158029987 -152.284533279000222711626479201
-4.94999999999999910904602273831 -150.784485092419198225632769831
-4.89999999999999910627046517675 -149.284433443734336410976697396
-4.84999999999999910349490761519 -147.784378083924619897149513682
-4.79999999999999910071935005362 -146.284318746016412301426845087
-4.74999999999999909794379249206 -144.78425514378308048943700269
-4.6999999999999990951682349305 -143.284186970349513856610963
-4.64999999999999909239267736893 -141.784113896694449798180894345
-4.59999999999999908961711980737 -140.284035570042965804979541019
-4.54999999999999908684156224581 -138.783951612140904497466719413
-4.49999999999999908406600468425 -137.283861617402354217823521037
-4.44999999999999908129044712268 -135.783765150920609925596417838
-4.39999999999999907851488956112 -134.283661746332281977767990326
-4.34999999999999907573933199956 -132.783550903523398255109993424
-4.29999999999999907296377443799 -131.283432086165451733573751465
-4.24999999999999907018821687643 -129.783304719068373997444102099
-4.19999999999999906741265931487 -128.28316818533635755888144651
-4.14999999999999906463710175331 -126.783021823311297494528918806
-4.09999999999999906186154419174 -125.282864923287366122016171591
-4.04999999999999905908598663018 -123.782696723978862347685909878
-3.99999999999999905631042906862 -122.282516408721977736134623086
-3.94999999999999905353487150705 -120.782323101389480598658849639
-3.89999999999999905075931394549 -119.282115861995522079712893162
-3.84999999999999904798375638393 -117.781893681965796995119479124
-3.79999999999999904520819882237 -116.281655479046127467628311965
-3.7499999999999990424326412608 -114.78140009182015708029695136
-3.69999999999999903965708369924 -113.281126273804222254040752274
-3.64999999999999903688152613768 -111.780832687084577401556332568
-3.59999999999999903410596857611 -110.280517895458958771380975413
-3.54999999999999903133041101455 -108.780180357040941934831442492
-3.49999999999999902855485345299 -107.279818416281637549730904207
-3.44999999999999902577929589143 -105.779430295358931301750689385
-3.39999999999999902300373832986 -104.279014084879651730899542877
-3.3499999999999990202281807683 -102.778747336792405733452557581
-3.29999999999999901745262320674 -101.278293161750978702704102467
-3.24999999999999901467706564517 -99.777806533193159731409434831
-3.19999999999999901190150808361 -98.2770249686789051574107059706
-3.14999999999999900912595052205 -96.7764343137647822639524321196
-3.09999999999999900635039296048 -95.275800726230549943364867783
-3.04999999999999900357483539892 -93.7751210433664575662652047912
-2.99999999999999900079927783736 -92.2743918631193221423939412918
-2.9499999999999989980237202758 -90.7736095250176201880091788916
-2.89999999999999899524816271423 -89.2727700894310777930543800583
-2.84999999999999899247260515267 -87.7718693149976743450574012233
-2.79999999999999898969704759111 -86.2709026340310688186068790096
-2.74999999999999898692149002954 -84.7698651256987358853635156325
-2.69999999999999898414593246798 -83.2687514867351008737076723191
-2.64999999999999898137037490642 -81.7675559994241406710591715344
-2.59999999999999897859481734486 -80.2662724965516214292815753332
-2.54999999999999897581925978329 -78.76489432298759749904029826
-2.49999999999999897304370222173 -77.2634142935140711503254993371
-2.44999999999999897026814466017 -75.7618246464596952962556905456
-2.3999999999999989674925870986 -74.2601169926417501203340846313
-2.34999999999999896471702953704 -72.7582822590437181786275020712
-2.29999999999999896194147197548 -71.2563106265726553109526701774
-2.24999999999999895916591441392 -69.754191461141813440162769884
-2.19999999999999895639035685235 -68.2519132372076914664954085952
-2.14999999999999895361479929079 -66.7494634527532832043639294668
-2.09999999999999895083924172923 -65.2468285345463340597509369081
-2.04999999999999894806368416766 -63.743993732307436393322778482
-1.9999999999999989452881266061 -62.2409430001909789898771060391
-1.94999999999999894251256904454 -60.7376588637038104237179944007
-1.89999999999999893973701148298 -59.2341222698512920385886731702
-1.84999999999999893696145392141 -57.7303124178947073566914979381
-1.79999999999999893418589635985 -56.2262065676106212625530186451
-1.74999999999999893141033879829 -54.7217798213398489726934036395
-1.69999999999999892863478123672 -53.2170048753730573062810110788
-1.64999999999999892585922367516 -51.7118517353052654408139563105
-1.5999999999999989230836661136 -50.2062873888552011180870243129
-1.54999999999999892030810855204 -48.700275428225350546397822334
-1.49999999999999891753255099047 -47.193775612292297937951310669
-1.44999999999999891475699342891 -45.6867433566548404014931640425
-1.39999999999999891198143586735 -44.1791291366818129427335352645
-1.34999999999999890920587830578 -42.6708777849922971512048705259
-1.29999999999999890643032074422 -41.1619276599934675313111395793
-1.24999999999999890365476318266 -39.6522096558157132504454421401
-1.1999999999999989008792056211 -38.1416460156887175060225525246
-1.14999999999999889810364805953 -36.6301488997418125624489274084
-1.09999999999999889532809049797 -35.1176186433048170158189046557
-1.04999999999999889255253293641 -33.6039416214565703294656454863
1 -32.0889876074907402956014912661
1.10000000000000000555111512313 -29.2515863261956984951205428655
1.20000000000000001110223024625 -26.7553317166419588100221505331
1.30000000000000001665334536938 -24.5428934262084137064240619466
1.4000000000000000222044604925 -22.5697501551101495121093545077
1.50000000000000002775557561563 -20.8006476350355059047903650056
1.60000000000000003330669073875 -19.2072023766003619999683721226
1.70000000000000003885780586188 -17.7662333432301706833461848096
1.80000000000000004440892098501 -16.4585713324191145446689341206
1.90000000000000004996003610813 -15.2681907688733303189876440801
2.00000000000000005551115123126 -14.1815644920831385345548848309
2.10000000000000006106226635438 -13.1871761412423832927395569522
2.20000000000000006661338147751 -12.2751460750371815635546142436
2.30000000000000007216449660064 -11.4369404982654553358789544794
2.40000000000000007771561172376 -10.6651425182766848697164861279
2.50000000000000008326672684689 -9.95326994562498199902219882666
2.60000000000000008881784197001 -9.29562883147699060454255929979
2.70000000000000009436895709314 -8.68719464976012169307657828517
2.80000000000000009992007221626 -8.12351509804625875269776491534
2.90000000000000010547118733939 -7.60062997550447667706539250154
3.00000000000000011102230246252 -7.11500467568353668269809785662
3.10000000000000011657341758564 -6.6634746252715471822298691101
3.20000000000000012212453270877 -6.24319858879928645798940062401
3.30000000000000012767564783189 -5.85161920042311731701247363147
3.40000000000000013322676295502 -5.48642941791037211696921163107
3.50000000000000013877787807814 -5.14554384990946192648440147765
3.60000000000000014432899320127 -4.82707410665139328995915854138
3.7000000000000001498801083244 -4.52930748167031275704687246109
3.80000000000000015543122344752 -4.25068839884926631359712182253
3.90000000000000016098233857065 -3.98980216272354616227146238049
4.00000000000000016653345369377 -3.74536063572867108656029624111
4.1000000000000001720845688169 -3.5161895374738442706576685036
4.20000000000000017763568394003 -3.30121712051932336917567596357
4.30000000000000018318679906315 -3.09946402619476265040607814849
4.40000000000000018873791418628 -2.91003416398364829704462379035
4.5000000000000001942890293094 -2.73210649000543179376675714297
4.60000000000000019984014443253 -2.56492758517920040333041941314
4.70000000000000020539125955565 -2.40780495276460668350357256342
4.80000000000000021094237467878 -2.26010096914971563457770090105
4.90000000000000021649348980191 -2.12122743195897721993089862035
5.00000000000000022204460492503 -1.99064065668834760211123940447
5.10000000000000022759572004816 -1.86783707794294052989896839367
5.20000000000000023314683517128 -1.75234931464276890770233006992
5.30000000000000023869795029441 -1.64374266083486073598577379733
5.40000000000000024424906541753 -1.54161196544040030308153790119
5.50000000000000024980018054066 -1.44557886569226044939836836613
5.60000000000000025535129566379 -1.35528934039844913037924518029
5.70000000000000026090241078691 -1.27041155063370367193419161769
5.80000000000000026645352591004 -1.19063393708209298688048859485
5.90000000000000027200464103316 -1.11566354504686848545190525883
6.00000000000000027755575615629 -1.04522455009542690152881663861
6.10000000000000028310687127941 1.02125154651882711161737199108
6.20000000000000028865798640254 1.08816333304242795457226004142
6.30000000000000029420910152567 1.15681860272994978728940499948
6.40000000000000029976021664879 1.22715000330332588656253175472
6.50000000000000030531133177192 1.29909009796346627651476859761
6.60000000000000031086244689504 1.37257170927386302101519291616
6.70000000000000031641356201817 1.44752822874074923775296004237
6.8000000000000003219646771413 1.52389389256300309104701350482
6.90000000000000032751579226442 1.60160402438737713995604948684
7.00000000000000033306690738755 1.68059524622418815569106616421
7.10000000000000033861802251067 1.76080565894932796007959297522
7.2000000000000003441691376338 1.84217499403751999787771885299
7.30000000000000034972025275692 1.92464473833897252355214702464
7.40000000000000035527136788005 2.00815823382889830370883958008
7.50000000000000036082248300318 2.09266075433028374516634105923
7.6000000000000003663735981263 2.17809956123937508308051180226
7.70000000000000037192471324943 2.26442394027582928046009653952
7.80000000000000037747582837255 2.35158522124086314194051247908
7.90000000000000038302694349568 2.43953678270253763187281189082
8.0000000000000003885780586188 2.5282340434428322133547023178
8.10000000000000039412917374193 2.61763444240132376915011745498
8.20000000000000039968028886506 2.70769740873954437475357105145
8.30000000000000040523140398818 2.79838432353238432038970059886
8.40000000000000041078251911131 2.88965847447161737686840671096
8.50000000000000041633363423443 2.98148500484460010339341286007
8.60000000000000042188474935756 3.07383085793076697855761538503
8.70000000000000042743586448069 3.16666471784156328378856229106
8.80000000000000043298697960381 3.25995694771735380247915895533
8.90000000000000043853809472694 3.35367952608866498100574399468
9.00000000000000044408920985006 3.4478059821095820087033263046
9.10000000000000044964032497319 3.54231133027867467486329925573
9.20000000000000045519144009631 3.63717200517768208627557795444
9.30000000000000046074255521944 3.73236579668037579314804355644
9.40000000000000046629367034257 3.82787178601342594263822071634
9.50000000000000047184478546569 3.92367028298748510775763548864
9.60000000000000047739590058882 4.01974276465976507767521415805
9.70000000000000048294701571194 4.1160718156387399257149036144
9.80000000000000048849813083507 4.21264107019685266631338861738
9.90000000000000049404924595819 4.30943515631780002355687425688
10.0000000000000004996003610813 4.40643964177067973324171849354
10.1000000000000005051514762044 4.50364098227356970142750289839
10.2000000000000005107025913276 4.60102647178354151930604323966
10.3000000000000005162537064507 4.69858419492828252415888530779
10.4000000000000005218048215738 4.7963029815760222414988846237
10.5000000000000005273559366969 4.89417236352496608988561505756
10.6000000000000005329070518201 4.99218253328059276036244912017
10.7000000000000005384581669432 5.09032430487865912806460255824
10.8000000000000005440092820663 5.18858907670329168715910156981
10.9000000000000005495603971895 5.28696879624286588658233676624
11.0000000000000005551115123126 5.38545592672124878998622241607
11.1000000000000005606626274357 5.48404341553819420713421542945
11.2000000000000005662137425588 5.58272466445004305844223858816
11.300000000000000571764857682 5.6814935014202261202211589125
11.4000000000000005773159728051 5.78034415406824142791561488331
11.5000000000000005828670879282 5.8792712246456519720702251883
11.6000000000000005884182030513 5.97826966646810435227246946718
11.7000000000000005939693181745 6.07733476173330367076636851817
11.8000000000000005995204332976 6.17646210065620510926148506446
11.9000000000000006050715484207 6.27564756185432100966694962725
12.0000000000000006106226635438 6.37488729391792700798650350652
12.100000000000000616173778667 6.47417769810202430220097399839
12.2000000000000006217248937901 6.57351541207912818191057704216
12.3000000000000006272760089132 6.67289729469426352001455198508
12.4000000000000006328271240363 6.77232041166592045974788760273
12.5000000000000006383782391595 6.87178202217912809550917585333
12.6000000000000006439293542826 6.97127956631921554278177354511
12.7000000000000006494804694057 7.07081065329722771478194610126
12.8000000000000006550315845288 7.17037305042033039349140434677
12.900000000000000660582699652 7.26996467276286204862448907872
13.0000000000000006661338147751 7.3695835734959573487865493184
13.1000000000000006716849298982 7.46922793483587084119243452819
13.2000000000000006772360450213 7.56889605957326230796182096318
13.3000000000000006827871601445 7.66858636314776303401318086354
13.4000000000000006883382752676 7.76829736623412131147214622979
13.5000000000000006938893903907 7.86802768780812386534840454963
13.6000000000000006994405055138 7.96777603866230645948473341465
13.700000000000000704991620637 8.06754121534320153688612061391
13.8000000000000007105427357601 8.16732209448352388108537477464
13.9000000000000007160938508832 8.26711762750426805092220239339
14.0000000000000007216449660064 8.36692683566318530219345082729
14.1000000000000007271960811295 8.46674880542752479813359372583
14.2000000000000007327471962526 8.56658268415026634604559011498
14.3000000000000007382983113757 8.66642767603034211626191204241
14.4000000000000007438494264989 8.76628303833854539637043966764
14.500000000000000749400541622 8.8661480778919581103403418138
14.6000000000000007549516567451 8.9660221477607983565316854524
14.7000000000000007605027718682 9.06590464419259738893716082022
14.8000000000000007660538869914 9.16579500373956508248677528691
14.9000000000000007716050021145 9.26569270057589676396682770114
15.0000000000000007771561172376 9.36559724399261509196490499486
15.1000000000000007827072323607 9.46550817605833111253552972191
15.2000000000000007882583474839 9.56542506943505131352157950082
15.300000000000000793809462607 9.6653475253388549831088687446
15.4000000000000007993605777301 9.76527517163592089560382194587
15.5000000000000008049116928532 9.86520766106499665790510783379
15.6000000000000008104628079764 9.96514466957798021859316796628
15.7000000000000008160139230995 10.0650858947908232375667294952
15.8000000000000008215650382226 10.1650310545374723111963379923
15.9000000000000008271161533457 10.2649798855200384236088435527
16.0000000000000008326672684689 10.3649321420488293315706989964
16.100000000000000838218383592 10.4648875948662956777318480569
16.2000000000000008437694987151 10.5648460300493311626600783609
16.3000000000000008493206138382 10.6648072479847316992470697511
16.4000000000000008548717289614 10.7647710624129596467535800907
16.5000000000000008604228440845 10.8647372995356784159629291358
16.6000000000000008659739592076 10.9647057971828213116787351716
16.7000000000000008715250743307 11.0646764040352377174915369289
16.8000000000000008770761894539 11.1646489788992208403046890027
16.900000000000000882627304577 11.2646233900294653584126093693
17.0000000000000008881784197001 11.3645995144972315300191180725
17.1000000000000008937295348233 11.4645772376007056284701380809
17.2000000000000008992806499464 11.5645564523147459252869576611
17.3000000000000009048317650695 11.6645370587773897342026805728
17.4000000000000009103828801926 11.7645189638106710964729553317
17.5000000000000009159339953158 11.8645020804734613160930602072
17.6000000000000009214851104389 11.9644863276441964810597947709
17.700000000000000927036225562 12.0644716296314980255434525808
17.8000000000000009325873406851 12.1644579158108249466770575571
17.9000000000000009381384558083 12.2644451202854200968248885091
18.0000000000000009436895709314 12.3644331815699285975309601284
18.1000000000000009492406860545 12.4644220422951743986713177496
18.2000000000000009547918011776 12.5644116489326818355179583378
18.3000000000000009603429163008 12.6644019515376231854552881141
18.4000000000000009658940314239 12.7643929035089611330033813143
18.500000000000000971445146547 12.8643844613656371264974603142
18.6000000000000009769962616701 12.9643765845377332357502568907
18.7000000000000009825473767933 13.064369235171606656014866062
18.8000000000000009880984919164 13.1643623779480627850740853603
18.9000000000000009936496070395 13.2643559799126951410366299652
19.0000000000000009992007221626 13.3643500103175785817432301514
19.1000000000000010047518372858 13.4643444404735566067809036723
19.2000000000000010103029524089 13.5643392436124142262707499906
19.300000000000001015854067532 13.6643343947582752063671482448
19.4000000000000010214051826551 13.7643298706076066736238439927
19.5000000000000010269562977783 13.8643256494172552881967121912
19.6000000000000010325074129014 13.9643217108999776746722387378
19.7000000000000010380585280245 14.0643180361269637116862110189
19.8000000000000010436096431476 14.1643146074368847979543775986
19.9000000000000010491607582708 14.2643114083510304921554925742
20.0000000000000010547118733939 14.3643084234941261160513761919
20.100000000000001060262988517 14.4643056385204511532318303779
20.2000000000000010658141036402 14.5643030400449036996784534563
20.3000000000000010713652187633 14.6643006155786799481057613162
20.4000000000000010769163338864 14.7642983534692598288891235431
20.5000000000000010824674490095 14.864296242844410591955150571
20.6000000000000010880185641327 14.9642942735599393949118105569
20.7000000000000010935696792558 15.0642924361509439550061794649
20.8000000000000010991207943789 15.1642907217863271121748016835
20.900000000000001104671909502 15.2642891222263568177397443917
21.0000000000000011102230246252 15.3642876297830676831112214683
