601
-21 -653.30866328649632182637291837
-20.9499999999999999972244424384 -651.758663286496310514437215279
-20.8999999999999999944488848769 -650.208663286496298396780271467
-20.8499999999999999916733273153 -648.658663286496285415572683647
-20.7999999999999999888977697537 -647.108663286496271508834432021
-20.7499999999999999861222121922 -645.558663286496256610136976168
-20.6999999999999999833466546306 -644.008663286496240648283969304
-20.6499999999999999805710970691 -642.458663286496223546969056318
-20.5999999999999999777955395075 -640.908663286496205224409110779
-20.5499999999999999750199819459 -639.358663286496185592951148095
-20.4999999999999999722444243844 -637.808663286496164558651025471
-20.4499999999999999694688668228 -636.258663286496142020821903694
-20.3999999999999999666933092612 -634.708663286496117871550300471
-20.3499999999999999639177516997 -633.158663286496091995177409231
-20.2999999999999999611421941381 -631.608663286496064267743190383
-20.2499999999999999583666365766 -630.058663286496034556390563077
-20.199999999999999955591079015 -628.508663286496002718726833745
-20.1499999999999999528155214534 -626.95866328649596860213929217
-20.0999999999999999500399638919 -625.408663286495932043061685487
-20.0499999999999999472644063303 -623.858663286495892866188044515
-19.9999999999999999444888487687 -622.308663286495850883630083655
-19.9499999999999999417132912072 -620.75866328649580589401412449
-19.8999999999999999389377336456 -619.208663286495757681513202431
-19.8499999999999999361621760841 -617.658663286495706014809704332
-19.7999999999999999333866185225 -616.108663286495650645983551013
-19.7499999999999999306110609609 -614.558663286495591309320580772
-19.6999999999999999278355033994 -613.008663286495527720035406479
-19.6499999999999999250599458378 -611.458663286495459572902607689
-19.5999999999999999222843882762 -609.908663286495386540789678678
-19.5499999999999999195088307147 -608.358663286495308273084681079
-19.4999999999999999167332731531 -606.808663286495224394011043701
-19.4499999999999999139577155916 -605.258663286495134500821409697
-19.39999999999999991118215803 -603.708663286495038161861849892
-19.3499999999999999084066004684 -602.158663286494934914497138
-19.2999999999999999056310429069 -600.608663286494824262887115647
-19.2499999999999999028554853453 -599.058663286494705675603459432
-19.1999999999999999000799277837 -597.508663286494578583075395091
-19.1499999999999998973043702222 -595.958663286494442374852081734
-19.0999999999999998945288126606 -594.408663286494296396668507908
-19.049999999999999891753255099 -592.858663286494139947300796874
-18.9999999999999998889776975375 -591.308663286493972275195806244
-18.9499999999999998862021399759 -589.75866328649379257485882232
-18.8999999999999998834265824144 -588.208663286493599982981986748
-18.8499999999999998806510248528 -586.658663286493393574294846944
-18.7999999999999998778754672912 -585.108663286493172357117086155
-18.7499999999999998750999097297 -583.558663286492935268592057571
-18.6999999999999998723243521681 -582.00866328649268116957821265
-18.6499999999999998695487946065 -580.4586632864924088391738696
-18.599999999999999866773237045 -578.908663286492116968849005503
-18.5499999999999998639976794834 -577.35866328649180415615586686
-18.4999999999999998612221219219 -575.808663286491468897988168881
-18.4499999999999998584465643603 -574.258663286491109583356484148
-18.3999999999999998556710067987 -572.708663286490724485645095925
-18.3499999999999998528954492372 -571.158663286490311754313099015
-18.2999999999999998501198916756 -569.608663286489869405999859884
-18.249999999999999847344334114 -568.058663286489395314992084868
-18.1999999999999998445687765525 -566.508663286488887203006676845
-18.1499999999999998417932189909 -564.958663286488342628240272178
-18.0999999999999998390176614294 -563.408663286487758973632824974
-18.0499999999999998362421038678 -561.858663286487133434288828172
-17.9999999999999998334665463062 -560.308663286486463003995712112
-17.9499999999999998306909887447 -558.758663286485744460774621873
-17.8999999999999998279154311831 -557.208663286484974351394123885
-17.8499999999999998251398736215 -555.658663286484148974772407639
-17.79999999999999982236431606 -554.108663286483264364188205935
-17.7499999999999998195887584984 -552.558663286482316268214931289
-17.6999999999999998168132009368 -551.008663286481300130286389294
-17.6499999999999998140376433753 -549.458663286480211066795852467
-17.5999999999999998112620858137 -547.908663286479043843623228794
-17.5499999999999998084865282522 -546.358663286477792850977503897
-17.4999999999999998057109706906 -544.808663286476452076433538146
-17.449999999999999802935413129 -543.258663286475015076033621356
-17.3999999999999998001598555675 -541.708663286473474943314885988
-17.3499999999999997973842980059 -540.158663286471824276113710562
-17.2999999999999997946087404443 -538.608663286470055140987560155
-17.2499999999999997918331828828 -537.058663286468159035083259194
-17.1999999999999997890576253212 -535.508663286466126845268418171
-17.1499999999999997862820677597 -533.95866328646394880432958132
-17.0999999999999997835065101981 -532.408663286461614444026563702
-17.0499999999999997807309526365 -530.858663286459112544777335502
-16.999999999999999777955395075 -529.308663286456431081731616255
-16.9499999999999997751798375134 -527.758663286453557166973984198
-16.8999999999999997724042799518 -526.208663286450476987578702662
-16.8499999999999997696287223903 -524.658663286447175739218526853
-16.7999999999999997668531648287 -523.108663286443637555008384818
-16.7499999999999997640776072672 -521.558663286439845429241922998
-16.6999999999999997613020497056 -520.008663286435781135654359593
-16.649999999999999758526492144 -518.458663286431425139818779882
-16.5999999999999997557509345825 -516.908663286426756505254810323
-16.5499999999999997529753770209 -515.358663286421752792798387076
-16.4999999999999997501998194593 -513.808663286416389952748944373
-16.4499999999999997474242618978 -512.258663286410642209275633134
-16.3999999999999997446487043362 -510.708663286404481936526973637
-16.3499999999999997418731467747 -509.158663286397879525848468965
-16.2999999999999997390975892131 -507.60866328639080324346996679
-16.2499999999999997363220316515 -506.058663286383219077978750323
-16.19999999999999973354647409 -504.508663286375090576845244851
-16.1499999999999997307709165284 -502.958663286366378671215608173
-16.0999999999999997279953589668 -501.408663286357041488129078538
-16.0499999999999997252198014053 -499.85866328634703414925751143
-15.9999999999999997224442438437 -498.308663286336308555199755961
-15.9499999999999997196686862821 -496.758663286324813154294091755
-15.8999999999999997168931287206 -495.208663286312492694837533837
-15.849999999999999714117571159 -493.658663286299287959521059055
-15.7999999999999997113420135975 -492.108663286285135480804329065
-15.7499999999999997085664560359 -490.558663286269967235861871599
-15.6999999999999997057908984743 -489.008663286253710319634492791
-15.6499999999999997030153409128 -487.458663286236286594414457178
-15.5999999999999997002397833512 -485.908663286217612314280182621
-15.5499999999999996974642257896 -484.358663286197597722575312715
-15.4999999999999996946886682281 -482.80866328617614662049746831
-15.4499999999999996919131106665 -481.258663286153155904723119756
-15.399999999999999689137553105 -479.708663286128515071846195003
-15.3499999999999996863619955434 -478.158663286102105687248530453
-15.2999999999999996835864379818 -476.608663286073800815849314689
-15.2499999999999996808108804203 -475.05866328604346441199744841
-15.1999999999999996780353228587 -473.508663286010950665574366105
-15.1499999999999996752597652971 -471.958663285976103301164392636
-15.0999999999999996724842077356 -470.408663285938754826924129145
-15.049999999999999669708650174 -468.858663285898725729540593355
-14.9999999999999996669330926125 -467.308663285855823611408717444
-14.9499999999999996641575350509 -465.758663285809842265881086551
-14.8999999999999996613819774893 -464.208663285760560686145148153
-14.8499999999999996586064199278 -462.658663285707742002964105885
-14.7999999999999996558308623662 -461.108663285651132346175797998
-14.7499999999999996530553048046 -459.558663285590459624477406832
-14.6999999999999996502797472431 -458.008663285525432217631090246
-14.6499999999999996475041896815 -456.458663285455737574804681111
-14.5999999999999996447286321199 -454.908663285381040712310443388
-14.5499999999999996419530745584 -453.358663285300982603521334688
-14.4999999999999996391775169968 -451.808663285215178453225981234
-14.4499999999999996364019594353 -450.258663285123215848128131089
-14.3999999999999996336264018737 -448.708663285024652774601045491
-14.3499999999999996308508443121 -447.158663284919015494169255074
-14.2999999999999996280752867506 -445.608663284805796266506280648
-14.249999999999999625299729189 -444.058663284684450909004010649
-14.1999999999999996225241716274 -442.508663284554396181183916349
-14.1499999999999996197486140659 -440.958663284415006981378396068
-14.0999999999999996169730565043 -439.408663284265613342208224455
-14.0499999999999996141974989428 -437.858663284105497210415005342
-13.9999999999999996114219413812 -436.308663283933888995571038702
-13.9499999999999996086463838196 -434.758663283749963871078131747
-13.8999999999999996058708262581 -433.208663283552837809676272127
-13.8499999999999996030952686965 -431.658663283341563334407014549
-13.7999999999999996003197111349 -430.108663283115124964608777866
-13.7499999999999995975441535734 -428.558663282872434335055433992
-13.6999999999999995947685960118 -427.008663282612324964778547662
-13.6499999999999995919930384503 -425.458663282333546650429845844
-13.5999999999999995892174808887 -423.908663282034759457235864721
-13.5499999999999995864419233271 -422.358663281714527278662566429
-13.4999999999999995836663657656 -420.808663281371310933834740989
-13.449999999999999580890808204 -419.25866328100346076953324721
-13.3999999999999995781152506424 -417.708663280609208731211921047
-13.3499999999999995753396930809 -416.158663280186659864923845695
-13.2999999999999995725641355193 -414.608663279733783209311367785
-13.2499999999999995697885779578 -413.058663279248402033882611314
-13.1999999999999995670130203962 -411.508663278728183376655194503
-13.1499999999999995642374628346 -409.958663278170626830880292608
-13.0999999999999995614619052731 -408.408663277573052526950925548
-13.0499999999999995586863477115 -406.858663276932588251730035456
-12.9999999999999995559107901499 -405.308663276246155643387962698
-12.9499999999999995531352325884 -403.758663275510455395395402411
-12.8999999999999995503596750268 -402.208663274721951398555469126
-12.8499999999999995475841174652 -400.658663273876853744854224345
-12.7999999999999995448085599037 -399.108663272971100511438397048
-12.7499999999999995420330023421 -397.558663272000338237165755874
-12.6999999999999995392574447806 -396.008663270959900997889492301
-12.649999999999999536481887219 -394.458663269844787979902842079
-12.5999999999999995337063296574 -392.90866326864963944375163527
-12.5499999999999995309307720959 -391.358663267368710962885827553
-12.4999999999999995281552145343 -389.808663265995845813329140963
-12.4499999999999995253796569727 -388.258663264524445381658875817
-12.3999999999999995226040994112 -386.708663262947437449063031651
-12.3499999999999995198285418496 -385.158663261257242199033311897
-12.2999999999999995170529842881 -383.608663259445735785311317334
-12.2499999999999995142774267265 -382.058663257504211284978667806
-12.1999999999999995115018691649 -380.50866325542333684901356634
-12.1499999999999995087263116034 -378.958663253193110849166025347
-12.0999999999999995059507540418 -377.408663250802813805566865761
-12.0499999999999995031751964802 -375.858663248240956864012284533
-11.9999999999999995003996389187 -374.308663245495226575281890787
-11.9499999999999994976240813571 -372.75866324255242571107392523
-11.8999999999999994948485237956 -371.208663239398409832091468658
-11.849999999999999492072966234 -369.658663236018019303396249433
-11.7999999999999994892974086724 -368.108663232395006430264040142
-11.7499999999999994865218511109 -366.55866322851195736432241041
-11.6999999999999994837462935493 -365.00866322435020840461504621
-11.6499999999999994809707359877 -363.458663219889756291296135526
-11.5999999999999994781951784262 -361.908663215109162060783962884
-11.5499999999999994754196208646 -360.358663209985448000256063831
-11.4999999999999994726440633031 -358.808663204493987206200315968
-11.4499999999999994698685057415 -357.258663198608385216187759897
-11.3999999999999994670929481799 -355.708663192300353144932882765
-11.3499999999999994643173906184 -354.158663185539571714872425637
-11.2999999999999994615418330568 -352.608663178293545527728215789
-11.2499999999999994587662754952 -351.05866317052744687661270971
-11.1999999999999994559907179337 -349.508663162203948347962395924
-11.1499999999999994532151603721 -347.95866315328304340870229928
-11.0999999999999994504396028105 -346.408663143721854116295554784
-11.049999999999999447664045249 -344.858663133474425027437794362
-10.9999999999999994448884876874 -343.308663122491502314819403544
-10.9499999999999994421129301259 -341.758663110720297030280691601
-10.8999999999999994393373725643 -340.208663098104231376483924295
-10.8499999999999994365618150027 -338.658663084582666767555707928
-10.7999999999999994337862574412 -337.108663070090612371620809195
-10.7499999999999994310106998796 -335.558663054558412734333390005
-10.699999999999999428235142318 -334.0086630379114129819628691
-10.6499999999999994254595847565 -332.458663020069599994825861339
-10.5999999999999994226840271949 -330.908663000947217826354863203
-10.5499999999999994199084696334 -329.358662980452355519303335884
-10.4999999999999994171329120718 -327.808662958486505337910515144
-10.4499999999999994143573545102 -326.258662934944089292649862064
-10.3999999999999994115817969487 -324.708662909711951681778988232
-10.3499999999999994088062393871 -323.158662882668815210563497289
-10.2999999999999994060306818255 -321.608662853684698073977241108
-10.249999999999999403255124264 -320.058662822620289201045379091
-10.1999999999999994004795667024 -318.50866278932627865789231831
-10.1499999999999993977040091409 -316.958662753642639991017306407
-10.0999999999999993949284515793 -315.408662715397861061309943359
-10.0499999999999993921528940177 -313.858662674408119671725572983
-9.99999999999999938937733645616 -312.308662630476400026176072621
-9.9499999999999993866017788946 -310.758662583391545772779176933
-9.89999999999999938382622133304 -309.208662532927245079781742742
-9.84999999999999938105066377148 -307.658662478840942865763696197
-9.79999999999999937827510620991 -306.108662420872674955568974295
-9.74999999999999937549954864835 -304.558662358743818558113956954
-9.69999999999999937272399108679 -303.008662292155753059988159292
-9.64999999999999936994843352522 -301.45866222078842469765220632
-9.59999999999999936717287596366 -299.908662144298808208981335185
-9.5499999999999993643973184021 -298.358662062319258069676975745
-9.49999999999999936162176084053 -296.808661974455741389292882106
-9.44999999999999935884620327897 -295.258661880285943972743312032
-9.39999999999999935607064571741 -293.708661779357240443443021026
-9.34999999999999935329508815585 -292.158661671184518670739974446
-9.29999999999999935051953059428 -290.608661555247848043898653751
-9.24999999999999934774397303272 -289.058661430989980384205813365
-9.19999999999999934496841547116 -287.508661297813671482190668302
-9.14999999999999934219285790959 -285.958661155078810384607451488
-9.09999999999999933941730034803 -284.408661002099342631571658984
-9.04999999999999933664174278647 -282.858660838139972653625571217
-8.99999999999999933386618522491 -281.30866066241262947676770288
-8.94999999999999933109062766334 -279.758660474072678745506030879
-8.89999999999999932831507010178 -278.208660272214862854310291048
-8.84999999999999932553951254022 -276.658660055868949670574766704
-8.79999999999999932276395497865 -275.108659823995068931068246054
-8.74999999999999931998839741709 -273.558659575478713892098216346
-8.69999999999999931721283985553 -272.008659309125384204022892807
-8.64999999999999931443728229397 -270.458659023654844255558383992
-8.5999999999999993116617247324 -268.908658717694969384242751204
-8.54999999999999930888616717084 -267.358658389775150367529850836
-8.49999999999999930611060960928 -265.808658038319224484748805857
-8.44999999999999930333505204771 -264.258657661637899163347872967
-8.39999999999999930055949448615 -262.708657257920631782475878382
-8.34999999999999929778393692459 -261.158656825226926591281995988
-8.29999999999999929500837936303 -259.608656361477006895730259209
-8.24999999999999929223282180146 -258.058655864441817662715546748
-8.1999999999999992894572642399 -256.508655331732310469345785861
-8.14999999999999928668170667834 -254.958654760787959272889435785
-8.09999999999999928390614911677 -253.408654148864451776426730734
-8.04999999999999928113059155521 -251.858653493020497198835437649
-7.99999999999999927835503399365 -250.308652790103687006246679482
-7.94999999999999927557947643209 -248.758652036735340605001789194
-7.89999999999999927280391887052 -247.208651229294263111423411998
-7.84999999999999927002836130896 -245.65865036389933707778981108
-7.7999999999999992672528037474 -244.108649436390864441472011403
-7.74999999999999926447724618583 -242.558648442310568948131158174
-7.69999999999999926170168862427 -241.008647376880162851087738144
-7.64999999999999925892613106271 -239.458646234978374776268741431
-7.59999999999999925615057350115 -237.908645011116328232057408801
-7.54999999999999925337501593958 -236.358643699411152300032001354
-7.49999999999999925059945837802 -234.808642293557697527501680104
-7.44999999999999924782390081646 -233.258640786798220914652443091
-7.39999999999999924504834325489 -231.708639171889894103729079832
-7.34999999999999924227278569333 -230.158637441069978387506259023
-7.29999999999999923949722813177 -228.608635586018498908393043217
-7.2499999999999992367216705702 -227.058633597818238363208986877
-7.19999999999999923394611300864 -225.508631466911857603319513572
-7.14999999999999923117055544708 -223.958629183055936662495441351
-7.09999999999999922839499788552 -222.40862673527171488803930954
-7.04999999999999922561944032395 -220.858624111792292921931193389
-6.99999999999999922284388276239 -219.308621300006042200210514325
-6.94999999999999922006832520083 -217.758618286395949327042073889
-6.89999999999999921729276763926 -216.208615056474603045292578062
-6.8499999999999992145172100777 -214.658611594714510471749225229
-6.79999999999999921174165251614 -213.108607884473406689029871997
-6.74999999999999920896609495458 -211.558603907914197576817117392
-6.69999999999999920619053739301 -210.008599645919149803135161778
-6.64999999999999920341497983145 -208.458595077997914053977030305
-6.59999999999999920063942226989 -206.908590182188937719161561712
-6.54999999999999919786386470832 -205.358584934953791226085226241
-6.49999999999999919508830714676 -203.808579311063897862221691544
-6.4499999999999991923127495852 -202.258573283479120081100319865
-6.39999999999999918953719202364 -200.708566823217615761522565023
-6.34999999999999918676163446207 -199.158559899216335488575692274
-6.29999999999999918398607690051 -197.608552478181486435271555099
-6.24999999999999918121051933895 -196.058544524428239616956371165
-6.19999999999999917843496177738 -194.508535999708904921187157402
-6.14999999999999917565940421582 -192.958526863028742118933624424
-6.09999999999999917288384665426 -191.408517070448515753800866271
-6.0499999999999991701082890927 -189.858506574872837077558711544
-5.99999999999999916733273153113 -188.3084953258232667219031143
-5.94999999999999916455717396957 -186.758483269195077211602614932
-5.89999999999999916178161640801 -185.208470346996494348630858496
-5.84999999999999915900605884644 -183.658456497069150515928537316
-5.79999999999999915623050128488 -182.108441652788390615618801379
-5.74999999999999915345494372332 -180.558425742741972186715657447
-5.69999999999999915067938616176 -179.00840869038559471977548659
-5.64999999999999914790382860019 -177.458390413673578736581184288
-5.59999999999999914512827103863 -175.908370824662892221997432508
-5.54999999999999914235271347707 -174.358347932422761392845362027
-5.4999999999999991395771559155 -172.808327325908588150546954856
-5.44999999999999913680159835394 -171.25849861940888710323950294
-5.39999999999999913402604079238 -169.708479408803016988713899895
-5.34999999999999913125048323082 -168.158458677477924504298758864
-5.29999999999999912847492566925 -166.608436310270083028334676113
-5.24999999999999912569936810769 -165.058412183825321756201903038
-5.19999999999999912292381054613 -163.508386165016672467055420399
-5.14999999999999912014825298456 -161.958358111204624311885815267
-5.099999999999999117372695423 -160.408327869028383942296066191
-5.04999999999999911459713786144 -158.858295273708878287392328637
-4.99999999999999911182158029987 -157.307991208281169911983277948
-4.94999999999999910904602273831 -155.757942946731426442642978848
-4.89999999999999910627046517675 -154.207891217686658511768813897
-4.84999999999999910349490761519 -152.657835771737352332324653561
-4.79999999999999910071935005362 -151.107776341493259993416030971
-4.74999999999999909794379249206 -149.557712640280969266196234083
-4.6999999999999990951682349305 -148.007644360746217953302947984
-4.64999999999999909239267736893 -146.457571173353850230552748927
-4.59999999999999908961711980737 -144.907492724777762741212589347
-4.54999999999999908684156224581 -143.357408636172593033829798372
-4.49999999999999908406600468425 -141.807318501318258102047969317
-4.44999999999999908129044712268 -140.257221884627751665045127406
-4.39999999999999907851488956112 -138.707118319007850300508126304
-4.34999999999999907573933199956 -137.157007303561554931634675887
-4.29999999999999907296377443799 -135.606888301120199171695551237
-4.24999999999999907018821687643 -134.056760735592182633380843946
-4.19999999999999906741265931487 -132.506623989114227706336781929
-4.14999999999999906463710175331 -130.956477398989903782842391461
-4.09999999999999906186154419174 -129.406320254398903733381165157
-4.04999999999999905908598663018 -127.856151792859182705041691223
-3.99999999999999905631042906862 -126.305971196422566820990479152
-3.94999999999999905353487150705 -124.75577758758279538140995508
-3.89999999999999905075931394549 -123.205570024873159275105034129
-3.84999999999999904798375638393 -121.655347498128923119663749036
-3.79999999999999904520819882237 -120.105108923387549531024433006
-3.7499999999999990424326412608 -118.554853137397358688891388858
-3.69999999999999903965708369924 -117.004578891702629874690352168
-3.64999999999999903688152613768 -115.454284846270255386891615252
-3.59999999999999903410596857611 -113.903969562619858753044298887
-3.54999999999999903133041101455 -112.353631496415751519888775099
-3.49999999999999902855485345299 -110.80326898947518396097937259
-3.44999999999999902577929589143 -109.252880261142996604384314916
-3.39999999999999902300373832986 -107.702463398977946349234117198
-3.3499999999999990202281807683 -106.152016348690599752357701873
-3.29999999999999901745262320674 -104.601536903266683963932261588
-3.24999999999999901467706564517 -103.05102269120307881313550463
-3.19999999999999901190150808361 -101.500471163776124739742825543
-3.14999999999999900912595052205 -99.94987958125349844731563753
-3.09999999999999900635039296048 -98.3992449979514412189341125764
-3.04999999999999900357483539892 -96.8485642460284625848636003438
-2.99999999999999900079927783736 -95.2978339178946083368389885557
-2.9499999999999989980237202758 -93.7470503471017711113030932584
-2.89999999999999899524816271423 -92.1962095875650932548137892624
-2.84999999999999899247260515267 -90.6453073909479830983572080275
-2.79999999999999898969704759111 -89.094339182023305024590750178
-2.74999999999999898692149002954 -87.543515572891939124824694465
-2.69999999999999898414593246798 -85.9921846281824756785995963847
-2.64999999999999898137037490642 -84.4409872438856600870918977614
-2.59999999999999897859481734486 -82.8897017013232931781150273164
-2.54999999999999897581925978329 -81.338321334111022463198228947
-2.49999999999999897304370222173 -79.7868389448090830423536151526
-2.44999999999999897026814466017 -78.235246758461625464791818387
-2.3999999999999989674925870986 -76.6835363714320662838791686492
-2.34999999999999896471702953704 -75.1316986949611841371998813694
-2.29999999999999896194147197548 -73.5797238927902874542840267147
-2.24999999999999895916591441392 -72.0276013120927168916742056006
-2.19999999999999895639035685235 -70.4753194068402802260446029693
-2.14999999999999895361479929079 -68.9228656525933465985321443441
-2.09999999999999895083924172923 -67.3702264515398101389225608076
-2.04999999999999894806368416766 -65.8173870264134729889078525253
-1.9999999999999989452881266061 -64.2643313016897577256001628699
-1.94999999999999894251256904454 -62.7110417701774944596107325062
-1.89999999999999893973701148298 -61.1574993427891046159268178119
-1.84999999999999893696145392141 -59.6036831788642654169774672118
-1.79999999999999893418589635985 -58.0495704939268693003084247363
-1.74999999999999893141033879829 -56.4951363411497949389010898699
-1.69999999999999892863478123672 -54.9403533620584049805483695675
-1.64999999999999892585922367516 -53.3851915010851923685818984326
-1.5999999999999989230836661136 -51.8296176774469428025713866163
-1.54999999999999892030810855204 -50.2735954063896051827800196406
-1.49999999999999891753255099047 -48.7170843600520284832713957702
-1.44999999999999891475699342891 -47.1600398559275196513233218502
-1.39999999999999891198143586735 -45.6024122580034475287168585143
-1.34999999999999890920587830578 -44.0441462719325073739854452244
-1.29999999999999890643032074422 -42.48518011075879941613559729
-1.24999999999999890365476318266 -40.9254445014053685369561311331
-1.1999999999999989008792056211 -39.3648614937920662968855303793
-1.14999999999999889810364805953 -37.8033430233349738546769572006
-1.09999999999999889532809049797 -36.2407891625922228460506185074
-1.04999999999999889255253293641 -34.677085977380881686929408712
1 -33.1121028744539265156981337964
1.10000000000000000555111512313 -30.1811221844641203227084722677
1.20000000000000001110223024625 -27.6026946799412214946472588079
1.30000000000000001665334536938 -25.3175740239639838144337103201
1.4000000000000000222044604925 -23.2797504748017699766929492508
1.50000000000000002775557561563 -21.452790704433672862197785235
1.60000000000000003330669073875 -19.8073615964308394565238408627
1.70000000000000003885780586188 -18.3195062486751096106365490506
1.80000000000000004440892098501 -16.9694136181868619749677835536
1.90000000000000004996003610813 -15.7405213337373090534501763586
2.00000000000000005551115123126 -14.6188489430718908845773006131
2.10000000000000006106226635438 -13.5924940162962952399438042872
2.20000000000000006661338147751 -12.6512455729188435116973710633
2.30000000000000007216449660064 -11.7862834923376354006996795267
2.40000000000000007771561172376 -10.9899419202125856932398275957
2.50000000000000008326672684689 -10.2555209774775791276522359464
2.60000000000000008881784197001 -9.57713539607699485240902637111
2.70000000000000009436895709314 -8.94959171821871371126928752489
2.80000000000000009992007221626 -8.36828783118408820539945549511
2.90000000000000010547118733939 -7.82913014426567753114366559819
3.00000000000000011102230246252 -7.32846483081955200511730486483
3.10000000000000011657341758564 -6.86302037939797672362231994098
3.20000000000000012212453270877 -6.429859307428824397050185692
3.30000000000000012767564783189 -6.02633734750175379272443600892
3.40000000000000013322676295502 -5.65006876163597958080155636587
3.50000000000000013877787807814 -5.29889670298636329959209337485
3.60000000000000014432899320127 -4.97086774917704854652406214977
3.7000000000000001498801083244 -4.66420989277343475698832570974
3.80000000000000015543122344752 -4.37731340380565740642403110131
3.90000000000000016098233857065 -4.10871408486692261746642608059
4.00000000000000016653345369377 -3.85707852673144335544586951546
4.1000000000000001720845688169 -3.62119104543712739435421958474
4.20000000000000017763568394003 -3.39994204285872681454419699508
4.30000000000000018318679906315 -3.19231758365023734234151506642
4.40000000000000018873791418628 -2.99739002329175782813213349261
4.5000000000000001942890293094 -2.81430955584593252694452552301
4.60000000000000019984014443253 -2.64229657684816362826786754843
4.70000000000000020539125955565 -2.48063477745407146977420498267
4.80000000000000021094237467878 -2.32866490148902712430271694124
4.90000000000000021649348980191 -2.18577910832281163082622699285
5.00000000000000022204460492503 -2.05141589242272832349046972091
5.10000000000000022759572004816 -1.92505551584219074622287582704
5.20000000000000023314683517128 -1.80621591349930180538284573432
5.30000000000000023869795029441 -1.69444903349412559869584553686
5.40000000000000024424906541753 -1.58933757638446557023096604494
5.50000000000000024980018054066 -1.49049209865009037359139840015
5.60000000000000025535129566379 -1.39754844678004669549825840959
5.70000000000000026090241078691 -1.31016548968187391105333457507
5.80000000000000026645352591004 -1.22802311852710347079848988114
5.90000000000000027200464103316 -1.15082048475077707262771969829
6.00000000000000027755575615629 -1.07827444871067312862114587618
6.10000000000000028310687127941 -1.01011821345541957616807449392
6.20000000000000028865798640254 1.05599202553221373054459030209
6.30000000000000029420910152567 1.12380756506466449489747208076
6.40000000000000029976021664879 1.19333174679966001173319598852
6.50000000000000030531133177192 1.26449717416350808451058383719
6.60000000000000031086244689504 1.33723654247574796920057230422
6.70000000000000031641356201817 1.41148296545299347217563677687
6.8000000000000003219646771413 1.48717026761574246952416599027
6.90000000000000032751579226442 1.56423324325559147483062742252
7.00000000000000033306690738755 1.64260788296295813711188341324
7.10000000000000033861802251067 1.72223156901154535090669212778
7.2000000000000003441691376338 1.80304324114109712736371403847
7.30000000000000034972025275692 1.88498353447312185730870580374
7.40000000000000035527136788005 1.96799489143618667711778522341
7.50000000000000036082248300318 2.05202164967093508749833930075
7.6000000000000003663735981263 2.13701010793427371184119094496
7.70000000000000037192471324943 2.22290857203218295938521362433
7.80000000000000037747582837255 2.30966738278675125790276558007
7.90000000000000038302694349568 2.39723892799086460897135968704
8.0000000000000003885780586188 2.48557764022893479059760831408
8.10000000000000039412917374193 2.57463998234925078815877697957
8.20000000000000039968028886506 2.6643844222676917926085632934
8.30000000000000040523140398818 2.75477139866784534569221960705
8.40000000000000041078251911131 2.84576327904268922857524239677
8.50000000000000041633363423443 2.93732431140103207942225034477
8.60000000000000042188474935756 3.02942057084044733009953802134
8.70000000000000042743586448069 3.12201990206956302981417118417
8.80000000000000043298697960381 3.21509185884791844541134779802
8.90000000000000043853809472694 3.30860764120239512162439840014
9.00000000000000044408920985006 3.40254003117635125076982632412
9.10000000000000044964032497319 3.49686332777160864058990974994
9.20000000000000045519144009631 3.591553281654684116561398014
9.30000000000000046074255521944 3.68658703011723800148403723479
9.40000000000000046629367034257 3.78194303270658191188990299738
9.50000000000000047184478546569 3.87760100787506779492758388444
9.60000000000000047739590058882 3.9735418709369935943230146009
9.70000000000000048294701571194 4.06974767356796128192918538442
9.80000000000000048849813083507 4.16620154503401540569051531957
9.90000000000000049404924595819 4.26288763529595074985446279566
10.0000000000000004996003610813 4.35979106009746806412983542934
10.1000000000000005051514762044 4.45689784811393691147655788223
10.2000000000000005107025913276 4.55419489021096156077749142136
10.3000000000000005162537064507 4.65166989083832079811677363882
10.4000000000000005218048215738 4.74931132156476614121127829508
10.5000000000000005273559366969 4.84710837674223858717922846829
10.6000000000000005329070518201 4.94505093127395003126751549514
10.7000000000000005384581669432 5.04312950044914628472881473822
10.8000000000000005440092820663 5.14133520179792503375456072019
10.9000000000000005495603971895 5.23965971891195107586938685214
11.0000000000000005551115123126 5.33809526717104505243700962759
11.1000000000000005606626274357 5.43663456131119721717630001682
11.2000000000000005662137425588 5.53527078476637400097246256927
11.300000000000000571764857682 5.6339975607143631413416814522
11.4000000000000005773159728051 5.73280892475568369964946437145
11.5000000000000005828670879282 5.83169929915412943692516264378
11.6000000000000005884182030513 5.93066346856769352524057759412
11.7000000000000005939693181745 6.02969655719933039657247987811
11.8000000000000005995204332976 6.12879400729815137177279458655
11.9000000000000006050715484207 6.22795155894314162329127631475
12.0000000000000006106226635438 6.32716523104325512867279257261
12.100000000000000616173778667 6.42643130348972956034003167834
12.2000000000000006217248937901 6.52574630039861129238733232761
12.3000000000000006272760089132 6.62510697438374640962759994887
12.4000000000000006328271240363 6.72451029180283814481497871001
12.5000000000000006383782391595 6.82395341892156192852242618298
12.6000000000000006439293542826 6.92343370894313886209919112838
12.7000000000000006494804694057 7.02294868985317416477399045427
12.8000000000000006550315845288 7.12249605303195024780601416959
12.900000000000000660582699652 7.2220736425887092444359989946
13.0000000000000006661338147751 7.32167944537475478061024775459
13.1000000000000006716849298982 7.42131158163443778981143091316
13.2000000000000006772360450213 7.52096829625525874434731800259
13.3000000000000006827871601445 7.62064795058041316627856521619
13.4000000000000006883382752676 7.72034901474912466348886995334
13.5000000000000006938893903907 7.82007006053204733005714814375
13.6000000000000006994405055138 7.91980975463087560859084003147
13.700000000000000704991620637 8.01956685241307403451293592783
13.8000000000000007105427357601 8.11934019205433184983037155684
13.9000000000000007160938508832 8.2191286890629591094440116798
14.0000000000000007216449660064 8.31893133116197294939135737762
14.1000000000000007271960811295 8.41874717350607690208690864606
14.2000000000000007327471962526 8.51857533421211461371829379369
14.3000000000000007382983113757 8.6184149901828843790313167626
14.4000000000000007438494264989 8.71826537320543508028741114201
14.500000000000000749400541622 8.81812576630613005307803488755
14.6000000000000007549516567451 8.91799550034586584033324585071
14.7000000000000007605027718682 9.01787395083987052286964441372
14.8000000000000007660538869914 9.11776053498748413118230861068
14.9000000000000007716050021145 9.21765470889824433909152607763
15.0000000000000007771561172376 9.31755596500146697333861431395
15.1000000000000007827072323607 9.41746382962732555293006627696
15.2000000000000007882583474839 9.51737786074819974353261745334
15.300000000000000793809462607 9.61729764586978184736966678722
15.4000000000000007993605777301 9.71722280006210573787455262709
15.5000000000000008049116928532 9.81715296412129639306100453534
15.6000000000000008104628079764 9.91708780285343269253350068535
15.7000000000000008160139230995 10.0170270034724736361648171527
15.8000000000000008215650382226 10.1169702741047207378072787651
15.9000000000000008271161533457 10.2169173423927790690092345199
16.0000000000000008326672684689 10.3168679541924382041394963047
16.100000000000000838218383592 10.4168218723563239839580709125
16.2000000000000008437694987151 10.5167788755985743115550271759
16.3000000000000008493206138382 10.6167387574351687747083194966
16.4000000000000008548717289614 10.7167013251948943166667327713
16.5000000000000008604228440845 10.8166663990962589331952734696
16.6000000000000008659739592076 10.916633811385973856014877737
16.7000000000000008715250743307 11.0166034055349132118458874544
16.8000000000000008770761894539 11.1165750354877299674454193837
16.900000000000000882627304577 11.216548564962559257934242509
17.0000000000000008881784197001 11.3165238667974760535625099454
17.1000000000000008937295348233 11.4165008223405945889617998423
17.2000000000000008992806499464 11.5164793208809030370617637268
17.3000000000000009048317650695 11.6164592591171194766439872331
17.4000000000000009103828801926 11.7164405406620351417033169642
17.5000000000000009159339953158 11.8164230755799790634096651263
17.6000000000000009214851104389 11.9164067799551952826855897095
17.700000000000000927036225562 12.0163915754890705373270478453
17.8000000000000009325873406851 12.1163773891242873818548163434
17.9000000000000009381384558083 12.2163641526941057086570835395
18.0000000000000009436895709314 12.3163518025950951937662641909
18.1000000000000009492406860545 12.4163402794817528409450369468
18.2000000000000009547918011776 12.5163295279815440598204627886
18.3000000000000009603429163008 12.6163194964290030709152880329
18.4000000000000009658940314239 12.7163101366176193350104250279
18.500000000000000971445146547 12.8163014035683215797515313922
18.6000000000000009769962616701 12.916293255313450238972355378
18.7000000000000009825473767933 13.0162856526951831004810012812
18.8000000000000009880984919164 13.1162785591774480227065780885
18.9000000000000009936496070395 13.2162719406704210538232362189
19.0000000000000009992007221626 13.3162657653667684718823313744
19.1000000000000010047518372858 13.4162600035888474444801043097
19.2000000000000010103029524089 13.5162546276461324464684167976
19.300000000000001015854067532 13.6162496117021835217670162991
19.4000000000000010214051826551 13.716244931650518161835811614
19.5000000000000010269562977783 13.8162405649987912150215305725
19.6000000000000010325074129014 13.9162364907607270398144120294
19.7000000000000010380585280245 14.016232689355285259763848731
19.8000000000000010436096431476 14.1162291425125761447086471612
19.9000000000000010491607582708 14.2162258331860739967587006401
20.0000000000000010547118733939 14.3162227454707071139348450838
20.100000000000001060262988517 14.4162198645264310831872862593
20.2000000000000010658141036402 14.5162171765069184518275448759
20.3000000000000010713652187633 14.6162146684930223675043019988
20.4000000000000010769163338864 14.7162123284306946787131117498
20.5000000000000010824674490095 14.8162101450730603596838594863
20.6000000000000010880185641327 14.9162081079263700673239012233
20.7000000000000010935696792558 15.0162062071995712489265026746
20.8000000000000010991207943789 15.1162044337572555864779611341
20.900000000000001104671909502 15.2162027790757567696006001762
21.0000000000000011102230246252 15.31620123520218771192366246
