601
-21 -674.331383362996405127827134128
-20.9499999999999999972244424384 -672.731383362996393796737432229
-20.8999999999999999944488848769 -671.131383362996381658750952168
-20.8499999999999999916733273153 -669.531383362996368655953918267
-20.7999999999999999888977697537 -667.931383362996354726275882641
-20.7499999999999999861222121922 -666.331383362996339803191386433
-20.6999999999999999833466546306 -664.731383362996323815400208265
-20.6499999999999999805710970691 -663.131383362996306686484662985
-20.5999999999999999777955395075 -661.531383362996288334542303581
-20.5499999999999999750199819459 -659.93138336299626867179226083
-20.4999999999999999722444243844 -658.331383362996247604153328577
-20.4499999999999999694688668228 -656.731383362996225030791766743
-20.3999999999999999666933092612 -655.131383362996200843636648586
-20.3499999999999999639177516997 -653.531383362996174926860422749
-20.2999999999999999611421941381 -651.931383362996147156322193457
-20.2499999999999999583666365766 -650.331383362996117398971043005
-20.199999999999999955591079015 -648.731383362996085512206528627
-20.1499999999999999528155214534 -647.131383362996051343193280025
-20.0999999999999999500399638919 -645.531383362996014728126403174
-20.0499999999999999472644063303 -643.931383362995975491444159624
-19.9999999999999999444888487687 -642.33138336299593344498413707
-19.9499999999999999417132912072 -640.731383362995888387078855353
-19.8999999999999999389377336456 -639.131383362995840101586460986
-19.8499999999999999361621760841 -637.531383362995788356851851255
-19.7999999999999999333866185225 -635.93138336299573290459323461
-19.7499999999999999306110609609 -634.33138336299567347870877564
-19.6999999999999999278355033994 -632.731383362995609793997588815
-19.6499999999999999250599458378 -631.131383362995541544788933535
-19.5999999999999999222843882762 -629.531383362995468403473021749
-19.5499999999999999195088307147 -627.93138336299539001892637656
-19.4999999999999999167332731531 -626.331383362995306014824173349
-19.4499999999999999139577155916 -624.731383362995215987831451805
-19.39999999999999991118215803 -623.131383362995119505664504946
-19.3499999999999999084066004684 -621.531383362995016105013127347
-19.2999999999999999056310429069 -619.931383362994905289313735905
-19.2499999999999999028554853453 -618.331383362994786526362659793
-19.1999999999999999000799277837 -616.731383362994659245758127949
-19.1499999999999998973043702222 -615.131383362994522836158659174
-19.0999999999999998945288126606 -613.531383362994376642344677358
-19.049999999999999891753255099 -611.931383362994219962069228701
-18.9999999999999998889776975375 -610.33138336299405204268266397
-18.9499999999999998862021399759 -608.731383362993872077515062527
-18.8999999999999998834265824144 -607.131383362993679201999010407
-18.8499999999999998806510248528 -605.53138336299347248951409675
-18.7999999999999998778754672912 -603.931383362993250946933155342
-18.7499999999999998750999097297 -602.331383362993013509848844523
-18.6999999999999998723243521681 -600.731383362992759037457622159
-18.6499999999999998695487946065 -599.13138336299248630707652583
-18.599999999999999866773237045 -597.531383362992194008266403313
-18.5499999999999998639976794834 -595.931383362991880736533346986
-18.4999999999999998612221219219 -594.331383362991544986578058363
-18.4499999999999998584465643603 -592.731383362991185145060696147
-18.3999999999999998556710067987 -591.131383362990799482846432386
-18.3499999999999998528954492372 -589.531383362990386146694445325
-18.2999999999999998501198916756 -587.931383362989943150350402516
-18.249999999999999847344334114 -586.331383362989468364999620585
-18.1999999999999998445687765525 -584.73138336298895950903501523
-18.1499999999999998417932189909 -583.131383362988414137090661559
-18.0999999999999998390176614294 -581.531383362987829628288255068
-18.0499999999999998362421038678 -579.931383362987203173639980445
-17.9999999999999998334665463062 -578.331383362986531762547240646
-17.9499999999999998306909887447 -576.731383362985812168330352993
-17.8999999999999998279154311831 -575.131383362985040932719661474
-17.8499999999999998251398736215 -573.531383362984214349233522468
-17.79999999999999982236431606 -571.931383362983328445363270945
-17.7499999999999998195887584984 -570.331383362982378963479540008
-17.6999999999999998168132009368 -568.731383362981361340368160881
-17.6499999999999998140376433753 -567.131383362980270685297283574
-17.5999999999999998112620858137 -565.531383362979101756510298853
-17.5499999999999998084865282522 -563.931383362977848936031575834
-17.4999999999999998057109706906 -562.331383362976506202663920117
-17.449999999999999802935413129 -560.731383362975067103047966003
-17.3999999999999998001598555675 -559.13138336297352472064440107
-17.3499999999999997973842980059 -557.531383362971871642489937612
-17.2999999999999997946087404443 -555.931383362970099923567245042
-17.2499999999999997918331828828 -554.331383362968201048617588961
-17.1999999999999997890576253212 -552.731383362966165891212631123
-17.1499999999999997862820677597 -551.131383362963984669888670745
-17.0999999999999997835065101981 -549.53138336296164690113248844
-17.0499999999999997807309526365 -547.931383362959141348992821387
-16.999999999999999777955395075 -546.331383362956455971075279573
-16.9499999999999997751798375134 -544.731383362953577860661130205
-16.8999999999999997724042799518 -543.131383362950493184671746839
-16.8499999999999997696287223903 -541.531383362947187117180552228
-16.7999999999999997668531648287 -539.931383362943643768152883086
-16.7499999999999997640776072672 -538.331383362939846107071268194
-16.6999999999999997613020497056 -536.731383362935775881079028269
-16.649999999999999758526492144 -535.131383362931413527248758544
-16.5999999999999997557509345825 -533.531383362926738078554016577
-16.5499999999999997529753770209 -531.931383362921727063092272496
-16.4999999999999997501998194593 -530.331383362916356396074741433
-16.4499999999999997474242618978 -528.731383362910600264063952227
-16.3999999999999997446487043362 -527.131383362904431000902645592
-16.3499999999999997418731467747 -525.531383362897818954737659684
-16.2999999999999997390975892131 -523.931383362890732345499659484
-16.2499999999999997363220316515 -522.331383362883137112153692859
-16.19999999999999973354647409 -520.731383362874996748986390096
-16.1499999999999997307709165284 -519.13138336286627213014292887
-16.0999999999999997279953589668 -517.531383362856921321570409593
-16.0499999999999997252198014053 -515.931383362846899379463755634
-15.9999999999999997224442438437 -514.331383362836158134245377855
-15.9499999999999997196686862821 -512.731383362824645959040311654
-15.8999999999999997168931287206 -511.13138336281230752153401286
-15.849999999999999714117571159 -509.531383362799083518020128386
-15.7999999999999997113420135975 -507.931383362784910388359954418
-15.7499999999999997085664560359 -506.331383362769720010483547893
-15.6999999999999997057908984743 -504.731383362753439372964124818
-15.6499999999999997030153409128 -503.131383362735990224091989352
-15.5999999999999997002397833512 -501.53138336271728869576128351
-15.5499999999999996974642257896 -499.931383362697244900361786485
-15.4999999999999996946886682281 -498.331383362675762498738242407
-15.4499999999999996919131106665 -496.731383362652738237140632938
-15.399999999999999689137553105 -495.131383362628061450939767352
-15.3499999999999996863619955434 -493.531383362601613532722821861
-15.2999999999999996835864379818 -491.931383362573267362212253745
-15.2499999999999996808108804203 -490.33138336254288669526802168
-15.1999999999999996780353228587 -488.731383362510325509036379431
-15.1499999999999996752597652971 -487.131383362475427300097730528
-15.0999999999999996724842077356 -485.531383362438024332240123795
-15.049999999999999669708650174 -483.931383362397936830242847409
-14.9999999999999996669330926125 -482.331383362354972115795079263
-14.9499999999999996641575350509 -480.731383362308923681396426148
-14.8999999999999996613819774893 -479.131383362259570197788097074
-14.8499999999999996586064199278 -477.531383362206674450143974017
-14.7999999999999996558308623662 -475.931383362149982197908431144
-14.7499999999999996530553048046 -474.331383362089220952800765065
-14.6999999999999996502797472431 -472.731383362024098669112770243
-14.6499999999999996475041896815 -471.131383361954302340004434661
-14.5999999999999996447286321199 -469.531383361879496493050915082
-14.5499999999999996419530745584 -467.931383361799321577809707067
-14.4999999999999996391775169968 -466.3313833617133922376579249
-14.4499999999999996364019594353 -464.731383361621295457593356058
-14.3999999999999996336264018737 -463.131383361522588579096780386
-14.3499999999999996308508443121 -461.531383361416797172514080075
-14.2999999999999996280752867506 -459.931383361303412756731841874
-14.249999999999999625299729189 -458.331383361181890355186176004
-14.1999999999999996225241716274 -456.731383361051645876457819167
-14.1499999999999996197486140659 -455.131383360912053306863470987
-14.0999999999999996169730565043 -453.53138336076244170154968146
-14.0499999999999996141974989428 -451.931383360602091959627118555
-13.9999999999999996114219413812 -450.331383360430233367845044827
-13.9499999999999996086463838196 -448.73138336024603989619333079
-13.8999999999999996058708262581 -447.131383360048626227626983446
-13.8499999999999996030952686965 -445.531383359837043502830240123
-13.7999999999999996003197111349 -443.931383359610274759567628003
-13.7499999999999995975441535734 -442.331383359367230044701435507
-13.6999999999999995947685960118 -440.731383359106741175381727156
-13.6499999999999995919930384503 -439.131383358827556124228796833
-13.5999999999999995892174808887 -437.531383358528333001520690414
-13.5499999999999995864419233271 -435.931383358207633605461451191
-13.4999999999999995836663657656 -434.331383357863916509529740257
-13.449999999999999580890808204 -432.731383357495529653682480866
-13.3999999999999995781152506424 -431.131383357100702403803476282
-13.3499999999999995753396930809 -429.531383356677537041231092927
-13.2999999999999995725641355193 -427.931383356223999641459799897
-13.2499999999999995697885779578 -426.331383355737910298174445976
-13.1999999999999995670130203962 -424.731383355216932645629524663
-13.1499999999999995642374628346 -423.131383354658562629013202248
-13.0999999999999995614619052731 -421.531383354060116468821354019
-13.0499999999999995586863477115 -419.931383353418717761392896005
-12.9999999999999995559107901499 -418.331383352731283653605694293
-12.9499999999999995531352325884 -416.731383351994510025282324296
-12.8999999999999995503596750268 -415.131383351204855608085549589
-12.8499999999999995475841174652 -413.531383350358524964571670086
-12.7999999999999995448085599037 -411.931383349451450245591282868
-12.7499999999999995420330023421 -410.331383348479271638355173298
-12.6999999999999995392574447806 -408.731383347437316411189786189
-12.649999999999999536481887219 -407.131383346320576454261768206
-12.5999999999999995337063296574 -405.531383345123684208322004058
-12.5499999999999995309307720959 -403.931383343840886865771643577
-12.4999999999999995281552145343 -402.331383342466018720048594525
-12.4499999999999995253796569727 -400.731383340992471530432923331
-12.3999999999999995226040994112 -399.131383339413162759830785315
-12.3499999999999995198285418496 -397.531383337720501532873048556
-12.2999999999999995170529842881 -395.931383335906352150707542743
-12.2499999999999995142774267265 -394.331383333961994987120189754
-12.1999999999999995115018691649 -392.731383331878084578033710401
-12.1499999999999995087263116034 -391.131383329644604702942654304
-12.0999999999999995059507540418 -389.531383327250820242385327349
-12.0499999999999995031751964802 -387.931383324685225580057300215
-11.9999999999999995003996389187 -386.331383321935489301563090633
-11.9499999999999994976240813571 -384.731383318988394924002493783
-11.8999999999999994948485237956 -383.131383315829777371510332776
-11.849999999999999492072966234 -381.53138331244445489142141658
-11.7999999999999994892974086724 -379.931383308816156083817946455
-11.7499999999999994865218511109 -378.331383304927441693729170403
-11.6999999999999994837462935493 -376.731383300759620790079854442
-11.6499999999999994809707359877 -375.131383296292660928504122491
-11.5999999999999994781951784262 -373.531383291505091866224731596
-11.5499999999999994754196208646 -371.931383286373902366205906447
-11.4999999999999994726440633031 -370.331383280874429594571490496
-11.4499999999999994698685057415 -368.731383274980240579679722241
-11.3999999999999994670929481799 -367.131383268663005163090296463
-11.3499999999999994643173906184 -365.531383261892359831765120702
-11.2999999999999994615418330568 -363.931383254635761777014762933
-11.2499999999999994587662754952 -362.331383246858332478727333654
-11.1999999999999994559907179337 -360.731383238522690063069659391
-11.1499999999999994532151603721 -359.131383229588769627890082867
-11.0999999999999994504396028105 -357.531383220013630672218694617
-11.049999999999999447664045249 -355.931383209751250704276271567
-10.9999999999999994448884876874 -354.331383198752304035969725446
-10.9499999999999994421129301259 -352.731383186963924700650117105
-10.8999999999999994393373725643 -351.131383174329452354597019568
-10.8499999999999994365618150027 -349.531383160788159940903393033
-10.7999999999999994337862574412 -347.931383146274961806775018984
-10.7499999999999994310106998796 -346.331383130720100871306556301
-10.699999999999999428235142318 -344.731383114048813340100811249
-10.6499999999999994254595847565 -343.131383096180969355174818353
-10.5999999999999994226840271949 -341.531383077030687852927026958
-10.5499999999999994199084696334 -339.931383056505923778968254937
-10.4999999999999994171329120718 -338.331383034508025675749168222
-10.4499999999999994143573545102 -336.731383010931261516510153949
-10.3999999999999994115817969487 -335.131382985662310506451005862
-10.3499999999999994088062393871 -333.531382958579718408434118777
-10.2999999999999994060306818255 -331.931382929553313775209507202
-10.249999999999999403255124264 -330.331382898443582282240079679
-10.1999999999999994004795667024 -328.731382865100996153807863649
-10.1499999999999993977040091409 -327.131382829365295459228080833
-10.0999999999999993949284515793 -325.531382791064717824650403008
-10.0499999999999993921528940177 -323.931382750015172857973152644
-9.99999999999999938937733645616 -322.331382706019357318644576807
-9.9499999999999993866017788946 -320.731382658865806779297951652
-9.89999999999999938382622133304 -319.131382608327879220894766256
-9.84999999999999938105066377148 -317.531382554162665675864859365
-9.79999999999999937827510620991 -315.931382496109822683061021491
-9.74999999999999937549954864835 -314.331382433890320942502146707
-9.69999999999999937272399108679 -312.731382367205104155056366109
-9.64999999999999936994843352522 -311.131382295733651600476784338
-9.59999999999999936717287596366 -309.531382219132437544471437287
-9.5499999999999993643973184021 -307.931382137033280069540761976
-9.49999999999999936162176084053 -306.331382049041571392765275547
-9.44999999999999935884620327897 -304.73138195473438116401705919
-9.39999999999999935607064571741 -303.131381853658423627461183505
-9.34999999999999935329508815585 -301.531381745327878874770734107
-9.29999999999999935051953059428 -299.931381629222057717053980463
-9.24999999999999934774397303272 -298.331381504782898950710729404
-9.19999999999999934496841547116 -296.731381371412286986680880352
-9.14999999999999934219285790959 -295.131381228469176948945691743
-9.09999999999999933941730034803 -293.531381075266513422536804165
-9.04999999999999933664174278647 -291.931380911067928039246621321
-8.99999999999999933386618522491 -290.331380735084200025943166917
-8.94999999999999933109062766334 -288.73138054646946270075688928
-8.89999999999999932831507010178 -287.131380344317137680942188007
-8.84999999999999932553951254022 -285.531380127655577257044559235
-8.79999999999999932276395497865 -283.931379895443393984824435157
-8.74999999999999931998839741709 -282.331379646564455042447189137
-8.69999999999999931721283985553 -280.731379379822517288505827115
-8.64999999999999931443728229397 -279.131379093935477228738296019
-8.5999999999999993116617247324 -277.531378787529208247516546383
-8.54999999999999930888616717084 -275.93137845913095547540239303
-8.49999999999999930611060960928 -274.331378107162256536727017486
-8.44999999999999930333505204771 -272.731377729931354141009820313
-8.39999999999999930055949448615 -271.131377325625064038103738653
-8.34999999999999929778393692459 -269.531376892300059237462598127
-8.29999999999999929500837936303 -267.931376427873528584247944461
-8.24999999999999929223282180146 -266.331375930113164775595032958
-8.1999999999999992894572642399 -264.731375396626433674731956341
-8.14999999999999928668170667834 -263.131374824849073323238179143
-8.09999999999999928390614911677 -261.531374212032767345863410598
-8.04999999999999928113059155521 -259.931373555231933470126390616
-7.99999999999999927835503399365 -258.331372851289563625207391245
-7.94999999999999927557947643209 -256.731372096822047520886059014
-7.89999999999999927280391887052 -255.131371288202906715421587248
-7.84999999999999927002836130896 -253.531370421545360937697141521
-7.7999999999999992672528037474 -251.931369492683642808319287749
-7.74999999999999926447724618583 -250.331368497152971079508174343
-7.69999999999999926170168862427 -248.731367430168086055402125918
-7.64999999999999925892613106271 -247.131366286600243931588888871
-7.59999999999999925615057350115 -245.531365060952559371759805818
-7.54999999999999925337501593958 -243.931363747333577684428974428
-7.49999999999999925059945837802 -242.331362339428949435126937854
-7.44999999999999924782390081646 -240.731360830471071188030194808
-7.39999999999999924504834325489 -239.131359213206546271283472234
-7.34999999999999924227278569333 -237.531357479861308954747188949
-7.29999999999999923949722813177 -235.931355622103244166532497865
-7.2499999999999992367216705702 -234.331353631002122800728608255
-7.19999999999999923394611300864 -232.731351496986659724447997911
-7.14999999999999923117055544708 -231.131349209798487714693411575
-7.09999999999999922839499788552 -229.531346758442825676959096517
-7.04999999999999922561944032395 -227.931344131135603545341657701
-6.99999999999999922284388276239 -226.331341315246789160359217663
-6.94999999999999922006832520083 -224.731338297239644082051171989
-6.89999999999999921729276763926 -223.131335062605615632499673635
-6.8499999999999992145172100777 -221.531331595794551377315491202
-6.79999999999999921174165251614 -219.931327880139899646396096984
-6.74999999999999920896609495458 -218.331323897778535449278991273
-6.69999999999999920619053739301 -216.731319629564825140338553606
-6.64999999999999920341497983145 -215.131315054978515305716440709
-6.59999999999999920063942226989 -213.53131015202600143950766626
-6.54999999999999919786386470832 -211.931304897134499903354964909
-6.49999999999999919508830714676 -210.331299265038612262181205787
-6.4499999999999991923127495852 -208.731293228658734188343100845
-6.39999999999999918953719202364 -207.131286758970721543199627069
-6.34999999999999918676163446207 -205.53127982486618378127804133
-6.29999999999999918398607690051 -203.931272393002729265260084106
-6.24999999999999918121051933895 -202.331264427643438201133100319
-6.19999999999999917843496177738 -200.73125589048478645585920883
-6.14999999999999917565940421582 -199.131246740472187239784200528
-6.09999999999999917288384665426 -197.531236933602257237355538534
-6.0499999999999991701082890927 -195.931226422710848945149454807
-5.99999999999999916733273153113 -194.331215157245821394499811462
-5.94999999999999916455717396957 -192.731203083023446740156844889
-5.89999999999999916178161640801 -191.131190141967270001409407194
-5.84999999999999915900605884644 -189.531176271828153132698328797
-5.79999999999999915623050128488 -187.931161405884142128763771467
-5.74999999999999915345494372332 -186.331145472618696550930517081
-5.69999999999999915067938616176 -184.731128395375714173563883477
-5.64999999999999914790382860019 -183.131110091989668828147471576
-5.59999999999999914512827103863 -181.531090474389056356031321652
-5.54999999999999914235271347707 -179.931069448171211208823629652
-5.4999999999999991395771559155 -178.331046912146413942233142584
-5.44999999999999913680159835394 -176.731022757849056859936998497
-5.39999999999999913402604079238 -175.13099686901347053870315526
-5.34999999999999913125048323082 -173.530969121011836993322132198
-5.29999999999999912847492566925 -171.930939380251424830763169258
-5.24999999999999912569936810769 -170.330907503528176822820098325
-5.19999999999999912292381054613 -168.730873337333459727083928431
-5.14999999999999912014825298456 -167.130836717110548636134855911
-5.099999999999999117372695423 -165.530797466457162249883441746
-5.04999999999999911459713786144 -163.930755396270089736759661375
-4.99999999999999911182158029987 -162.330710303827652629131261147
-4.94999999999999910904602273831 -160.730661971805424688202601583
-4.89999999999999910627046517675 -159.130610167220286907006074547
-4.84999999999999910349490761519 -157.530554640297521644271293947
-4.79999999999999910071935005362 -155.93049512325524693804584481
-4.74999999999999909794379249206 -154.33043132900005674806840861
-4.6999999999999990951682349305 -152.730639867949815865398823256
-4.64999999999999909239267736893 -151.130552153347524449167551875
-4.59999999999999908961711980737 -149.53045901435540666294268657
-4.54999999999999908684156224581 -147.930360096202873340111308583
-4.49999999999999908406600468425 -146.33025502030220213995908669
-4.44999999999999908129044712268 -144.730143382645453310753120996
-4.39999999999999907851488956112 -143.129836139306413061064181533
-4.34999999999999907573933199956 -141.529724961575293296620985584
-4.29999999999999907296377443799 -139.929605785149289062226761075
-4.24999999999999907018821687643 -138.329478033089290841191932237
-4.19999999999999906741265931487 -136.729341086622521017689184098
-4.14999999999999906463710175331 -135.129194282076434476057007867
-4.09999999999999906186154419174 -133.529036907583013323467472695
-4.04999999999999905908598663018 -131.928868199535536116357998538
-3.99999999999999905631042906862 -130.328687338778396732957727326
-3.94999999999999905353487150705 -128.728493446508901020565545646
-3.89999999999999905075931394549 -127.128285579868165090516394461
-3.84999999999999904798375638393 -125.528062727196260207825185203
-3.79999999999999904520819882237 -123.92782380292457595341248269
-3.7499999999999990424326412608 -122.327567642075983478730145982
-3.69999999999999903965708369924 -120.7275644288126672766774705
-3.64999999999999903688152613768 -119.126998517693245847645255663
-3.59999999999999903410596857611 -117.526682771511307740261980211
-3.54999999999999903133041101455 -115.926344209156522502627363449
-3.49999999999999902855485345299 -114.325981169969836604328369971
-3.44999999999999902577929589143 -112.725591870632484735680408805
-3.39999999999999902300373832986 -111.125174395837414483128103301
-3.3499999999999990202281807683 -109.524726688210983534111464258
-3.29999999999999901745262320674 -107.924246537418691529359989814
-3.24999999999999901467706564517 -106.323731568381986749140182423
-3.19999999999999901190150808361 -104.723179228525662020430577972
-3.14999999999999900912595052205 -103.122586773966912057657123915
-3.09999999999999900635039296048 -101.521951254547635427270668006
-3.04999999999999900357483539892 -99.9212694976008768133152846812
-2.99999999999999900079927783736 -98.3205380903302426114871926303
-2.9499999999999989980237202758 -96.7197533606674788441665467234
-2.89999999999999899524816271423 -95.1189113564579335809990052599
-2.84999999999999899247260515267 -93.5180078228060532623940608333
-2.79999999999999898969704759111 -91.9170381773930504459404581103
-2.74999999999999898692149002954 -90.3159974835560366963767284911
-2.69999999999999898414593246798 -88.7148804208917741094836696371
-2.64999999999999898137037490642 -87.1136812531182115031326510785
-2.59999999999999897859481734486 -85.5123937928924816277969233539
-2.54999999999999897581925978329 -83.9110113632442626032816922334
-2.49999999999999897304370222173 -82.3095267552374154702723822136
-2.44999999999999897026814466017 -80.7079321814194783302363531919
-2.3999999999999989674925870986 -79.1062192245565748896130648303
-2.34999999999999896471702953704 -77.5043787810789484619848855262
-2.29999999999999896194147197548 -75.9024009985776811514157083015
-2.24999999999999895916591441392 -74.3002752065937909191695684011
-2.19999999999999895639035685235 -72.6979898398238695558821199847
-2.14999999999999895361479929079 -71.0955323527281155714045862215
-2.09999999999999895083924172923 -69.4928891243625701146140942081
-2.04999999999999894806368416766 -67.8900453520620627206968562717
-1.9999999999999989452881266061 -66.2869849323669530027148981908
-1.94999999999999894251256904454 -64.6836903273066352035016720463
-1.89999999999999893973701148298 -63.0801424138151769098871133647
-1.84999999999999893696145392141 -61.4763203136457783469709882594
-1.79999999999999893418589635985 -59.8722012006536741110850581686
-1.74999999999999893141033879829 -58.267760081709563511171942574
-1.69999999999999892863478123672 -56.6629695467592475288583348262
-1.64999999999999892585922367516 -55.0577994826231169274340185975
-1.5999999999999989230836661136 -53.4522167439835883718351171024
-1.54999999999999892030810855204 -51.8461847735766691375134777268
-1.49999999999999891753255099047 -50.2396631618024126782517617623
-1.44999999999999891475699342891 -48.63260713368725327962966405
-1.39999999999999891198143586735 -47.0249669482199793726712714837
-1.34999999999999890920587830578 -45.4166871913400347729447425027
-1.29999999999999890643032074422 -43.8077059390045081662982877016
-1.24999999999999890365476318266 -42.1979537604143377418172417095
-1.1999999999999989008792056211 -40.5873525231027433381085237921
-1.14999999999999889810364805953 -38.9758139504168724157722369161
-1.09999999999999889532809049797 -37.3632378668618765874929035711
-1.04999999999999889255253293641 -35.7495100462307396112435339217
1 -34.1344995490571975422642293783
1.10000000000000000555111512313 -31.1099431547767148462923174895
1.20000000000000001110223024625 -28.4493467233007991710248864415
1.30000000000000001665334536938 -26.0915479310550751870349518579
1.4000000000000000222044604925 -23.9890485927237572158742993291
1.50000000000000002775557561563 -22.1042363193623012573562117892
1.60000000000000003330669073875 -20.4068283664708165566586299391
1.70000000000000003885780586188 -18.8720919653522078527183431628
1.80000000000000004440892098501 -17.4795742313445519488711208094
1.90000000000000004996003610813 -16.212175995770298266437126168
2.00000000000000005551115123126 -15.0554635127197482084733025323
2.10000000000000006106226635438 -13.9971482808804485820819899713
2.20000000000000006661338147751 -13.0266879779314267110089548434
2.30000000000000007216449660064 -12.1349761552047590817231450643
2.40000000000000007771561172376 -11.314097994620526921425436707
2.50000000000000008326672684689 -10.5571359271315342473088266446
2.60000000000000008881784197001 -9.85801336838270607611688727346
2.70000000000000009436895709314 -9.21136793716467506647582980114
2.80000000000000009992007221626 -8.61244772658343501609395483485
2.90000000000000010547118733939 -8.05702578242907472100423859219
3.00000000000000011102230246252 -7.54132909650090131141725559231
3.10000000000000011657341758564 -7.061979271165054410846916786
3.20000000000000012212453270877 -6.61594264165817565864112384546
3.30000000000000012767564783189 -6.20048811483340662466142293169
3.40000000000000013322676295502 -5.81315133993231319067518425912
3.50000000000000013877787807814 -5.45170409944429454801816262364
3.60000000000000014432899320127 -5.11412801876031525503451891975
3.7000000000000001498801083244 -4.79859185869746192336994101669
3.80000000000000015543122344752 -4.50343178711912104779158624398
3.90000000000000016098233857065 -4.22713413342294722835370558258
4.00000000000000016653345369377 -3.96832021861934415708919323805
4.1000000000000001720845688169 -3.72573292813425155176132873459
4.20000000000000017763568394003 -3.49822475701674083259181183345
4.30000000000000018318679906315 -3.28474710967609484712073357019
4.40000000000000018873791418628 -3.08434067983351296566484713035
4.5000000000000001942890293094 -2.89612677199601777340097828904
4.60000000000000019984014443253 -2.71929945429201258291012185658
4.70000000000000020539125955565 -2.55311845479228954348604854733
4.80000000000000021094237467878 -2.39690273034758285288561882351
4.90000000000000021649348980191 -2.25002464939282731018790381781
5.00000000000000022204460492503 -2.11190473897561008733588503816
5.10000000000000022759572004816 -1.98200695228903682548058895949
5.20000000000000023314683517128 -1.8598344169722435084663959178
5.30000000000000023869795029441 -1.74492562702451091232091591802
5.40000000000000024424906541753 -1.6368510428838342550659625485
5.50000000000000024980018054066 -1.53521006545261338756337000808
5.60000000000000025535129566379 -1.439631120799417103611706148
5.70000000000000026090241078691 -1.3497581280304959604928479857
5.80000000000000026645352591004 -1.26526524258196001879000376468
5.90000000000000027200464103316 -1.18584371051656175492857226157
6.00000000000000027755575615629 -1.11120307768894224469759877607
6.10000000000000028310687127941 -1.04106975435381566992781327279
6.20000000000000028865798640254 1.02524853373675145745006208825
6.30000000000000029420910152567 1.09223678334595816614080351202
6.40000000000000029976021664879 1.16096759084192092400075194029
6.50000000000000030531133177192 1.23136601816721341533334445671
6.60000000000000031086244689504 1.30337237847755747758182026008
6.70000000000000031641356201817 1.37691703038849794821703949669
6.8000000000000003219646771413 1.45193346096617973172408301402
6.90000000000000032751579226442 1.52835600572838567396066189373
7.00000000000000033306690738755 1.6061200905640748249886502162
7.10000000000000033861802251067 1.68516244186280654655258219018
7.2000000000000003441691376338 1.7654212662830610594083162149
7.30000000000000034972025275692 1.84683640180698445930779953008
7.40000000000000035527136788005 1.92934944189555562325728804497
7.50000000000000036082248300318 2.01290383467463585412343241161
7.6000000000000003663735981263 2.09744495915240372352652901668
7.70000000000000037192471324943 2.18292018049693406002604433644
7.80000000000000037747582837255 2.26927888787801162881131591148
7.90000000000000038302694349568 2.35647250646923513480291190444
8.0000000000000003885780586188 2.44445451668247795741801220072
8.10000000000000039412917374193 2.53318043054042196510281862975
8.20000000000000039968028886506 2.6226077788445767010658126785
8.30000000000000040523140398818 2.71270007207243544835718741109
8.40000000000000041078251911131 2.80341083612996598379676923944
8.50000000000000041633363423443 2.89470738713994945804748278681
8.60000000000000042188474935756 2.98655494775350386954838733052
8.70000000000000042743586448069 3.07892053733117457582413753691
8.80000000000000043298697960381 3.17177291278386688362074223666
8.90000000000000043853809472694 3.26508250679162893722038005179
9.00000000000000044408920985006 3.35882136420471603755728642476
9.10000000000000044964032497319 3.4529630773320479057472520301
9.20000000000000045519144009631 3.54747857759582306026109481492
9.30000000000000046074255521944 3.64235678601911816142403837306
9.40000000000000046629367034257 3.73756311718026835795842382882
9.50000000000000047184478546569 3.83308084670832663483807019648
9.60000000000000047739590058882 3.92889033294188938973946793099
9.70000000000000048294701571194 4.02497309882771166022516992936
9.80000000000000048849813083507 4.1213117723296309046879145192
9.90000000000000049404924595819 4.21789002864671132801267052571
10.0000000000000004996003610813 4.31469253436624702284328223888
10.1000000000000005051514762044 4.41170489364311042416743487729
10.2000000000000005107025913276 4.50891359646734248111274099597
10.3000000000000005162537064507 4.60630596905642634024099507229
10.4000000000000005218048215738 4.70387012638695811334621435655
10.5000000000000005273559366969 4.80159492686203866920319802948
10.6000000000000005329070518201 4.89946992909529559881565458582
10.7000000000000005384581669432 4.997485350779666474272074943
10.8000000000000005440092820663 5.09563202959862151773102670904
10.9000000000000005495603971895 5.19390138612909040949580670628
11.0000000000000005551115123126 5.29228538867872454464715034188
11.1000000000000005606626274357 5.39077651999503775151619309651
11.2000000000000005662137425588 5.48936774578021403379346421391
11.300000000000000571764857682 5.58805248494276115843797674715
11.4000000000000005773159728051 5.68682458151555536857245661106
11.5000000000000005828670879282 5.78567827816901568013361003068
11.6000000000000005884182030513 5.88460819124803411082155621469
11.7000000000000005939693181745 5.9836092872617546911934867426
11.8000000000000005995204332976 6.08267686075623754384942376144
11.9000000000000006050715484207 6.18180651350137601465604993231
12.0000000000000006106226635438 6.28099413492507779761755523952
12.100000000000000616173778667 6.38023588372960863922751225459
12.2000000000000006217248937901 6.47952817062707224792144905308
12.3000000000000006272760089132 6.57886764213321340832209689023
12.4000000000000006328271240363 6.67825116536104121711120430426
12.5000000000000006383782391595 6.77767581375814042599762937965
12.6000000000000006439293542826 6.8771388537339413198056808843
12.7000000000000006494804694057 6.97663773212562750459324821001
12.8000000000000006550315845288 7.07617006445375583842204736584
12.900000000000000660582699652 7.17573362392102662504307202712
13.0000000000000006661338147751 7.27532633110996143931335860859
13.1000000000000006716849298982 7.37494624433750966198989953884
13.2000000000000006772360450213 7.47459155062680444679146461539
13.3000000000000006827871601445 7.57426055725841793243933445263
13.4000000000000006883382752676 7.67395168386551928433718568856
13.5000000000000006938893903907 7.77366345503931430667719477044
13.6000000000000006994405055138 7.87339449341303984138501691358
13.700000000000000704991620637 7.97314351319459893277465747195
13.8000000000000007105427357601 8.07290931411965361074179160204
13.9000000000000007160938508832 8.17269077579864166161139984731
14.0000000000000007216449660064 8.27248685243275302094334868989
14.1000000000000007271960811295 8.37229656787539200683004673609
14.2000000000000007327471962526 8.47211901101706545306552088297
14.3000000000000007382983113757 8.57195333147297612192112359494
14.4000000000000007438494264989 8.67179873555386801450818477211
14.500000000000000749400541622 8.77165448250186794755351970577
14.6000000000000007549516567451 8.87151988097419873005218066425
14.7000000000000007605027718682 8.97139428575870621758299709914
14.8000000000000007660538869914 9.07127709470614824186303360555
14.9000000000000007716050021145 9.1711677458651407052895809118
15.0000000000000007771561172376 9.27106571480654776923165709005
15.1000000000000007827072323607 9.3709705121249417835720414245
15.2000000000000007882583474839 9.47088168110554707947296839781
15.300000000000000793809462607 9.57079879554582258462841551758
15.4000000000000007993605777301 9.67072145772153394926080282428
15.5000000000000008049116928532 9.77064929648781893558279511237
15.6000000000000008104628079764 9.87058196550636257706701704086
15.7000000000000008160139230995 9.97051914159037331698229401046
15.8000000000000008215650382226 10.0704605231595901533442877233
15.9000000000000008271161533457 10.1704058287980558187688742238
16.0000000000000008326672684689 10.2703547959078641819836127973
16.100000000000000838218383592 10.370307179452533251390678706
16.2000000000000008437694987151 10.4702596737819091188587548005
16.3000000000000008493206138382 10.5702182193914174690124951341
16.4000000000000008548717289614 10.6701826176624588938893488292
16.5000000000000008604228440845 10.7701465283626642910566242488
16.6000000000000008659739592076 10.8701128553126498583357732427
16.7000000000000008715250743307 10.9700814367736296298574141378
16.8000000000000008770761894539 11.0700521218288912494766384419
16.900000000000000882627304577 11.170024769660250149370764219
17.0000000000000008881784197001 11.2699992488728052790644747152
17.1000000000000008937295348233 11.3699754368647814525929334828
17.2000000000000008992806499464 11.4699532192394561318866912079
17.3000000000000009048317650695 11.5699324892563672962851232605
17.4000000000000009103828801926 11.6699131473191848510063690361
17.5000000000000009159339953158 11.7698951004978016369642827297
17.6000000000000009214851104389 11.8698782620823623048832156512
17.700000000000000927036225562 11.9698625511670998442034578476
17.8000000000000009325873406851 12.0698478922619911021096436647
17.9000000000000009381384558083 12.1698342149303748373910216805
18.0000000000000009436895709314 12.2698214534507993343981259959
18.1000000000000009492406860545 12.3698095465014819225039415052
18.2000000000000009547918011776 12.4697984368658704386368519768
18.3000000000000009603429163008 12.5697880711578972332148569145
18.4000000000000009658940314239 12.6697783995656102199547852077
18.500000000000000971445146547 12.7697693756119531444533776544
18.6000000000000009769962616701 12.8697609559315491039772563363
18.7000000000000009825473767933 12.9697531000624177740595151972
18.8000000000000009880984919164 13.0697457702516281440797095294
18.9000000000000009936496070395 13.1697358523178324420559505534
19.0000000000000009992007221626 13.2697325502626709170563400209
19.1000000000000010047518372858 13.369726596551658842648352021
19.2000000000000010103029524089 13.4697210415280939690666683403
19.300000000000001015854067532 13.5697158584949823602906683579
19.4000000000000010214051826551 13.6697110225429004406426571958
19.5000000000000010269562977783 13.7697065104303187864696127882
19.6000000000000010325074129014 13.8697023004719361294876507073
19.7000000000000010380585280245 13.9696983724344876884946756171
19.8000000000000010436096431476 14.0696947074395277632077314413
19.9000000000000010491607582708 14.1696912878727199514593440882
20.0000000000000010547118733939 14.2696880972991995477513378547
20.100000000000001060262988517 14.369685120384601795586949485
20.2000000000000010658141036402 14.4696823428213768366492838695
20.3000000000000010713652187633 14.5696797512600375561676181595
20.4000000000000010769163338864 14.6696773332450101865478021509
20.5000000000000010824674490095 14.769675077154779613368545528
20.6000000000000010880185641327 14.8696729721460419345106606512
20.7000000000000010935696792558 14.9696710081015960528509031282
20.8000000000000010991207943789 15.0696691755817240274456878768
20.900000000000001104671909502 15.1696674657788266531825283046
21.0000000000000011102230246252 15.2696658704750963645205944696
