404
-20.999999999999999389 -84.870716983054919401
-20.899999999999999384 -84.47071698305489886
-20.799999999999999378 -84.070716983054876999
-20.699999999999999373 -83.670716983054852287
-20.599999999999999367 -83.270716983054825374
-20.499999999999999362 -82.870716983054794383
-20.399999999999999356 -82.470716983054767376
-20.299999999999999351 -82.07071698305472753
-20.199999999999999345 -81.670716983054682373
-20.099999999999999339 -81.270716983054625905
-19.999999999999999334 -80.870716983054561569
-19.899999999999999328 -80.470716983054489422
-19.799999999999999323 -80.07071698305441064
-19.699999999999999317 -79.670716983054326995
-19.599999999999999312 -79.270716983054217708
-19.499999999999999306 -78.870716983054091158
-19.399999999999999301 -78.470716983053948017
-19.299999999999999295 -78.070716983053788767
-19.199999999999999289 -77.670716983053605134
-19.099999999999999284 -77.270716983053386585
-18.999999999999999278 -76.870716983053144354
-18.899999999999999273 -76.470716983052869437
-18.799999999999999267 -76.070716983052543188
-18.699999999999999262 -75.670716983052170089
-18.599999999999999256 -75.270716983051749326
-18.499999999999999251 -74.870716983051254734
-18.399999999999999245 -74.470716983050697927
-18.299999999999999239 -74.07071698305004459
-18.199999999999999234 -73.670716983049309108
-18.099999999999999228 -73.270716983048456725
-17.999999999999999223 -72.870716983047470013
-17.899999999999999217 -72.47071698304636057
-17.799999999999999212 -72.070716983045065998
-17.699999999999999206 -71.670716983043574132
-17.599999999999999201 -71.27071698304187481
-17.499999999999999195 -70.870716983039920503
-17.39999999999999919 -70.470716983037672166
-17.299999999999999184 -70.070716983035089851
-17.199999999999999178 -69.67071698303211611
-17.099999999999999173 -69.270716983028715913
-16.999999999999999167 -68.870716983024801238
-16.899999999999999162 -68.470716983020308341
-16.799999999999999156 -68.07071698301514203
-16.699999999999999151 -67.670716983009215655
-16.599999999999999145 -67.270716983002399147
-16.49999999999999914 -66.87071698299456738
-16.399999999999999134 -66.470716982985577445
-16.299999999999999128 -66.070716982975245047
-16.199999999999999123 -65.670716982963385939
-16.099999999999999117 -65.270716982949766897
-15.999999999999999112 -64.870716982934104531
-15.899999999999999106 -64.470716982916128193
-15.799999999999999101 -64.070716982895475677
-15.699999999999999095 -63.670716982871747689
-15.59999999999999909 -63.270716982844486024
-15.499999999999999084 -62.870716982813187106
-15.399999999999999079 -62.470716982777224155
-15.299999999999999073 -62.070716982735914577
-15.199999999999999067 -61.670716982688457419
-15.099999999999999062 -61.270716982633953174
-14.999999999999999056 -60.87071698257134009
-14.899999999999999051 -60.470716982499405017
-14.799999999999999045 -60.070716982416788183
-14.69999999999999904 -59.670716982321881647
-14.599999999999999034 -59.270716982212867006
-14.499999999999999029 -58.870716982087636934
-14.399999999999999023 -58.470716981943777113
-14.299999999999999017 -58.070716981778538891
-14.199999999999999012 -57.670716981588720834
-14.099999999999999006 -57.270716981370692664
-13.999999999999999001 -56.870716981120236324
-13.899999999999998995 -56.470716980832531102
-13.79999999999999899 -56.070716980502041616
-13.699999999999998984 -55.670716980122417415
-13.599999999999998979 -55.27071697968634649
-13.499999999999998973 -54.870716979185424652
-13.399999999999998967 -54.470716978610015311
-13.299999999999998962 -54.07071697794905253
-13.199999999999998956 -53.670716977189803546
-13.099999999999998951 -53.27071697631765446
-12.999999999999998945 -52.870716975315816997
-12.89999999999999894 -52.470716974164999948
-12.799999999999998934 -52.070716972843071641
-12.699999999999998929 -51.670716971324568587
-12.599999999999998923 -51.270716969580272776
-12.499999999999998918 -50.870716967576594591
-12.399999999999998912 -50.470716965274975565
-12.299999999999998906 -50.07071696263110787
-12.199999999999998901 -49.670716959594108567
-12.099999999999998895 -49.270716956105502841
-11.99999999999999889 -48.870716952098161785
-11.899999999999998884 -48.470716947494924713
-11.799999999999998879 -48.07071694220718737
-11.699999999999998873 -47.670716936133179116
-11.599999999999998868 -47.270716929155977554
-11.499999999999998862 -46.870716921141272908
-11.399999999999998856 -46.470716911934798906
-11.299999999999998851 -46.070716901359342971
-11.199999999999998845 -45.670716889211324591
-11.09999999999999884 -45.270716875256915018
-10.999999999999998834 -44.870716859227510141
-10.899999999999998829 -44.470716840814560472
-10.799999999999998823 -44.07071681966363632
-10.699999999999998818 -43.670716795367601534
-10.599999999999998812 -43.27071676745878527
-10.499999999999998807 -42.870716735399965663
-10.399999999999998801 -42.470716698574060708
-10.299999999999998795 -42.070716656272198246
-10.19999999999999879 -41.670716607680108081
-10.099999999999998784 -41.270716551862458848
-9.9999999999999987788 -40.87071648774480939
-9.8999999999999987732 -40.470716414092960368
-9.7999999999999987677 -40.070716329489187027
-9.6999999999999987621 -39.670716232304972216
-9.5999999999999987566 -39.270716120669592263
-9.499999999999998751 -38.870715992434193645
-9.3999999999999987454 -38.470715845130371823
-9.2999999999999987399 -38.070715675922676118
-9.1999999999999987343 -37.670715481554009963
-9.0999999999999987288 -37.270715258282979344
-8.9999999999999987232 -36.870715001811810999
-8.8999999999999987177 -36.470714707203669653
-8.7999999999999987121 -36.070714368787635453
-8.6999999999999987066 -35.670713980049449313
-8.599999999999998701 -35.270713533506252699
-8.4999999999999986955 -34.870713020562427682
-8.3999999999999986899 -34.470712431344188372
-8.2999999999999986844 -34.070711754509488649
-8.1999999999999986788 -33.670710977029705751
-8.0999999999999986733 -33.270710083938774725
-7.9999999999999986677 -32.870709058045155507
-7.8999999999999986622 -32.470707879600788707
-7.7999999999999986566 -32.070706525921002621
-7.6999999999999986511 -31.67070497094770626
-7.5999999999999986455 -31.270703184747752871
-7.49999999999999864 -30.870701132936618927
-7.3999999999999986344 -30.470698776016374012
-7.2999999999999986289 -30.070696068615209075
-7.1999999999999986233 -29.670692958613720328
-7.0999999999999986178 -29.270689386141399385
-6.9999999999999986122 -28.870685282423559024
-6.8999999999999986067 -28.470680568456985078
-6.7999999999999986011 -28.070675153488260237
-6.6999999999999985956 -27.670668933265751889
-6.59999999999999859 -27.270661788031385627
-6.4999999999999985845 -26.870653580213440718
-6.3999999999999985789 -26.470644151775871098
-6.2999999999999985734 -26.070633321172810649
-6.1999999999999985678 -25.670620879849492133
-6.0999999999999985623 -25.270606588221795557
-5.9999999999999985567 -24.870590171056597126
-5.8999999999999985512 -24.470571312163422068
-5.7999999999999985456 -24.070549648294367764
-5.6999999999999985401 -23.67052476213374482
-5.5999999999999985345 -23.270496174241294175
-5.499999999999998529 -22.870463333791812487
-5.3999999999999985234 -22.470425607930578727
-5.2999999999999985179 -22.070382269536478101
-5.1999999999999985123 -21.670332483152959159
-5.0999999999999985068 -21.270275288810290088
-4.9999999999999985012 -20.870209583420424141
-4.8999999999999984956 -20.470134099376299632
-4.7999999999999984901 -20.070047379930780387
-4.6999999999999984845 -19.669947750863918796
-4.599999999999998479 -19.269833287870629708
-4.4999999999999984734 -18.869701779010813923
-4.3999999999999984679 -18.469550681459428075
-4.2999999999999984623 -18.069377071671432954
-4.1999999999999984568 -17.669177587932810555
-4.0999999999999984512 -17.268948364099558799
-3.9999999999999984457 -16.868684953127524179
-3.8999999999999984401 -16.468382238759224162
-3.7999999999999984346 -16.068034333453651338
-3.699999999999998429 -15.667634460310013637
-3.5999999999999984235 -15.267174816334949346
-3.4999999999999984179 -14.866646413919939195
-3.3999999999999984124 -14.466038896809902357
-3.2999999999999984068 -14.065340326131991777
-3.1999999999999984013 -13.664536931180617193
-3.0999999999999983957 -13.263612818578728577
-2.9999999999999983902 -12.862549632099796671
-2.8999999999999983846 -12.461326153765105189
-2.7999999999999983791 -12.059917834727419349
-2.6999999999999983735 -11.658296241782999508
-2.599999999999998368 -11.256428401937974663
-2.4999999999999983624 -10.854276023049189329
-2.3999999999999983569 -10.451794562828995544
-2.2999999999999983513 -10.04893211098498663
-2.1999999999999983458 -9.6456280393188383956
-2.0999999999999983402 -9.2418113613315675006
-1.9999999999999983347 -8.8373987250085582859
-1.8999999999999983291 -8.4322919381817383936
-1.7999999999999983236 -8.0263748926060348291
-1.699999999999998318 -7.619509706917333152
-1.5999999999999983125 -7.2115318445414262362
-1.4999999999999983069 -6.8022438724568817912
-1.3999999999999983014 -6.3914073987356781897
-1.2999999999999982958 -5.978732543465201465
-1.1999999999999982903 -5.5638640325451350137
-1.0999999999999982847 -5.1463626165554306411
-0.99999999999999827915 -4.7256799447879999409
1.0 -4.7256799447879999409
1.1000000000000017264 -4.3287877281263074599
1.2000000000000017319 -3.976974764581149078
1.3000000000000017375 -3.6627370507316958133
1.4000000000000017431 -3.380267745862639643
1.5000000000000017486 -3.124985561626319639
1.6000000000000017542 -2.8932155936143619754
1.7000000000000017597 -2.6819670276011482537
1.8000000000000017653 -2.4887744627903438258
1.9000000000000017708 -2.311582217887779809
2.0000000000000017764 -2.1486584100573414224
2.1000000000000017819 -1.9985301128036819008
2.2000000000000017875 -1.8599337286244622289
2.300000000000001793 -1.7317765330455879101
2.4000000000000017986 -1.6131065464126867039
2.5000000000000018041 -1.5030886976047141233
2.6000000000000018097 -1.4009857985182731399
2.7000000000000018152 -1.3061432359671026183
2.8000000000000018208 -1.2179765632768955026
2.9000000000000018263 -1.1359613727655010966
3.0000000000000018319 -1.0596249758545435094
3.08 -1.00235572093583
3.085 1.00111757869944
3.1000000000000018374 1.0115522437077049152
3.200000000000001843 1.082105928645793284
3.3000000000000018485 1.154323297894696533
3.4000000000000018541 1.2281265214159221035
3.5000000000000018596 1.3034396440182849389
3.6000000000000018652 1.3801887397572661685
3.7000000000000018707 1.4583020405449201494
3.8000000000000018763 1.5377100403350263794
3.9000000000000018818 1.6183455763566054567
4.0000000000000018874 1.7001438889661654939
4.1000000000000018929 1.7830426617648672123
4.2000000000000018985 1.8669820436752060234
4.300000000000001904 1.9519046546916619001
4.4000000000000019096 2.037755577011533702
4.5000000000000019151 2.1244823332190410044
4.6000000000000019207 2.2120348531409631274
4.7000000000000019262 2.3003654309194617963
4.8000000000000019318 2.3894286737616331359
4.9000000000000019373 2.4791814437291882651
5.0000000000000019429 2.5695827938291963636
5.1000000000000019484 2.6605938995609210619
5.200000000000001954 2.7521779869670508643
5.3000000000000019595 2.8443002581323113366
5.4000000000000019651 2.9369278149701224601
5.5000000000000019706 3.0300295820400300278
5.6000000000000019762 3.1235762290458998191
5.7000000000000019817 3.2175400935783885287
5.8000000000000019873 3.3118951045848899694
5.9000000000000019929 3.4066167069763025462
6.0000000000000019984 3.5016817877130612712
6.100000000000002004 3.5970686036522646104
6.2000000000000020095 3.6927567113832833945
6.3000000000000020151 3.7887268992307624171
6.4000000000000020206 3.8849611215615585256
6.5000000000000020262 3.981442435493993273
6.6000000000000020317 4.0781549400757701596
6.7000000000000020373 4.1750837179682484174
6.8000000000000020428 4.2722147796503260631
6.9000000000000020484 4.3695350101353778469
7.0000000000000020539 4.4670321181766184777
7.1000000000000020595 4.5646945879217268129
7.200000000000002065 4.6625116329670668513
7.3000000000000020706 4.7604731527503428475
7.4000000000000020761 4.8585696912146577075
7.5000000000000020817 4.956792397670387648
7.6000000000000020872 5.0551329897768163789
7.7000000000000020928 5.1535837185632618942
7.8000000000000020983 5.2521373354066051038
7.9000000000000021039 5.3507870608824040874
8.0000000000000021094 5.4495265554048603844
8.100000000000002115 5.5483498915739889058
8.2000000000000021205 5.6472515281466378955
8.3000000000000021261 5.7462262855520577045
8.4000000000000021316 5.8452693228725070531
8.5000000000000021372 5.9443761162131523539
8.6000000000000021427 6.0435424383881093051
8.7000000000000021483 6.1427643398489624194
8.8000000000000021538 6.2420381307900347975
8.9000000000000021594 6.3413603643625152836
9.0000000000000021649 6.4407278209351437149
9.1000000000000021705 6.5401374933410559401
9.200000000000002176 6.6395865730534586825
9.3000000000000021816 6.7390724372358708412
9.4000000000000021871 6.8385926366133452713
9.5000000000000021927 6.9381448841178462051
9.6000000000000021982 7.0377270442589803779
9.7000000000000022038 7.1373371231763253007
9.8000000000000022093 7.2369732593332773113
9.9000000000000022149 7.3366337148089397073
10.00000000000000222 7.4363168671555071022
10.100000000000002226 7.5360212017825616321
10.200000000000002232 7.6357453048359978894
10.300000000000002237 7.7354878565417921104
10.400000000000002243 7.8352476249832918952
10.500000000000002248 7.9350234602843198367
10.600000000000002254 8.0348142891758837578
10.700000000000002259 8.1346191099157670524
10.800000000000002265 8.2344369875431629727
10.90000000000000227 8.334267049447816893
11.000000000000002276 8.4341084812249253652
11.100000000000002282 8.5339605228102982086
11.200000000000002287 8.6338224648649201667
11.300000000000002293 8.7336936454009075948
11.400000000000002298 8.8335734466305606399
11.500000000000002304 8.9334612920232334014
11.600000000000002309 9.0333566435560276027
11.700000000000002315 9.1332589991494324705
11.80000000000000232 9.2331678902730648453
11.900000000000002326 9.3330828797032682
12.000000000000002331 9.4330035594407476654
12.100000000000002337 9.5329295487605637539
12.200000000000002343 9.6328604923853886376
12.300000000000002348 9.7327960587968096983
12.400000000000002354 9.8327359386416102694
12.500000000000002359 9.932679843254147634
12.600000000000002365 10.032627503277936796
12.70000000000000237 10.132578667368139015
12.800000000000002376 10.232533100997405252
12.900000000000002381 10.332490585324243153
13.000000000000002387 10.432450916148673871
13.100000000000002393 10.532413902935128984
13.200000000000002398 10.632379367892867894
13.300000000000002404 10.732347145130796002
13.400000000000002409 10.832317079858173265
13.500000000000002415 10.932289027642027082
13.60000000000000242 11.032262853714280815
13.700000000000002426 11.132238432331726201
13.800000000000002431 11.232215646164818
13.900000000000002437 11.332194385727816773
14.000000000000002442 11.43217454887965577
14.100000000000002448 11.532156040304167806
14.200000000000002454 11.632138771067068443
14.300000000000002459 11.732122658192990535
14.400000000000002465 11.832107624260795984
14.50000000000000247 11.932093597017421796
14.600000000000002476 12.032080509073740319
14.700000000000002481 12.13206829752320727
14.800000000000002487 12.232056903689838231
14.900000000000002492 12.332046272825196454
15.000000000000002498 12.432036353831924236
15.100000000000002504 12.53202709905678968
15.200000000000002509 12.632018464007811103
15.300000000000002515 12.732010407199148932
15.40000000000000252 12.832002889903953183
15.500000000000002526 12.931995876005460149
15.600000000000002531 13.031989331783199157
15.700000000000002537 13.131983225790689459
15.800000000000002542 13.231977528692352684
15.900000000000002548 13.331972213094065687
16.000000000000002554 13.43196725345726047
16.100000000000002559 13.53196262594254216
16.200000000000002565 13.631958308308432382
16.30000000000000257 13.731954279822109616
16.400000000000002576 13.831950521100786208
16.500000000000002581 13.931947014061005956
16.600000000000002587 14.031943741894284584
16.700000000000002592 14.131940688843123367
16.800000000000002598 14.231937840259969531
16.900000000000002603 14.331935182426443117
17.000000000000002609 14.431932702561902068
17.100000000000002615 14.531930388761330495
17.20000000000000262 14.631928229920436706
17.300000000000002626 14.731926215661821281
17.400000000000002631 14.831924336286523827
17.500000000000002637 14.931922582762344513
17.600000000000002642 15.031920946662381353
17.700000000000002648 15.131919420095010662
17.800000000000002653 15.231917995821680694
17.900000000000002659 15.331916666861464811
18.000000000000002665 15.431915426930264457
18.10000000000000267 15.531914270005110031
18.200000000000002676 15.631913190576997494
18.300000000000002681 15.731912183491963907
18.400000000000002687 15.831911243731528493
18.500000000000002692 15.931910366952497028
18.600000000000002698 16.031909548939836455
18.700000000000002703 16.13190878569608403
18.800000000000002709 16.231908073510582426
18.900000000000002714 16.331907409004452626
19.00000000000000272 16.431906789016642957
19.100000000000002726 16.531906210592006538
19.200000000000002731 16.631905670909126487
19.300000000000002737 16.731905167261929352
19.400000000000002742 16.831904697456511623
19.500000000000002748 16.931904259131456123
19.600000000000002753 17.031903850088165209
19.700000000000002759 17.131903468500116093
19.800000000000002764 17.231903112297346801
19.90000000000000277 17.331902780038721746
20.000000000000002776 17.431902470142999918
20.100000000000002781 17.53190218090233827
20.200000000000002787 17.63190191108988879
20.300000000000002792 17.731901659238222054
20.400000000000002798 17.831901424203917816
20.500000000000002803 17.931901205140443232
20.600000000000002809 18.031901000670771294
20.700000000000002814 18.131900809702280613
20.80000000000000282 18.231900631752644764
20.900000000000002826 18.331900465620928574
21.000000000000002831 18.431900310774800159
