404
-20.999999999999999389 -106.02272007649996295
-20.899999999999999384 -105.522720076499941
-20.799999999999999378 -105.02272007649991539
-20.699999999999999373 -104.52272007649989055
-20.599999999999999367 -104.02272007649986485
-20.499999999999999362 -103.5227200764998338
-20.399999999999999356 -103.022720076499795
-20.299999999999999351 -102.52272007649975393
-20.199999999999999345 -102.02272007649969987
-20.099999999999999339 -101.52272007649964883
-19.999999999999999334 -101.02272007649958469
-19.899999999999999328 -100.52272007649950433
-19.799999999999999323 -100.02272007649941934
-19.699999999999999317 -99.522720076499323034
-19.599999999999999312 -99.02272007649920754
-19.499999999999999306 -98.522720076499079998
-19.399999999999999301 -98.022720076498933505
-19.299999999999999295 -97.522720076498758139
-19.199999999999999289 -97.022720076498564255
-19.099999999999999284 -96.522720076498337753
-18.999999999999999278 -96.022720076498078889
-18.899999999999999273 -95.522720076497782712
-18.799999999999999267 -95.022720076497440248
-18.699999999999999262 -94.522720076497043752
-18.599999999999999256 -94.022720076496592599
-18.499999999999999251 -93.52272007649607284
-18.399999999999999245 -93.02272007649547643
-18.299999999999999239 -92.522720076494791976
-18.199999999999999234 -92.022720076494009009
-18.099999999999999228 -91.522720076493103657
-17.999999999999999223 -91.022720076492064059
-17.899999999999999217 -90.522720076490871381
-17.799999999999999212 -90.022720076489502241
-17.699999999999999206 -89.522720076487930935
-17.599999999999999201 -89.022720076486122166
-17.499999999999999195 -88.522720076484043697
-17.39999999999999919 -88.022720076481658942
-17.299999999999999184 -87.52272007647892165
-17.199999999999999178 -87.022720076475773745
-17.099999999999999173 -86.522720076472159074
-16.999999999999999167 -86.022720076468012997
-16.899999999999999162 -85.522720076463239593
-16.799999999999999156 -85.022720076457756427
-16.699999999999999151 -84.522720076451468829
-16.599999999999999145 -84.022720076444236918
-16.49999999999999914 -83.522720076435933506
-16.399999999999999134 -83.022720076426388558
-16.299999999999999128 -82.522720076415436901
-16.199999999999999123 -82.022720076402852025
-16.099999999999999117 -81.522720076388395416
-15.999999999999999112 -81.022720076371785361
-15.899999999999999106 -80.522720076352709274
-15.799999999999999101 -80.022720076330791327
-15.699999999999999095 -79.522720076305622209
-15.59999999999999909 -79.022720076276698407
-15.499999999999999084 -78.522720076243487179
-15.399999999999999079 -78.02272007620533491
-15.299999999999999073 -77.522720076161503894
-15.199999999999999067 -77.022720076111159545
-15.099999999999999062 -76.522720076053328241
-14.999999999999999056 -76.022720075986892447
-14.899999999999999051 -75.522720075910584927
-14.799999999999999045 -75.022720075822929376
-14.69999999999999904 -74.522720075722234789
-14.599999999999999034 -74.022720075606570987
-14.499999999999999029 -73.522720075473708763
-14.399999999999999023 -73.022720075321084885
-14.299999999999999017 -72.522720075145769749
-14.199999999999999012 -72.022720074944391454
-14.099999999999999006 -71.522720074713062244
-13.999999999999999001 -71.022720074447337041
-13.899999999999998995 -70.522720074142096036
-13.79999999999999899 -70.022720073791469876
-13.699999999999998984 -69.522720073388703316
-13.599999999999998979 -69.022720072926042897
-13.499999999999998973 -68.522720072394591139
-13.399999999999998967 -68.022720071784112855
-13.299999999999998962 -67.522720071082856131
-13.199999999999998956 -67.022720070277320965
-13.099999999999998951 -66.522720069352008681
-12.999999999999998945 -66.022720068289105484
-12.89999999999999894 -65.522720067068146
-12.799999999999998934 -65.022720065665628187
-12.699999999999998929 -64.522720064054564736
-12.599999999999998923 -64.022720062203938243
-12.499999999999998918 -63.522720060078125618
-12.399999999999998912 -63.022720057636214333
-12.299999999999998906 -62.522720054831185257
-12.199999999999998901 -62.022720051609051705
-12.099999999999998895 -61.522720047907794207
-11.99999999999999889 -61.02272004365617057
-11.899999999999998884 -60.522720038772335133
-11.799999999999998879 -60.022720033162281191
-11.699999999999998873 -59.522720026718016088
-11.599999999999998868 -59.022720019315508936
-11.499999999999998862 -58.522720010812263199
-11.399999999999998856 -58.022720001044585874
-11.299999999999998851 -57.522719989824477734
-11.199999999999998845 -57.02271997693595885
-11.09999999999999884 -56.522719962130936191
-10.999999999999998834 -56.022719945124426925
-10.899999999999998829 -55.522719925589082699
-10.799999999999998823 -55.022719903148866819
-10.699999999999998818 -54.522719877371822554
-10.599999999999998812 -54.022719847761773134
-10.499999999999998807 -53.522719813748755162
-10.399999999999998801 -53.02271977467806034
-10.299999999999998795 -52.522719729797602332
-10.19999999999999879 -52.022719678243506162
-10.099999999999998784 -51.522719619023385576
-9.9999999999999987788 -51.022719550997325717
-9.8999999999999987732 -50.522719472855895147
-9.7999999999999987677 -50.022719383094951368
-9.6999999999999987621 -49.522719279986690467
-9.5999999999999987566 -49.022719161546374209
-9.499999999999998751 -48.522719025494157599
-9.3999999999999987454 -48.02271886921115956
-9.2999999999999987399 -47.522718689689094456
-9.1999999999999987343 -47.02271848347233586
-9.0999999999999987288 -46.522718246591400771
-8.9999999999999987232 -46.022717974486555957
-8.8999999999999987177 -45.522717661920032862
-8.7999999999999987121 -45.022717302875202497
-8.6999999999999987066 -44.522716890440752671
-8.599999999999998701 -44.022716416677658957
-8.4999999999999986955 -43.522715872466354285
-8.3999999999999986899 -43.022715247331165604
-8.2999999999999986844 -42.522714529238684585
-8.1999999999999986788 -42.02271370436605987
-8.0999999999999986733 -41.522712756834969342
-7.9999999999999986677 -41.022711668405884607
-7.8999999999999986622 -40.522710418126973071
-7.7999999999999986566 -40.022708981930730228
-7.6999999999999986511 -39.522707332170613404
-7.5999999999999986455 -39.022705437088788496
-7.49999999999999864 -38.522703260204725273
-7.3999999999999986344 -38.022700759612720489
-7.2999999999999986289 -37.52269788717512334
-7.1999999999999986233 -37.022694587595382311
-7.0999999999999986178 -36.52269079735322505
-6.9999999999999986122 -36.022686443481465206
-6.8999999999999986067 -35.522681442160744416
-6.7999999999999986011 -35.022675697105153937
-6.6999999999999985956 -34.522669097707607771
-6.59999999999999859 -34.022661516909176951
-6.4999999999999985845 -33.522652808751179824
-6.3999999999999985789 -33.022642805562801458
-6.2999999999999985734 -32.522631314729918393
-6.1999999999999985678 -32.02261811498252086
-6.0999999999999985623 -31.52260295212903493
-5.9999999999999985567 -31.022585534154839403
-5.8999999999999985512 -30.522565525589997486
-5.7999999999999985456 -30.022542541036865581
-5.6999999999999985401 -29.52251613773195164
-5.5999999999999985345 -29.022485806997158587
-5.499999999999998529 -28.522450964414011622
-5.3999999999999985234 -28.02241093852890641
-5.2999999999999985179 -27.522364957868629702
-5.1999999999999985123 -27.022312136011377929
-5.0999999999999985068 -26.522251454419996998
-4.9999999999999985012 -26.022181742698680447
-4.8999999999999984956 -25.522101655882658605
-4.7999999999999984901 -25.022009648309371669
-4.6999999999999984845 -24.521903943549627925
-4.599999999999998479 -24.021782499795327926
-4.4999999999999984734 -23.521642970004827419
-4.3999999999999984679 -23.021482655995725532
-4.2999999999999984623 -22.521298455544340542
-4.1999999999999984568 -22.021086801398171106
-4.0999999999999984512 -21.520843590927494884
-3.9999999999999984457 -21.020564104929642004
-3.8999999999999984401 -20.520242913847643387
-3.7999999999999984346 -20.019873769365586002
-3.699999999999998429 -19.519449478985337788
-3.5999999999999984235 -19.018961760760623214
-3.4999999999999984179 -18.518401074847234681
-3.3999999999999984124 -18.017756427901699109
-3.2999999999999984068 -17.517015145596908712
-3.1999999999999984013 -17.016162607585902524
-3.0999999999999983957 -16.515181938087903623
-2.9999999999999983902 -16.014053643831405242
-2.8999999999999983846 -15.512755189284936432
-2.7999999999999983791 -15.011260496828031552
-2.6999999999999983735 -14.509539356612064955
-2.599999999999998368 -14.007556727130738213
-2.4999999999999983624 -13.505271902682250408
-2.3999999999999983569 -13.002637517569383379
-2.2999999999999983513 -12.499598348501912111
-2.1999999999999983458 -11.996089865459042357
-2.0999999999999983402 -11.492036466119193439
-1.9999999999999983347 -10.9873493082444863
-1.8999999999999983291 -10.481923625727498884
-1.7999999999999983236 -9.9756353738105495178
-1.699999999999998318 -9.4683369919125990773
-1.5999999999999983125 -8.9598519903689024377
-1.4999999999999983069 -8.4499679475707928753
-1.3999999999999983014 -7.938427326721536026
-1.2999999999999982958 -7.4249152553710032898
-1.1999999999999982903 -6.9090430057432943439
-1.0999999999999982847 -6.3903252877016370689
-0.99999999999999827915 -5.8681484836241970665
1.0 -5.8681484836241970665
1.1000000000000017264 -5.3760082600052961944
1.2000000000000017319 -4.9402114368809269531
1.3000000000000017375 -4.5513300710856176722
1.4000000000000017431 -4.2020623365612815796
1.5000000000000017486 -3.8866436384004584992
1.6000000000000017542 -3.6004480981161337929
1.7000000000000017597 -3.3397109132461817839
1.8000000000000017653 -3.1013300168034707129
1.9000000000000017708 -2.8827212653418252519
2.0000000000000017764 -2.6817106785100151696
2.1000000000000017819 -2.4964529038231218146
2.2000000000000017875 -2.3253686178080815319
2.300000000000001793 -2.1670958471389967998
2.4000000000000017986 -2.020451687515623892
2.5000000000000018041 -1.884401901371837586
2.6000000000000018097 -1.7580365624321957922
2.7000000000000018152 -1.6405503939633675592
2.8000000000000018208 -1.5312267869814755954
2.9000000000000018263 -1.4294247290824355479
3.0000000000000018319 -1.3345680531738129872
3.1000000000000018374 -1.2461365477380094454
3.200000000000001843 -1.1636585696065117364
3.3000000000000018485 -1.0867048757046999804
3.4000000000000018541 -1.0148834482093939561
3.42 -1.00110289429883
3.425 1.00231646078889
3.5000000000000018596 1.0541220292500683123
3.6000000000000018652 1.1246955937331735237
3.7000000000000018707 1.1969133782657029303
3.8000000000000018763 1.270700782442724497
3.9000000000000018818 1.3459846777400580662
4.0000000000000018874 1.4226936044117408684
4.1000000000000018929 1.5007579388356647133
4.2000000000000018985 1.5801100329124786842
4.300000000000001904 1.6606843272357461018
4.4000000000000019096 1.742417439845376894
4.5000000000000019151 1.8252482324436833152
4.6000000000000019207 1.9091178559910017403
4.7000000000000019262 1.9939697776057655282
4.8000000000000019318 2.0797497906733430843
4.9000000000000019373 2.1664060100227518526
5.0000000000000019429 2.2538888539633428859
5.1000000000000019484 2.3421510148896546398
5.200000000000001954 2.4311474200652452553
5.3000000000000019595 2.5208351840894306041
5.4000000000000019651 2.6111735544381954229
5.5000000000000019706 2.7021238513547175479
5.6000000000000019762 2.7936494032488775513
5.7000000000000019817 2.8857154786506985968
5.8000000000000019873 2.9782892156520170146
5.9000000000000019929 3.0713395496644731899
6.0000000000000019984 3.16483714022182283
6.100000000000002004 3.2587542974606986945
6.2000000000000020095 3.3530649088271412533
6.3000000000000020151 3.4477443664762206122
6.4000000000000020206 3.5427694957592123929
6.5000000000000020262 3.6381184851271588056
6.6000000000000020317 3.7337708177199488452
6.7000000000000020373 3.829707204857692826
6.8000000000000020428 3.9259095216039620912
6.9000000000000020484 4.0223607445295071812
7.0000000000000020539 4.1190448917687976964
7.1000000000000020595 4.2159469654305228286
7.200000000000002065 4.3130528963963142982
7.3000000000000020706 4.4103494915187179739
7.4000000000000020761 4.5078243832101566609
7.5000000000000020817 4.6054659813981738885
7.6000000000000020872 4.7032634278082533967
7.7000000000000020928 4.8012065525253217492
7.8000000000000020983 4.8992858327755269517
7.9000000000000021039 4.9974923538624215163
8.0000000000000021094 5.0958177721875072969
8.100000000000002115 5.1942542802804413323
8.2000000000000021205 5.2927945737608347054
8.3000000000000021261 5.3914318201539485272
8.4000000000000021316 5.4901596294790406092
8.5000000000000021372 5.5889720265323319827
8.6000000000000021427 5.6878634247837122963
8.7000000000000021483 5.7868286018105229746
8.8000000000000021538 5.8858626761911890841
8.9000000000000021594 5.9849610857843244163
9.0000000000000021649 6.0841195673211879802
9.1000000000000021705 6.1833341372403024532
9.200000000000002176 6.2826010736984851379
9.3000000000000021816 6.3819168996908412957
9.4000000000000021871 6.4812783672194521526
9.5000000000000021927 6.5806824424499734167
9.6000000000000021982 6.6801262917990977166
9.7000000000000022038 6.7796072688990095218
9.8000000000000022093 6.8791229023864105993
9.9000000000000022149 6.9786708844685612507
10.00000000000000222 7.0782490602166784701
10.100000000000002226 7.1778554175463045127
10.200000000000002232 7.2774880778396487561
10.300000000000002237 7.3771452871726827688
10.400000000000002243 7.4768254081069715019
10.500000000000002248 7.576526912014869263
10.600000000000002254 7.6762483719014123598
10.700000000000002259 7.7759884556925906934
10.800000000000002265 7.875745919961985631
10.90000000000000227 7.9755196040659166309
11.000000000000002276 8.0753084246617324823
11.100000000000002282 8.1751113705876582644
11.200000000000002287 8.2749274980745357377
11.300000000000002293 8.3747559262761303157
11.400000000000002298 8.474595833089592431
11.500000000000002304 8.5744464512542273288
11.600000000000002309 8.6743070647057801932
11.700000000000002315 8.7741770051723527254
11.80000000000000232 8.8740556489938369164
11.900000000000002326 8.9739424141531739576
12.000000000000002331 9.0738367575030552916
12.100000000000002337 9.173738172177496779
12.200000000000002343 9.2736461851706426549
12.300000000000002348 9.373560355086607488
12.400000000000002354 9.4734802700244104767
12.500000000000002359 9.573405545613333379
12.600000000000002365 9.6733358231799517539
12.70000000000000237 9.7732707680258425529
12.800000000000002376 9.8732100678332344112
12.900000000000002381 9.973153431169956003
13.000000000000002387 10.073100586092138978
13.100000000000002393 10.173051278844402262
13.200000000000002398 10.273005272642865043
13.300000000000002404 10.372962346544753859
13.400000000000002409 10.472922294390793853
13.500000000000002415 10.572884923806483032
13.60000000000000242 10.672850055295049295
13.700000000000002426 10.772817521367482038
13.800000000000002431 10.872787165743138143
13.900000000000002437 10.972758842596627823
14.000000000000002442 11.072732415868703322
14.100000000000002448 11.172707758594636812
14.200000000000002454 11.272684752317401722
14.300000000000002459 11.37266328650694708
14.400000000000002465 11.472643258019789419
14.50000000000000247 11.572624570634307037
14.600000000000002476 11.672607134551196429
14.700000000000002481 11.772590866001742831
14.800000000000002487 11.872575686808231117
14.900000000000002492 11.972561524030186435
15.000000000000002498 12.072548309618391156
15.100000000000002504 12.172535980068341643
15.200000000000002509 12.272524476135445363
15.300000000000002515 12.372513742539821816
15.40000000000000252 12.472503727696603277
15.500000000000002526 12.572494383473287494
15.600000000000002531 12.672485664983820423
15.700000000000002537 12.77247753031264004
15.800000000000002542 12.872469940361874771
15.900000000000002548 12.972462858670851604
16.000000000000002554 13.072456251202548912
16.100000000000002559 13.172450086199290325
16.200000000000002565 13.272444334045205845
16.30000000000000257 13.372438967062804451
16.400000000000002576 13.472433959490657521
16.500000000000002581 13.57242928725061802
16.600000000000002587 13.672424927901735427
16.700000000000002592 13.772420860464547679
16.800000000000002598 13.872417065398723808
16.900000000000002603 13.972413524489388486
17.000000000000002609 14.07241022069299761
17.100000000000002615 14.172407138112413206
17.20000000000000262 14.272404261982283875
17.300000000000002626 14.372401578455959378
17.400000000000002631 14.472399074644218728
17.500000000000002637 14.572396738474512117
17.600000000000002642 14.6723945587750419
17.700000000000002648 14.77239252503783081
17.800000000000002653 14.872390627497116857
17.900000000000002659 14.97238885698776996
18.000000000000002665 15.072387205100444567
18.10000000000000267 15.172385663775938982
18.200000000000002676 15.272384225725851714
18.300000000000002681 15.372382883942176729
18.400000000000002687 15.472381631988016009
18.500000000000002692 15.572380463966418235
18.600000000000002698 15.672379374074716668
18.700000000000002703 15.772378357230360438
18.800000000000002709 15.872377408381817232
18.900000000000002714 15.972376523163234304
19.00000000000000272 16.072375697243030819
19.100000000000002726 16.17237492654110809
19.200000000000002731 16.272374207473593953
19.300000000000002737 16.372373536653735117
19.400000000000002742 16.472372910689805969
19.500000000000002748 16.572372326640625373
19.600000000000002753 16.672371781690311431
19.700000000000002759 16.772371273277864946
19.800000000000002764 16.872370798783045186
19.90000000000000277 16.972370356151375239
20.000000000000002776 17.07236994314992198
20.100000000000002781 17.172369557820475126
20.200000000000002787 17.272369198316455617
20.300000000000002792 17.372368863032224782
20.400000000000002798 17.472368549896502492
20.500000000000002803 17.572368257959792929
20.600000000000002809 17.672367985588432565
20.700000000000002814 17.772367731193539477
20.80000000000000282 17.872367494211372799
20.900000000000002826 17.972367272608953974
21.000000000000002831 18.072367066360503899
